                   1              -0.392              -0.392                   0
                   2           -0.392384           -0.392192            0.000192
                   3           -0.393624           -0.392669         0.000490036
                   4           -0.391496           -0.392376         0.000453996
                   5            -0.39384           -0.392669         0.000457601
                   6           -0.395776           -0.393187         0.000638581
                   7           -0.395472           -0.393513         0.000630763
                   8           -0.394416           -0.393626         0.000557793
                   9           -0.396744           -0.393972         0.000601678
                  10           -0.391976           -0.393773         0.000573996
                  11           -0.394544           -0.393843         0.000523911
                  12           -0.393424           -0.393808         0.000479535
                  13           -0.395184           -0.393914          0.00045363
                  14           -0.394352           -0.393945         0.000421144
                  15           -0.395328           -0.394037         0.000402757
                  16            -0.39608           -0.394165         0.000397788
                  17           -0.397608           -0.394368         0.000425015
                  18           -0.392848           -0.394283         0.000409503
                  19           -0.393472            -0.39424         0.000389697
                  20            -0.39224            -0.39414          0.00038299
                  21             -0.3956            -0.39421         0.000370867
                  22              -0.393           -0.394155         0.000357859
                  23            -0.39432           -0.394162         0.000342022
                  24           -0.393848           -0.394149         0.000327722
                  25           -0.396744           -0.394253         0.000331035
                  26           -0.391016           -0.394128         0.000341545
                  27           -0.394736           -0.394151         0.000329422
                  28           -0.394624           -0.394168         0.000317888
                  29           -0.393472           -0.394144         0.000307667
                  30           -0.395944           -0.394204         0.000303232
                  31           -0.393656           -0.394186         0.000293819
                  32           -0.395328           -0.394222         0.000286719
                  33           -0.394816            -0.39424         0.000278477
                  34           -0.393512           -0.394218         0.000271009
                  35           -0.394968            -0.39424         0.000264022
                  36           -0.396184           -0.394294         0.000262206
                  37           -0.398264           -0.394401         0.000276676
                  38           -0.394328           -0.394399         0.000269303
                  39           -0.392408           -0.394348          0.00026723
                  40            -0.39408           -0.394341          0.00026055
                   1           -0.392512           -0.392512                   0
                   2            -0.39296           -0.392736            0.000224
                   3           -0.392392           -0.392621          0.00017284
                   4           -0.394264           -0.393032         0.000428467
                   5           -0.393536           -0.393133         0.000346859
                   6           -0.397184           -0.393808          0.00073219
                   7           -0.395424           -0.394039         0.000660474
                   8           -0.393624           -0.393987         0.000574333
                   9           -0.396136           -0.394226         0.000559974
                  10           -0.390904           -0.393894         0.000600998
                  11           -0.396216           -0.394105         0.000583182
                  12           -0.394576           -0.394144         0.000533816
                  13           -0.395888           -0.394278         0.000509036
                  14           -0.394128           -0.394267         0.000471397
                  15           -0.393416           -0.394211         0.000442503
                  16            -0.39728           -0.394403         0.000456216
                  17           -0.394792           -0.394425         0.000429152
                  18           -0.391456            -0.39426         0.000436946
                  19           -0.394568           -0.394277         0.000413627
                  20           -0.393192           -0.394222         0.000396131
                  21           -0.394992           -0.394259         0.000378573
                  22           -0.393384           -0.394219          0.00036314
                  23           -0.394936            -0.39425         0.000348389
                  24           -0.392768           -0.394189         0.000339228
                  25           -0.394112           -0.394186         0.000325391
                  26           -0.390728           -0.394053         0.000339734
                  27           -0.394136           -0.394056         0.000326924
                  28           -0.394832           -0.394083          0.00031625
                  29             -0.3924           -0.394025         0.000310622
                  30           -0.394104           -0.394028         0.000300101
                  31           -0.393336           -0.394006         0.000291116
                  32           -0.394688           -0.394027         0.000282677
                  33           -0.394352           -0.394037         0.000274154
                  34           -0.393544           -0.394022         0.000266363
                  35           -0.392776           -0.393987         0.000261081
                  36           -0.397896           -0.394095         0.000275986
                  37           -0.395672           -0.394138         0.000271785
                  38           -0.393768           -0.394128         0.000264715
                  39           -0.393376           -0.394109         0.000258558
                  40           -0.393816           -0.394102         0.000252118
