                   1             0.96631             0.96631                   0
                   2            0.966038            0.966174         0.000135849
                   3            0.961612            0.964654          0.00152268
                   4            0.973507            0.966867          0.00246138
                   5            0.965604            0.966614          0.00192323
                   6            0.953021            0.964349          0.00275658
                   7            0.945978            0.961724          0.00350928
                   8            0.934537            0.958326          0.00455913
                   9            0.936919            0.955947          0.00467162
                  10             0.94173            0.954526          0.00441368
                  11            0.963235            0.955318          0.00407009
                  12            0.972007            0.956708          0.00396723
                  13             1.00856            0.960697          0.00540612
                  14            0.936275            0.958952          0.00530037
                  15            0.982846            0.960545          0.00518511
                  16            0.965167            0.960834          0.00485882
                  17            0.936119             0.95938          0.00479003
                  18            0.928358            0.957657          0.00483378
                  19            0.965744            0.958082          0.00459207
                  20            0.967013            0.958529          0.00437924
                  21            0.967774            0.958969          0.00418869
                  22            0.979554            0.959905           0.0041019
                  23            0.988087             0.96113          0.00410656
                  24            0.955486            0.960895          0.00393876
                  25            0.943938            0.960217          0.00383833
                  26            0.968758            0.960545          0.00370235
                  27            0.955915            0.960374          0.00356672
                  28             0.96814            0.960651          0.00344815
                  29            0.930803            0.959622          0.00348269
                  30            0.933126            0.958739          0.00347858
                  31            0.957876            0.958711          0.00336462
                  32            0.956802            0.958651          0.00325832
                  33            0.961335            0.958732          0.00315909
                  34            0.946904            0.958385          0.00308445
                  35            0.918126            0.957234           0.0032083
                  36            0.973418            0.957684          0.00315015
                  37             1.00853            0.959058           0.0033579
                  38            0.962499            0.959149           0.0032696
                  39            0.982296            0.959742          0.00323949
                  40            0.959361            0.959733          0.00315748
                   1             0.96411             0.96411                   0
                   2            0.984238            0.974174           0.0100637
                   3            0.947445            0.965264           0.0106368
                   4            0.970465            0.966564           0.0076329
                   5            0.962184            0.965688          0.00597699
                   6            0.952596            0.963506          0.00534581
                   7            0.958939            0.962854          0.00456489
                   8            0.938466            0.959805          0.00499219
                   9            0.949209            0.958628           0.0045574
                  10            0.952557            0.958021          0.00412122
                  11            0.973755            0.959451          0.00399278
                  12            0.972311            0.960523          0.00379916
                  13            0.999132            0.963493          0.00458624
                  14            0.927339             0.96091          0.00496968
                  15            0.986653            0.962626          0.00493456
                  16            0.974344            0.963359          0.00467359
                  17            0.942715            0.962144          0.00455492
                  18            0.949828             0.96146          0.00434859
                  19            0.959621            0.961363           0.0041145
                  20            0.963133            0.961452          0.00390436
                  21            0.963002            0.961526          0.00371452
                  22            0.983369            0.962519          0.00367819
                  23             1.00328            0.964291          0.00393624
                  24            0.958392            0.964045          0.00377667
                  25            0.925615            0.962508          0.00393513
                  26            0.964208            0.962573          0.00378132
                  27            0.961838            0.962546          0.00363868
                  28            0.961067            0.962493          0.00350671
                  29            0.930111            0.961377          0.00356313
                  30            0.933591             0.96045          0.00356473
                  31            0.959912            0.960433          0.00344787
                  32            0.947589            0.960032          0.00336243
                  33            0.959312             0.96001          0.00325902
                  34            0.941227            0.959457          0.00320961
                  35             0.92168            0.958378          0.00329817
                  36            0.971611            0.958746          0.00322625
                  37             1.01226            0.960192           0.0034551
                  38             0.95683            0.960103          0.00336412
                  39            0.985043            0.960743          0.00333854
                  40            0.972342            0.961033           0.0032669
