                   1           -0.761352           -0.761352                   0
                   2            -0.76184           -0.761596            0.000244
                   3           -0.764936           -0.762709          0.00112221
                   4           -0.756584           -0.761178          0.00172472
                   5             -0.7628           -0.761502          0.00137478
                   6            -0.76132           -0.761472          0.00112292
                   7           -0.763872           -0.761815          0.00100907
                   8           -0.763168           -0.761984           0.0008901
                   9           -0.762536           -0.762045         0.000787387
                  10            -0.76632           -0.762473         0.000823839
                  11           -0.760224           -0.762268         0.000772724
                  12           -0.766456           -0.762617         0.000786998
                  13           -0.759304           -0.762362         0.000767488
                  14           -0.762296           -0.762358         0.000710572
                  15           -0.757624           -0.762042         0.000732927
                  16           -0.760608           -0.761953         0.000691425
                  17           -0.760448           -0.761864         0.000655483
                  18           -0.759904           -0.761755         0.000627515
                  19           -0.762168           -0.761777         0.000593967
                  20           -0.763624           -0.761869         0.000571005
                  21           -0.763056           -0.761926         0.000546067
                  22           -0.759176           -0.761801         0.000535446
                  23           -0.765352           -0.761955         0.000534427
                  24           -0.759272           -0.761843         0.000523746
                  25           -0.764824           -0.761963         0.000516314
                  26           -0.759912           -0.761884         0.000502289
                  27           -0.760168            -0.76182         0.000487487
                  28           -0.760152           -0.761761         0.000473517
                  29           -0.767168           -0.761947         0.000493481
                  30            -0.76292           -0.761979          0.00047785
                  31           -0.760664           -0.761937         0.000464122
                  32            -0.76816           -0.762132         0.000489657
                  33           -0.761064           -0.762099         0.000475688
                  34           -0.760976           -0.762066         0.000462666
                  35               -0.76           -0.762007         0.000453114
                  36           -0.762456            -0.76202         0.000440525
                  37            -0.76344           -0.762058          0.00043017
                  38           -0.761744            -0.76205         0.000418778
                  39           -0.762008           -0.762049           0.0004079
                  40           -0.761448           -0.762034         0.000397855
                   1           -0.761304           -0.761304                   0
                   2           -0.761704           -0.761504              0.0002
                   3           -0.765352           -0.762787          0.00128785
                   4           -0.756768           -0.761282          0.00175878
                   5            -0.76196           -0.761418          0.00136908
                   6           -0.761968           -0.761509           0.0011216
                   7           -0.763904           -0.761851          0.00100777
                   8           -0.763336           -0.762037         0.000892264
                   9           -0.762736           -0.762115         0.000790726
                  10            -0.76644           -0.762547         0.000829026
                  11               -0.76           -0.762316         0.000784821
                  12           -0.766448            -0.76266         0.000794905
                  13           -0.760056            -0.76246         0.000758146
                  14           -0.762944           -0.762494         0.000702759
                  15           -0.757408           -0.762155         0.000736885
                  16           -0.760352           -0.762042         0.000698445
                  17           -0.759672           -0.761903          0.00067073
                  18           -0.760264           -0.761812         0.000638893
                  19           -0.762152            -0.76183         0.000604597
                  20           -0.763608           -0.761919          0.00058042
                  21           -0.763184           -0.761979         0.000555367
                  22           -0.759424           -0.761863         0.000542109
                  23           -0.765856           -0.762037         0.000546322
                  24           -0.759496           -0.761931         0.000533668
                  25           -0.764936           -0.762051         0.000525802
                  26           -0.760776           -0.762002         0.000507549
                  27           -0.760376           -0.761942         0.000492087
                  28           -0.760728           -0.761898         0.000476164
                  29           -0.766992           -0.762074         0.000491881
                  30           -0.763152            -0.76211         0.000476559
                  31           -0.760864            -0.76207         0.000462678
                  32            -0.76752            -0.76224         0.000479272
                  33            -0.76036           -0.762183         0.000468002
                  34            -0.76076           -0.762141         0.000455954
                  35           -0.759888           -0.762077         0.000447391
                  36           -0.761992           -0.762074         0.000434792
                  37            -0.76388           -0.762123         0.000425684
                  38           -0.762136           -0.762124          0.00041433
                  39           -0.762256           -0.762127         0.000403581
                  40           -0.761056             -0.7621         0.000394272
                   1           -0.761352           -0.761352                   0
                   2            -0.76184           -0.761596            0.000244
                   3           -0.764936           -0.762709          0.00112221
                   4           -0.756584           -0.761178          0.00172472
                   5             -0.7628           -0.761502          0.00137478
                   6            -0.76132           -0.761472          0.00112292
                   7           -0.763872           -0.761815          0.00100907
                   8           -0.763168           -0.761984           0.0008901
                   9           -0.762536           -0.762045         0.000787387
                  10            -0.76632           -0.762473         0.000823839
                  11           -0.760224           -0.762268         0.000772724
                  12           -0.766456           -0.762617         0.000786998
                  13           -0.759304           -0.762362         0.000767488
                  14           -0.762296           -0.762358         0.000710572
                  15           -0.757624           -0.762042         0.000732927
                  16           -0.760608           -0.761953         0.000691425
                  17           -0.760448           -0.761864         0.000655483
                  18           -0.759904           -0.761755         0.000627515
                  19           -0.762168           -0.761777         0.000593967
                  20           -0.763624           -0.761869         0.000571005
                  21           -0.763056           -0.761926         0.000546067
                  22           -0.759176           -0.761801         0.000535446
                  23           -0.765352           -0.761955         0.000534427
                  24           -0.759272           -0.761843         0.000523746
                  25           -0.764824           -0.761963         0.000516314
                  26           -0.759912           -0.761884         0.000502289
                  27           -0.760168            -0.76182         0.000487487
                  28           -0.760152           -0.761761         0.000473517
                  29           -0.767168           -0.761947         0.000493481
                  30            -0.76292           -0.761979          0.00047785
                  31           -0.760664           -0.761937         0.000464122
                  32            -0.76816           -0.762132         0.000489657
                  33           -0.761064           -0.762099         0.000475688
                  34           -0.760976           -0.762066         0.000462666
                  35               -0.76           -0.762007         0.000453114
                  36           -0.762456            -0.76202         0.000440525
                  37            -0.76344           -0.762058          0.00043017
                  38           -0.761744            -0.76205         0.000418778
                  39           -0.762008           -0.762049           0.0004079
                  40           -0.761448           -0.762034         0.000397855
