                   1            0.172357            0.172357                   0
                   2            0.168466            0.170411          0.00194592
                   3            0.168603            0.169809          0.00127496
                   4            0.173156            0.170646           0.0012301
                   5            0.170445            0.170605         0.000953677
                   6            0.166813            0.169973           0.0010029
                   7            0.166872             0.16953         0.000956448
                   8            0.168078            0.169349         0.000847974
                   9            0.167932            0.169191         0.000764241
                  10            0.169643            0.169236         0.000685046
                  11            0.170171            0.169321         0.000625451
                  12            0.167272            0.169151         0.000595951
                  13            0.170614            0.169263         0.000559636
                  14            0.166489            0.169065         0.000554721
                  15              0.1728            0.169314         0.000573302
                  16            0.169814            0.169345         0.000537185
                  17            0.168954            0.169322         0.000505123
                  18            0.170471            0.169386         0.000480494
                  19            0.173149            0.169584          0.00049578
                  20            0.169946            0.169602         0.000470687
                  21            0.168632            0.169556         0.000450088
                  22            0.168273            0.169498         0.000433084
                  23            0.168326            0.169447         0.000416949
                  24            0.170446            0.169488         0.000401363
                  25            0.170048            0.169511         0.000385624
                  26            0.171037             0.16957         0.000375117
                  27            0.169586             0.16957         0.000360957
                  28            0.168377            0.169528         0.000350427
                  29            0.170046            0.169545         0.000338601
                  30            0.169242            0.169535         0.000327275
                  31            0.169425            0.169532         0.000316562
                  32             0.17146            0.169592         0.000312379
                  33            0.167646            0.169533         0.000308454
                  34            0.166601            0.169447         0.000311422
                  35            0.167525            0.169392         0.000307337
                  36            0.168713            0.169373         0.000299274
                  37            0.169483            0.169376         0.000291088
                  38             0.16706            0.169315         0.000289808
                  39              0.1714            0.169368         0.000287299
                  40            0.164673            0.169251         0.000303634
                   1            0.168424            0.168424                   0
                   2            0.171508            0.169966          0.00154205
                   3            0.166225            0.168719          0.00153219
                   4            0.167698            0.168464          0.00111306
                   5            0.170731            0.168917         0.000974132
                   6            0.164856             0.16824          0.00104442
                   7            0.169894            0.168477         0.000913749
                   8            0.165715            0.168131         0.000863344
                   9            0.167681            0.168081         0.000763042
                  10            0.168588            0.168132         0.000684366
                  11            0.168176            0.168136         0.000619045
                  12            0.170979            0.168373         0.000612765
                  13            0.171191             0.16859         0.000603898
                  14              0.1689            0.168612          0.00055954
                  15            0.169916            0.168699         0.000528107
                  16            0.168545            0.168689         0.000494092
                  17             0.17229            0.168901         0.000510178
                  18            0.171431            0.169042         0.000501122
                  19            0.171608            0.169177         0.000492883
                  20            0.168341            0.169135         0.000469453
                  21            0.168707            0.169115         0.000447004
                  22            0.168748            0.169098         0.000426527
                  23            0.171788            0.169215         0.000424017
                  24            0.171517            0.169311         0.000417144
                  25            0.167307            0.169231         0.000408061
                  26            0.167271            0.169155         0.000399234
                  27            0.169263            0.169159         0.000384184
                  28            0.168341             0.16913          0.00037136
                  29             0.17427            0.169307         0.000399768
                  30            0.174181             0.16947         0.000418995
                  31            0.167618             0.16941         0.000409634
                  32            0.171183            0.169465         0.000400478
                  33            0.165853            0.169356         0.000403291
                  34            0.168183            0.169321         0.000392767
                  35            0.170282            0.169349         0.000382366
                  36            0.166997            0.169284         0.000377293
                  37            0.167755            0.169242         0.000369273
                  38            0.165951            0.169156         0.000369715
                  39            0.163185            0.169003         0.000391305
                  40            0.164023            0.168878         0.000401202
