                   1            -0.85056            -0.85056                   0
                   2           -0.848928           -0.849744            0.000816
                   3           -0.848832            -0.84944         0.000560685
                   4           -0.845432           -0.848438          0.00107758
                   5            -0.84936           -0.848622         0.000854819
                   6           -0.847488           -0.848433         0.000723112
                   7           -0.849504           -0.848586          0.00062999
                   8           -0.853896            -0.84925         0.000859175
                   9            -0.85076           -0.849418         0.000776074
                  10           -0.850912           -0.849567         0.000710042
                  11           -0.846776           -0.849313         0.000690566
                  12           -0.857688           -0.850011         0.000940444
                  13           -0.850216           -0.850027         0.000865226
                  14           -0.849408           -0.849983         0.000802264
                  15           -0.843632           -0.849559         0.000858527
                  16           -0.851624           -0.849688         0.000813379
                  17           -0.847392           -0.849553         0.000775887
                  18           -0.845432           -0.849324          0.00076651
                  19            -0.84968           -0.849343         0.000725287
                  20           -0.848016           -0.849277          0.00069126
                  21            -0.84828           -0.849229         0.000659231
                  22           -0.852488           -0.849377         0.000645769
                  23           -0.849264           -0.849373         0.000617073
                  24             -0.8456           -0.849215         0.000611356
                  25           -0.849112           -0.849211         0.000586407
                  26           -0.849064           -0.849206          0.00056343
                  27            -0.84428           -0.849023         0.000572029
                  28           -0.847416           -0.848966         0.000554202
                  29           -0.850064           -0.849004         0.000536089
                  30            -0.84568           -0.848893         0.000529628
                  31           -0.849392           -0.848909         0.000512511
                  32           -0.851576           -0.848992         0.000503188
                  33            -0.84648           -0.848916         0.000493607
                  34           -0.849368           -0.848929         0.000479054
                  35           -0.848608            -0.84892         0.000465256
                  36             -0.8546           -0.849078         0.000478883
                  37           -0.849896             -0.8491         0.000466285
                  38           -0.848272           -0.849078         0.000454371
                  39           -0.850728           -0.849121         0.000444584
                  40           -0.848152           -0.849096         0.000434003
                   1           -0.850312           -0.850312                   0
                   2           -0.848616           -0.849464            0.000848
                   3            -0.84828           -0.849069         0.000628859
                   4           -0.845056           -0.848066          0.00109746
                   5           -0.849328           -0.848318         0.000886765
                   6           -0.847104           -0.848116         0.000751798
                   7            -0.85016           -0.848408          0.00069927
                   8            -0.85368           -0.849067         0.000894994
                   9           -0.850736           -0.849252         0.000810803
                  10           -0.850984           -0.849426          0.00074559
                  11           -0.846712           -0.849179         0.000718113
                  12           -0.857352            -0.84986         0.000945317
                  13           -0.850096           -0.849878         0.000869754
                  14           -0.848664           -0.849791         0.000809893
                  15           -0.843976           -0.849404         0.000847807
                  16           -0.851648           -0.849544          0.00080536
                  17           -0.847912           -0.849448         0.000762571
                  18           -0.844944           -0.849198         0.000761257
                  19           -0.849832           -0.849231         0.000720851
                  20           -0.848064           -0.849173         0.000686344
                  21           -0.848184           -0.849126          0.00065454
                  22           -0.852024           -0.849257         0.000637832
                  23           -0.849112           -0.849251         0.000609503
                  24           -0.845824           -0.849108         0.000600772
                  25            -0.84924           -0.849114         0.000576264
                  26           -0.849064           -0.849112          0.00055366
                  27           -0.844568           -0.848943         0.000558706
                  28            -0.84708           -0.848877          0.00054248
                  29           -0.849952           -0.848914         0.000524751
                  30             -0.8458            -0.84881         0.000517475
                  31           -0.849648           -0.848837         0.000501233
                  32           -0.852024           -0.848937         0.000495429
                  33           -0.846448           -0.848861         0.000486068
                  34           -0.849632           -0.848884           0.0004721
                  35           -0.848416           -0.848871         0.000458608
                  36           -0.855192           -0.849046          0.00047903
                  37           -0.849824           -0.849067         0.000466377
                  38           -0.848024            -0.84904         0.000454768
                  39           -0.850712           -0.849083         0.000445024
                  40           -0.848368           -0.849065         0.000434124
