                   1           -0.584656           -0.584656                   0
                   2           -0.583696           -0.584176             0.00048
                   3           -0.582352           -0.583568          0.00066818
                   4           -0.580472           -0.582794         0.000906812
                   5           -0.580352           -0.582306         0.000855523
                   6           -0.584728           -0.582709         0.000806813
                   7             -0.5858           -0.583151         0.000812346
                   8           -0.584472           -0.583316         0.000722635
                   9           -0.584424           -0.583439         0.000649086
                  10           -0.581368           -0.583232         0.000616397
                  11            -0.58216           -0.583135         0.000566005
                  12           -0.583416           -0.583158         0.000517222
                  13           -0.582832           -0.583133         0.000476435
                  14             -0.5854           -0.583295         0.000469879
                  15           -0.582584           -0.583247         0.000439993
                  16           -0.581896           -0.583163         0.000420154
                  17            -0.58284           -0.583144         0.000395123
                  18           -0.579624           -0.582948         0.000420734
                  19           -0.584984           -0.583056         0.000412142
                  20           -0.582664           -0.583036         0.000391483
                  21             -0.5826           -0.583015         0.000372953
                  22            -0.58284           -0.583007         0.000355686
                  23           -0.583672           -0.583036         0.000341096
                  24           -0.582736           -0.583024         0.000326814
                  25           -0.581816           -0.582975         0.000317169
                  26           -0.580128           -0.582866         0.000323808
                  27           -0.581928           -0.582831         0.000313514
                  28           -0.584776           -0.582901         0.000309992
                  29           -0.582288           -0.582879         0.000299857
                  30            -0.58052           -0.582801         0.000300175
                  31           -0.581272           -0.582751          0.00029449
                  32           -0.583576           -0.582777           0.0002863
                  33           -0.582088           -0.582756         0.000278274
                  34           -0.580088           -0.582678         0.000281141
                  35           -0.585864           -0.582769         0.000287768
                  36            -0.58288           -0.582772         0.000279678
                  37           -0.581904           -0.582749         0.000273024
                  38           -0.583936            -0.58278         0.000267573
                  39           -0.581128           -0.582737         0.000264041
                  40           -0.579352           -0.582653         0.000270915
                   1           -0.583496           -0.583496                   0
                   2           -0.583536           -0.583516               2e-05
                   3           -0.582408           -0.583147         0.000369514
                   4            -0.58132            -0.58269         0.000526132
                   5              -0.581           -0.582352         0.000529465
                   6           -0.583984           -0.582624         0.000510757
                   7           -0.584824           -0.582938          0.00053396
                   8           -0.583672            -0.58303          0.00047143
                   9           -0.584928           -0.583241         0.000466189
                  10           -0.581424           -0.583059         0.000454837
                  11           -0.583104           -0.583063         0.000411436
                  12            -0.58352           -0.583101         0.000377511
                  13           -0.582392           -0.583047          0.00035152
                  14            -0.58564           -0.583232         0.000374466
                  15             -0.5822           -0.583163         0.000355333
                  16           -0.582016           -0.583091         0.000340029
                  17           -0.581976           -0.583026         0.000326072
                  18           -0.580104           -0.582864         0.000347648
                  19           -0.586256           -0.583042         0.000374189
                  20           -0.583888           -0.583084         0.000357497
                  21           -0.583744           -0.583116         0.000341495
                  22           -0.583888           -0.583151          0.00032749
                  23           -0.583864           -0.583182         0.000314459
                  24           -0.583352           -0.583189         0.000301155
                  25            -0.58072            -0.58309         0.000305274
                  26           -0.579936           -0.582969         0.000317398
                  27            -0.58196           -0.582932         0.000307694
                  28           -0.585296           -0.583016         0.000308292
                  29           -0.582216           -0.582988         0.000298748
                  30           -0.580952           -0.582921         0.000296493
                  31           -0.581216           -0.582866         0.000291993
                  32           -0.583792           -0.582894         0.000284199
                  33           -0.582456           -0.582881         0.000275773
                  34           -0.580296           -0.582805         0.000278134
                  35           -0.585992           -0.582896         0.000285006
                  36           -0.583872           -0.582923         0.000278299
                  37           -0.582496           -0.582912          0.00027092
                  38           -0.582032           -0.582889         0.000264708
                  39             -0.5812           -0.582845         0.000261442
                  40           -0.579312           -0.582757         0.000269698
