                   1             5.37398             5.37398                   0
                   2              5.9987             5.68634            0.312362
                   3              5.7158             5.69616            0.180609
                   4             5.89655             5.74626            0.137185
                   5             5.76648              5.7503             0.10634
                   6              5.7669             5.75307             0.08687
                   7             5.43877             5.70817           0.0860598
                   8             5.43905             5.67453             0.08177
                   9             5.21598             5.62358           0.0882968
                  10             5.34185             5.59541           0.0838496
                  11             5.41835             5.57931           0.0775341
                  12             5.65998             5.58603           0.0710972
                  13             5.43706             5.57457           0.0663963
                  14             5.77764             5.58908           0.0631591
                  15             5.67077             5.59452           0.0590496
                  16              5.5342             5.59075           0.0553643
                  17             5.47236             5.58379             0.05247
                  18             5.96244             5.60483           0.0537561
                  19             5.57576              5.6033           0.0508712
                  20             5.55585             5.60092           0.0483189
                  21             5.68728             5.60504           0.0461441
                  22             5.54228             5.60218            0.044089
                  23             5.46926              5.5964           0.0425231
                  24             5.29942             5.58403           0.0425517
                  25             5.86983             5.59546            0.042385
                  26             5.49461             5.59158           0.0409065
                  27             5.57981             5.59115           0.0393648
                  28             5.79524             5.59844           0.0386268
                  29             5.65806             5.60049           0.0373277
                  30             5.26299             5.58924            0.037776
                  31             5.47228             5.58547           0.0367314
                  32             5.61516              5.5864           0.0355772
                  33             5.26306              5.5766           0.0358472
                  34             5.69837             5.58018           0.0349609
                  35             5.53801             5.57898           0.0339687
                  36             5.52747             5.57754           0.0330426
                  37             5.77555              5.5829           0.0325797
                  38             6.00553             5.59402           0.0336045
                  39             5.86703             5.60102           0.0334717
                  40             5.48698             5.59817           0.0327485
                   1              5.3436              5.3436                   0
                   2             5.96188             5.65274            0.309139
                   3             5.72763              5.6777            0.180219
                   4             5.92842             5.74038            0.142014
                   5             5.78784             5.74987            0.110413
                   6             5.76686              5.7527           0.0901961
                   7             5.48125             5.71392           0.0855266
                   8             5.43367             5.67889           0.0819347
                   9             5.25741             5.63206           0.0861083
                  10             5.31888             5.60074           0.0831417
                  11               5.403             5.58277           0.0773231
                  12             5.67449             5.59041           0.0709987
                  13             5.41499             5.57692           0.0666888
                  14             5.75679             5.58977           0.0630645
                  15             5.66084              5.5945           0.0589007
                  16             5.52677             5.59027            0.055259
                  17             5.48641             5.58416           0.0522651
                  18             5.92717             5.60322           0.0528323
                  19             5.58046             5.60202           0.0499887
                  20             5.56968              5.6004            0.047451
                  21             5.66023             5.60325           0.0452247
                  22             5.56989             5.60173           0.0431467
                  23             5.44167             5.59478           0.0418113
                  24             5.26304             5.58095           0.0423504
                  25             5.82058             5.59054           0.0417367
                  26             5.47305             5.58602           0.0403531
                  27             5.56321             5.58517            0.038839
                  28             5.79591              5.5927           0.0381754
                  29              5.6957             5.59625           0.0370063
                  30             5.25776             5.58497           0.0374898
                  31             5.46275             5.58103            0.036474
                  32             5.63108             5.58259           0.0353504
                  33             5.23035             5.57192           0.0358866
                  34             5.67125             5.57484           0.0349375
                  35             5.52393             5.57338           0.0339558
                  36             5.55639             5.57291           0.0330025
                  37             5.74438             5.57755            0.032431
                  38             5.96733              5.5878           0.0331908
                  39             5.90807             5.59602           0.0333552
                  40             5.53825             5.59457           0.0325427
