                   1             0.39115             0.39115                   0
                   2            0.407132            0.399141          0.00799062
                   3             0.37702            0.391767          0.00869808
                   4            0.411557            0.396715           0.0078933
                   5            0.402905            0.397953          0.00623821
                   6            0.394816             0.39743          0.00512023
                   7            0.401134            0.397959          0.00435962
                   8            0.384642            0.396294          0.00412623
                   9            0.392441            0.395866           0.0036641
                  10            0.392759            0.395555          0.00329196
                  11            0.408475             0.39673          0.00320094
                  12            0.398741            0.396898          0.00292685
                  13            0.382647            0.395801          0.00290693
                  14             0.40575            0.396512          0.00278353
                  15             0.39984            0.396734          0.00260081
                  16            0.388248            0.396203          0.00248998
                  17            0.411503            0.397103           0.0025061
                  18            0.386469            0.396513          0.00243553
                  19            0.396165            0.396494          0.00230385
                  20            0.383476            0.395843          0.00228048
                  21            0.395898            0.395846          0.00216918
                  22            0.398094            0.395948          0.00207075
                  23            0.403784            0.396289          0.00200779
                  24            0.395372            0.396251          0.00192269
                  25            0.399804            0.396393          0.00184965
                  26            0.395826            0.396371          0.00177722
                  27            0.393882            0.396279          0.00171261
                  28            0.394469            0.396214          0.00165158
                  29              0.3973            0.396252          0.00159405
                  30            0.390663            0.396065          0.00155122
                  31            0.391879             0.39593          0.00150642
                  32            0.414362            0.396506           0.0015682
                  33            0.383668            0.396117          0.00156893
                  34            0.416643            0.396721          0.00163744
                  35            0.399938            0.396813          0.00159262
                  36            0.417055            0.397375          0.00164673
                  37             0.40455            0.397569           0.0016133
                  38            0.401699            0.397678          0.00157402
                  39            0.405638            0.397882          0.00154666
                  40            0.405686            0.398077          0.00152007
                   1            0.392262            0.392262                   0
                   2            0.403735            0.397999          0.00573669
                   3            0.380515            0.392171          0.00670318
                   4            0.407589            0.396025          0.00610931
                   5            0.408172            0.398455          0.00531934
                   6            0.388795            0.396845          0.00463201
                   7            0.403722            0.397827          0.00403617
                   8             0.38059            0.395673          0.00410618
                   9            0.387684            0.394785           0.0037285
                  10            0.395136             0.39482          0.00333506
                  11             0.40902            0.396111          0.00328128
                  12            0.396165            0.396115          0.00299539
                  13            0.386241            0.395356          0.00285813
                  14            0.403714            0.395953          0.00271262
                  15            0.397198            0.396036          0.00252668
                  16            0.392953            0.395843          0.00237133
                  17            0.408141            0.396567            0.002342
                  18             0.38944            0.396171          0.00224327
                  19            0.400627            0.396405          0.00213485
                  20            0.384611            0.395816           0.0021094
                  21             0.40366            0.396189          0.00204091
                  22             0.39352            0.396068          0.00194971
                  23            0.403203            0.396378          0.00188866
                  24            0.390928            0.396151          0.00182246
                  25            0.397533            0.396206          0.00174892
                  26            0.403727            0.396495          0.00170502
                  27            0.397813            0.396544          0.00164138
                  28            0.394957            0.396487          0.00158269
                  29            0.397588            0.396525          0.00152761
                  30            0.398465             0.39659          0.00147723
                  31            0.396535            0.396588          0.00142878
                  32            0.412094            0.397073          0.00146582
                  33             0.38282            0.396641          0.00148491
                  34            0.420646            0.397347          0.00160429
                  35            0.403656            0.397527          0.00156817
                  36            0.418251            0.398103          0.00162909
                  37            0.407772            0.398364          0.00160586
                  38            0.404623            0.398529          0.00157168
                  39            0.412332            0.398883          0.00157123
                  40             0.40452            0.399024          0.00153791
