                   1           -0.682104           -0.682104                   0
                   2           -0.687328           -0.684716            0.002612
                   3           -0.683944           -0.684459          0.00152984
                   4           -0.677816           -0.682798          0.00198192
                   5           -0.681064           -0.682451          0.00157387
                   6           -0.683016           -0.682545          0.00128851
                   7           -0.683304           -0.682654          0.00109437
                   8            -0.68324           -0.682727         0.000950578
                   9           -0.682936            -0.68275         0.000838653
                  10           -0.683144            -0.68279         0.000751147
                  11            -0.68272           -0.682783         0.000679467
                  12           -0.680088           -0.682559          0.00065968
                  13           -0.682008           -0.682516         0.000608294
                  14           -0.684456           -0.682655         0.000579963
                  15           -0.681904           -0.682605         0.000542232
                  16           -0.684864           -0.682746         0.000526499
                  17            -0.68068           -0.682624         0.000509272
                  18           -0.680536           -0.682508         0.000493966
                  19            -0.68468           -0.682623         0.000481021
                  20           -0.684544           -0.682719         0.000466338
                  21           -0.684016           -0.682781         0.000447856
                  22           -0.682624           -0.682773         0.000427074
                  23           -0.683824           -0.682819         0.000410631
                  24            -0.68352           -0.682848         0.000394232
                  25           -0.684504           -0.682915          0.00038389
                  26           -0.684144           -0.682962         0.000371849
                  27           -0.676848           -0.682735         0.000423443
                  28           -0.683768           -0.682772         0.000409703
                  29           -0.685744           -0.682875         0.000408388
                  30           -0.683288           -0.682889          0.00039478
                  31           -0.681016           -0.682828         0.000386582
                  32           -0.685992           -0.682927         0.000387144
                  33           -0.680312           -0.682848         0.000383505
                  34           -0.685232           -0.682918         0.000378605
                  35           -0.684264           -0.682956         0.000369635
                  36           -0.681856           -0.682926         0.000360519
                  37           -0.682832           -0.682923         0.000350649
                  38            -0.68272           -0.682918         0.000341339
                  39           -0.682952           -0.682919         0.000332472
                  40            -0.68144           -0.682882         0.000326156
                   1           -0.682168           -0.682168                   0
                   2           -0.686848           -0.684508             0.00234
                   3            -0.68368           -0.684232           0.0013789
                   4           -0.678112           -0.682702          0.00181427
                   5           -0.680872           -0.682336          0.00145221
                   6           -0.683032           -0.682452          0.00119138
                   7           -0.683272           -0.682569          0.00101369
                   8             -0.6828           -0.682598         0.000878359
                   9           -0.683488           -0.682697         0.000780926
                  10           -0.682176           -0.682645         0.000700421
                  11           -0.684232           -0.682789         0.000649778
                  12           -0.680552           -0.682603         0.000621769
                  13           -0.681408           -0.682511          0.00057928
                  14           -0.684816           -0.682675         0.000561017
                  15           -0.681456           -0.682594         0.000528568
                  16           -0.684592           -0.682719         0.000509954
                  17           -0.680536           -0.682591         0.000495931
                  18           -0.680672           -0.682484         0.000479564
                  19            -0.68496           -0.682614         0.000471969
                  20            -0.68528           -0.682748         0.000467166
                  21           -0.684272            -0.68282         0.000450254
                  22           -0.682184           -0.682791         0.000430273
                  23           -0.684264           -0.682855         0.000416096
                  24           -0.684064           -0.682906         0.000401553
                  25           -0.684672           -0.682976         0.000391582
                  26             -0.6836              -0.683         0.000376984
                  27           -0.676848           -0.682772         0.000428383
                  28           -0.683264            -0.68279         0.000413173
                  29            -0.68624           -0.682909         0.000416043
                  30            -0.68244           -0.682893         0.000402239
                  31           -0.680816           -0.682826         0.000394776
                  32           -0.686768           -0.682949         0.000401597
                  33           -0.680272           -0.682868         0.000397604
                  34           -0.684952            -0.68293          0.00039057
                  35           -0.684816           -0.682984         0.000383058
                  36           -0.682368           -0.682966         0.000372658
                  37            -0.68296           -0.682966         0.000362446
                  38           -0.681712           -0.682933          0.00035432
                  39           -0.682512           -0.682922         0.000345284
                  40           -0.680856           -0.682871         0.000340483
