                   1            0.203538            0.203538                   0
                   2            0.198854            0.201196          0.00234181
                   3            0.205364            0.202585          0.00193868
                   4            0.195988            0.200936          0.00214464
                   5            0.198552            0.200459           0.0017283
                   6            0.199702            0.200333          0.00141678
                   7            0.192691            0.199241           0.0016204
                   8            0.196134            0.198853          0.00145608
                   9            0.196808            0.198626          0.00130408
                  10            0.195971             0.19836          0.00119623
                  11            0.197969            0.198324          0.00108262
                  12            0.192467            0.197836          0.00110226
                  13            0.197294            0.197795          0.00101479
                  14            0.196342            0.197691         0.000945219
                  15            0.199569            0.197816         0.000888818
                  16            0.202272            0.198095         0.000876807
                  17            0.195247            0.197927         0.000840477
                  18            0.199477            0.198013         0.000797073
                  19            0.196126            0.197914         0.000760471
                  20            0.195768            0.197807         0.000729383
                  21            0.192182            0.197539         0.000743691
                  22            0.192692            0.197318         0.000742523
                  23            0.196896              0.1973         0.000709743
                  24            0.197632            0.197314         0.000679669
                  25            0.195469             0.19724          0.00065608
                  26            0.200019            0.197347         0.000639341
                  27            0.194769            0.197251          0.00062257
                  28            0.198262            0.197288         0.000601008
                  29            0.195908             0.19724          0.00058186
                  30            0.193575            0.197118          0.00057525
                  31            0.200638            0.197231         0.000567853
                  32            0.196608            0.197212         0.000550166
                  33            0.198778            0.197259         0.000535341
                  34            0.196556            0.197239         0.000519769
                  35            0.190989             0.19706         0.000535359
                  36            0.199418            0.197126         0.000524384
                  37            0.194418            0.197052         0.000515239
                  38            0.193255            0.196952         0.000511354
                  39            0.199158            0.197009          0.00050127
                  40            0.197017            0.197009         0.000488577
                   1            0.199449            0.199449                   0
                   2            0.200915            0.200182         0.000733085
                   3            0.197506             0.19929         0.000987483
                   4             0.19728            0.198788         0.000860218
                   5            0.199608            0.198952         0.000686219
                   6            0.197703            0.198744         0.000597682
                   7            0.194427            0.198127         0.000797126
                   8            0.197091            0.197997         0.000702368
                   9            0.195206            0.197687          0.00069276
                  10            0.197599            0.197678         0.000619687
                  11            0.195002            0.197435         0.000611072
                  12            0.192159            0.196995         0.000710283
                  13            0.192531            0.196652         0.000738128
                  14            0.196612            0.196649          0.00068338
                  15            0.200369            0.196897         0.000682813
                  16            0.197248            0.196919         0.000639091
                  17            0.198956            0.197039         0.000612159
                  18            0.193336            0.196833         0.000612722
                  19            0.197994            0.196894         0.000582789
                  20            0.194054            0.196752         0.000570826
                  21            0.198068            0.196815         0.000546564
                  22            0.196906            0.196819         0.000521145
                  23            0.196802            0.196818         0.000497972
                  24            0.197049            0.196828         0.000476869
                  25            0.192902            0.196671         0.000483601
                  26            0.197248            0.196693         0.000465158
                  27            0.200626            0.196839         0.000470701
                  28            0.199925            0.196949         0.000466783
                  29            0.202262            0.197132          0.00048624
                  30            0.197786            0.197154         0.000470257
                  31            0.199156            0.197218         0.000459399
                  32            0.196738            0.197203         0.000445065
                  33            0.197439            0.197211         0.000431426
                  34            0.195571            0.197162         0.000421315
                  35             0.19263            0.197033         0.000429103
                  36            0.197133            0.197036         0.000417023
                  37            0.197171            0.197039         0.000405612
                  38            0.193064            0.196935         0.000408417
                  39            0.200586            0.197028         0.000408678
                  40            0.194329            0.196961         0.000404007
