                   1             0.00368             0.00368                   0
                   2            0.002068            0.002874            0.000806
                   3           -0.003932         0.000605333           0.0023159
                   4            0.003208            0.001256          0.00176212
                   5            0.006528           0.0023104          0.00172476
                   6              -6e-05          0.00191533          0.00146263
                   7           -0.012596        -0.000157714          0.00241362
                   8           -0.005692          -0.0008495          0.00220176
                   9            0.001876        -0.000546667          0.00196524
                  10            0.005532            6.12e-05          0.00185991
                  11            0.002632         0.000294909           0.0016985
                  12           -0.006452        -0.000267333          0.00164931
                  13           -0.005588        -0.000676615          0.00157138
                  14              -8e-05           -0.000634          0.00145544
                  15             0.00474        -0.000275733           0.0014015
                  16            0.013996          0.00061625          0.00158566
                  17            0.003836         0.000805647          0.00150146
                  18           -0.004308         0.000521556          0.00144382
                  19           -0.006936         0.000129053            0.001421
                  20            0.000336           0.0001394          0.00134812
                  21            0.005476         0.000393524          0.00130725
                  22            0.005908         0.000644182          0.00127137
                  23           -0.002324          0.00051513          0.00122167
                  24           -0.001736         0.000421333          0.00117342
                  25            0.001968           0.0004832           0.0011272
                  26           -0.001472            0.000408          0.00108559
                  27           -0.004888         0.000211852          0.00106286
                  28            0.000408         0.000218857          0.00102422
                  29             -0.0015         0.000159586         0.000990051
                  30           -0.001016           0.0001204         0.000957283
                  31            -0.00092         8.68387e-05         0.000926496
                  32           -0.002816          -3.875e-06         0.000901651
                  33           -0.004324        -0.000134788         0.000883652
                  34            0.003232        -3.57647e-05         0.000862969
                  35            0.001112        -2.97143e-06         0.000838591
                  36           -0.006056        -0.000171111         0.000832128
                  37            -0.00744        -0.000367568         0.000832829
                  38            0.000668        -0.000340316         0.000811074
                  39           -0.004196        -0.000439179         0.000796166
                  40            0.003256          -0.0003468         0.000781485
                   1           -0.003636           -0.003636                   0
                   2           -0.002232           -0.002934            0.000702
                   3            0.003904        -0.000654667          0.00231509
                   4           -0.003704           -0.001417          0.00180581
                   5            -0.00558          -0.0022496          0.00162782
                   6            0.002384         -0.00147733          0.00153718
                   7            0.012136         0.000467429          0.00233878
                   8            0.005356           0.0010785          0.00211562
                   9           -0.000908         0.000857778          0.00187881
                  10           -0.007468            2.52e-05           0.0018754
                  11            -0.00336        -0.000282545          0.00172405
                  12            0.004832         0.000143667          0.00163053
                  13            0.003384         0.000392923          0.00152044
                  14           -0.001732         0.000241143          0.00141581
                  15           -0.004352        -6.50667e-05          0.00135315
                  16           -0.012952          -0.0008705          0.00150029
                  17             -0.0021        -0.000942824          0.00141113
                  18            0.005332        -0.000594222          0.00137534
                  19            0.005376            -0.00028          0.00133835
                  20           -0.000228          -0.0002774          0.00126967
                  21           -0.006016        -0.000550667          0.00123823
                  22           -0.005536        -0.000777273          0.00120216
                  23            0.002588        -0.000630957          0.00115798
                  24             0.00252        -0.000499667          0.00111643
                  25           -0.002032         -0.00056096          0.00107259
                  26            0.001592        -0.000478154          0.00103384
                  27            0.005304           -0.000264           0.0010176
                  28           -0.000332        -0.000266429         0.000980586
                  29            0.001708        -0.000198345         0.000948615
                  30            0.001792           -0.000132         0.000918848
                  31           -0.001036        -0.000161161         0.000889191
                  32            0.002064         -9.1625e-05         0.000863759
                  33            0.006144         9.73333e-05         0.000858236
                  34           -0.002744         1.37647e-05         0.000836794
                  35           -0.000536        -1.94286e-06         0.000812686
                  36             0.00482            0.000132         0.000801066
                  37             0.00642         0.000301946         0.000797435
                  38           -0.000672         0.000276316         0.000776589
                  39            0.005208         0.000402769         0.000766911
                  40           -0.002256           0.0003363         0.000750442
