                   1            0.358713            0.358713                   0
                   2            0.383469            0.371091           0.0123779
                   3            0.364549             0.36891           0.0074717
                   4            0.378034            0.371191          0.00575468
                   5            0.369983             0.37095           0.0044641
                   6            0.371084            0.370972          0.00364499
                   7            0.355288            0.368731          0.00380925
                   8            0.360058            0.367647           0.0034725
                   9            0.359767            0.366772          0.00318516
                  10            0.368212            0.366916          0.00285253
                  11            0.368854            0.367092          0.00258622
                  12            0.349444            0.365621          0.00278147
                  13            0.369704            0.365935          0.00257779
                  14            0.362444            0.365686          0.00239956
                  15            0.358719            0.365221          0.00228165
                  16            0.370334            0.365541          0.00215808
                  17            0.373473            0.366008          0.00208016
                  18            0.373212            0.366408          0.00200162
                  19            0.370817             0.36664          0.00190752
                  20            0.362705            0.366443          0.00182029
                  21            0.374862            0.366844          0.00177725
                  22            0.376072            0.367264          0.00174568
                  23            0.361048            0.366993          0.00168981
                  24            0.369659            0.367104          0.00162168
                  25            0.389007             0.36798          0.00178521
                  26             0.36327            0.367799          0.00172472
                  27            0.359522            0.367493          0.00168769
                  28            0.352774            0.366967          0.00170915
                  29            0.374899            0.367241          0.00167169
                  30            0.377025            0.367567           0.0016476
                  31            0.386875             0.36819          0.00171097
                  32            0.361309            0.367975          0.00167053
                  33            0.358463            0.367686          0.00164457
                  34            0.368694            0.367716          0.00159575
                  35            0.364502            0.367624           0.0015522
                  36            0.369747            0.367683          0.00150962
                  37            0.372255            0.367807          0.00147344
                  38             0.37641            0.368033           0.0014519
                  39            0.375809            0.368232          0.00142817
                  40            0.366728            0.368195          0.00139252
                   1            0.368481            0.368481                   0
                   2            0.383483            0.375982          0.00750078
                   3            0.366285             0.37275          0.00540382
                   4            0.377654            0.373976          0.00401296
                   5            0.370262            0.373233          0.00319591
                   6            0.368947            0.372519          0.00270545
                   7            0.349917             0.36929          0.00395644
                   8            0.366261            0.368911          0.00344724
                   9            0.356822            0.367568          0.00332371
                  10            0.372013            0.368013          0.00300587
                  11            0.361089            0.367383          0.00279081
                  12            0.350012            0.365936          0.00293022
                  13            0.363087            0.365717           0.0027043
                  14             0.36715            0.365819          0.00250579
                  15            0.356682             0.36521          0.00241098
                  16            0.371357            0.365594          0.00228775
                  17             0.37619            0.366217          0.00223754
                  18            0.378429            0.366896          0.00221597
                  19            0.374035            0.367271          0.00212951
                  20            0.359521            0.366884          0.00205706
                  21            0.377722              0.3674          0.00202358
                  22            0.377012            0.367837          0.00197826
                  23            0.360769             0.36753          0.00191511
                  24            0.371471            0.367694          0.00184092
                  25            0.382931            0.368303          0.00186797
                  26            0.371283            0.368418          0.00179835
                  27            0.365522            0.368311          0.00173378
                  28            0.353408            0.367778          0.00175345
                  29            0.379537            0.368184          0.00173981
                  30            0.382571            0.368663          0.00174789
                  31            0.387666            0.369276          0.00179827
                  32            0.353876            0.368795          0.00180645
                  33             0.36022            0.368535          0.00177003
                  34             0.37286            0.368662          0.00172189
                  35            0.365906            0.368584          0.00167382
                  36            0.376428            0.368802          0.00164119
                  37            0.375651            0.368987          0.00160692
                  38            0.377365            0.369207          0.00157952
                  39            0.381292            0.369517          0.00156938
                  40            0.367197            0.369459          0.00153074
