                   1           -0.965304           -0.965304                   0
                   2           -0.981144           -0.973224             0.00792
                   3           -0.976552           -0.974333          0.00470525
                   4           -0.971808           -0.973702          0.00338649
                   5           -0.969624           -0.972886          0.00274703
                   6             -0.9688           -0.972205          0.00234406
                   7            -0.96656           -0.971399          0.00213896
                   8           -0.975104           -0.971862          0.00190941
                   9           -0.978328            -0.97258           0.0018308
                  10           -0.971896           -0.972512          0.00163895
                  11           -0.973624           -0.972613          0.00148593
                  12            -0.97256           -0.972609          0.00135647
                  13           -0.973112           -0.972647          0.00124837
                  14           -0.964048           -0.972033          0.00130885
                  15           -0.976048           -0.972301          0.00124752
                  16           -0.975472           -0.972499          0.00118366
                  17           -0.971832            -0.97246          0.00111255
                  18            -0.97996           -0.972876          0.00112865
                  19           -0.977192           -0.973104          0.00109149
                  20             -0.9806           -0.973478          0.00110123
                  21           -0.978624           -0.973723          0.00107576
                  22           -0.978256           -0.973929          0.00104618
                  23           -0.979184           -0.974158          0.00102544
                  24           -0.969656            -0.97397         0.000999538
                  25           -0.971824           -0.973884          0.00096256
                  26           -0.972552           -0.973833         0.000926217
                  27            -0.97756           -0.973971         0.000901877
                  28           -0.963528           -0.973598         0.000945724
                  29           -0.973104           -0.973581         0.000912689
                  30           -0.985296           -0.973972          0.00096434
                  31           -0.975736           -0.974029         0.000934448
                  32           -0.981984           -0.974277         0.000938309
                  33           -0.982552           -0.974528         0.000943366
                  34            -0.97868            -0.97465         0.000923311
                  35           -0.962832           -0.974312         0.000958021
                  36           -0.970432           -0.974205         0.000937248
                  37           -0.978696           -0.974326         0.000919612
                  38            -0.97252           -0.974279         0.000896345
                  39            -0.97092           -0.974192         0.000877296
                  40           -0.970792           -0.974107         0.000859298
                   1           -0.965656           -0.965656                   0
                   2           -0.981224            -0.97344            0.007784
                   3           -0.976536           -0.974472          0.00461106
                   4           -0.971736           -0.973788          0.00333149
                   5           -0.969752           -0.972981          0.00270386
                   6           -0.968656            -0.97226          0.00232238
                   7           -0.966568           -0.971447          0.00212454
                   8           -0.975096           -0.971903          0.00189561
                   9           -0.978312           -0.972615          0.00181711
                  10           -0.971864            -0.97254          0.00162701
                  11           -0.973616           -0.972638          0.00147493
                  12           -0.972552           -0.972631          0.00134644
                  13           -0.973136            -0.97267          0.00123916
                  14           -0.963992            -0.97205          0.00130397
                  15            -0.97612           -0.972321          0.00124389
                  16           -0.975416           -0.972514          0.00117952
                  17           -0.971976           -0.972483          0.00110842
                  18           -0.979952           -0.972898           0.0011244
                  19           -0.977104           -0.973119          0.00108637
                  20           -0.980592           -0.973493          0.00109626
                  21           -0.978728           -0.973742          0.00107214
                  22           -0.978224           -0.973946          0.00104234
                  23           -0.979192           -0.974174          0.00102178
                  24            -0.96972           -0.973988         0.000995726
                  25           -0.971992           -0.973908         0.000958399
                  26           -0.972616           -0.973859         0.000922141
                  27            -0.97756           -0.973996         0.000897857
                  28           -0.963264           -0.973613         0.000946292
                  29           -0.973248             -0.9736         0.000913165
                  30           -0.985344           -0.973991         0.000965156
                  31           -0.975648           -0.974045         0.000935031
                  32           -0.982008           -0.974294         0.000938917
                  33           -0.982488           -0.974542         0.000943289
                  34           -0.978736           -0.974665         0.000923401
                  35           -0.962768           -0.974325         0.000958903
                  36            -0.97056           -0.974221         0.000937738
                  37           -0.978672           -0.974341         0.000919941
                  38           -0.972376           -0.974289         0.000896897
                  39           -0.971016           -0.974206          0.00087762
                  40           -0.970824           -0.974121         0.000859566
