                   1             2.23967             2.23967                   0
                   2             2.23309             2.23638          0.00329313
                   3             2.21809             2.23028          0.00638504
                   4             2.08786             2.19468            0.035891
                   5             2.24999             2.20574           0.0299212
                   6             2.13763             2.19439           0.0269389
                   7             2.15979             2.18945           0.0232978
                   8             2.16449             2.18633           0.0204162
                   9             2.19575             2.18738           0.0180358
                  10             2.22721             2.19136           0.0166162
                  11             2.11219             2.18416           0.0166643
                  12             2.12302             2.17907           0.0160428
                  13              2.1241             2.17484            0.015351
                  14             2.21478             2.17769           0.0144958
                  15             2.17277             2.17736           0.0134988
                  16             2.23489             2.18096            0.013129
                  17             2.24071             2.18447           0.0128236
                  18             2.20861             2.18581           0.0121643
                  19             2.18415             2.18573           0.0115066
                  20             2.16506             2.18469            0.010965
                  21             2.16084             2.18356           0.0104915
                  22             2.12219             2.18077           0.0103848
                  23             2.12685             2.17842           0.0101962
                  24             2.28915             2.18304           0.0107974
                  25             2.15692             2.18199            0.010409
                  26             2.15366              2.1809           0.0100598
                  27             2.23993             2.18309          0.00992385
                  28             2.16023             2.18227          0.00959765
                  29             2.23238               2.184          0.00942056
                  30             2.18066             2.18389          0.00910181
                  31             2.08611             2.18073          0.00935136
                  32             2.12739             2.17907          0.00920662
                  33             2.16256             2.17857          0.00893728
                  34             2.13143             2.17718           0.0087806
                  35             2.17243             2.17705          0.00852711
                  36             2.15686             2.17648          0.00830582
                  37             2.16731             2.17624          0.00808202
                  38             2.22329             2.17747          0.00796333
                  39             2.10498             2.17562          0.00797609
                  40             2.14322             2.17481           0.0078162
                   1             2.21721             2.21721                   0
                   2             2.25367             2.23544           0.0182277
                   3              2.2283             2.23306           0.0107899
                   4             2.08865             2.19696           0.0369011
                   5             2.23819              2.2052           0.0297494
                   6             2.13712             2.19386             0.02681
                   7             2.13525             2.18548           0.0241558
                   8             2.15407             2.18156           0.0212849
                   9             2.22013             2.18584           0.0192546
                  10             2.20832             2.18809           0.0173678
                  11             2.09879             2.17997           0.0176835
                  12             2.12988              2.1758           0.0166736
                  13             2.08067             2.16848           0.0169939
                  14             2.21888             2.17208           0.0161399
                  15             2.16825             2.17183           0.0150276
                  16             2.24507              2.1764           0.0147836
                  17             2.22487             2.17925           0.0141765
                  18             2.21506             2.18124           0.0135129
                  19              2.2018             2.18232           0.0128276
                  20             2.16375              2.1814           0.0122047
                  21             2.16716             2.18072           0.0116288
                  22             2.11836             2.17788           0.0114442
                  23             2.11539             2.17517           0.0112679
                  24              2.2824             2.17963           0.0116768
                  25             2.14943             2.17843            0.011265
                  26             2.14689             2.17721           0.0108908
                  27             2.22965             2.17916           0.0106581
                  28             2.14285             2.17786           0.0103519
                  29             2.21626             2.17918            0.010076
                  30             2.18266              2.1793          0.00973502
                  31             2.10066             2.17676          0.00975146
                  32             2.11834             2.17494          0.00961673
                  33             2.16919             2.17476          0.00932238
                  34             2.14302             2.17383          0.00909208
                  35             2.16262             2.17351           0.0088343
                  36             2.17035             2.17342          0.00858585
                  37             2.16444             2.17318           0.0083541
                  38             2.19949             2.17387          0.00816072
                  39             2.13458             2.17286          0.00801232
                  40             2.16429             2.17265          0.00781238
