                   1           -0.613512           -0.613512                   0
                   2           -0.614464           -0.613988            0.000476
                   3           -0.612024           -0.613333          0.00071001
                   4           -0.610216           -0.612554         0.000927048
                   5           -0.610064           -0.612056         0.000873873
                   6           -0.615032           -0.612552         0.000868976
                   7            -0.61704           -0.613193         0.000974902
                   8           -0.615392           -0.613468         0.000887903
                   9           -0.613456           -0.613467         0.000783058
                  10           -0.609896            -0.61311         0.000786156
                  11           -0.611752           -0.612986         0.000721735
                  12           -0.614128           -0.613081         0.000665687
                  13           -0.613024           -0.613077         0.000612359
                  14           -0.612592           -0.613042         0.000567991
                  15           -0.611744           -0.612956         0.000535808
                  16           -0.611864           -0.612888         0.000505826
                  17           -0.610976           -0.612775         0.000488264
                  18            -0.61208           -0.612736         0.000461956
                  19           -0.613528           -0.612778         0.000438948
                  20           -0.612576           -0.612768         0.000416545
                  21           -0.615136           -0.612881         0.000411947
                  22           -0.610824           -0.612787         0.000403749
                  23           -0.613704           -0.612827         0.000387849
                  24           -0.613912           -0.612872         0.000374078
                  25           -0.613216           -0.612886         0.000359067
                  26           -0.611608           -0.612837         0.000348465
                  27           -0.611616           -0.612792         0.000338346
                  28           -0.613424           -0.612814         0.000326819
                  29             -0.6112           -0.612759         0.000320224
                  30           -0.611368           -0.612712         0.000312819
                  31           -0.611504           -0.612673          0.00030506
                  32            -0.61292           -0.612681         0.000295474
                  33           -0.612464           -0.612674         0.000286455
                  34           -0.612336           -0.612664         0.000278081
                  35           -0.616488           -0.612774          0.00029128
                  36            -0.61564           -0.612853         0.000294058
                  37           -0.615096           -0.612914         0.000292352
                  38           -0.612424           -0.612901         0.000284847
                  39           -0.609784           -0.612821         0.000288729
                  40           -0.612088           -0.612803         0.000282015
                   1           -0.612928           -0.612928                   0
                   2           -0.614152            -0.61354            0.000612
                   3           -0.611648           -0.612909         0.000722903
                   4            -0.61148           -0.612552         0.000623684
                   5           -0.610656           -0.612173         0.000614151
                   6           -0.615448           -0.612719         0.000741232
                   7           -0.616944           -0.613322         0.000869944
                   8           -0.614272           -0.613441         0.000762689
                   9           -0.615112           -0.613627         0.000697783
                  10            -0.60956            -0.61322         0.000744915
                  11           -0.612528           -0.613157         0.000676732
                  12           -0.614136           -0.613239         0.000623131
                  13           -0.612296           -0.613166         0.000577766
                  14           -0.612648           -0.613129         0.000536186
                  15            -0.61172           -0.613035         0.000507925
                  16           -0.612488           -0.613001          0.00047635
                  17           -0.610704           -0.612866         0.000467409
                  18           -0.612536           -0.612848         0.000441058
                  19           -0.614552           -0.612937         0.000426735
                  20           -0.613568           -0.612969         0.000406063
                  21           -0.615008           -0.613066         0.000398262
                  22           -0.610864           -0.612966         0.000392697
                  23           -0.613528            -0.61299          0.00037603
                  24           -0.614072           -0.613035         0.000362832
                  25           -0.612112           -0.612998          0.00034997
                  26            -0.61188           -0.612955         0.000338981
                  27           -0.611696           -0.612909         0.000329503
                  28           -0.613528           -0.612931         0.000318286
                  29           -0.610192           -0.612836         0.000321308
                  30            -0.61104           -0.612777         0.000316136
                  31           -0.611184           -0.612725         0.000310053
                  32            -0.61348           -0.612749         0.000301133
                  33           -0.612656           -0.612746         0.000291879
                  34            -0.61256            -0.61274         0.000283217
                  35           -0.617336           -0.612872         0.000304743
                  36           -0.616032            -0.61296         0.000308893
                  37           -0.614912           -0.613012         0.000305028
                  38           -0.611424           -0.612971          0.00029982
                  39           -0.609752           -0.612888         0.000303468
                  40           -0.612472           -0.612878         0.000295967
