                   1            0.437688            0.437688                   0
                   2            0.461773             0.44973           0.0120424
                   3            0.435306            0.444922          0.00845327
                   4            0.476445            0.452803          0.00989108
                   5            0.440455            0.450333          0.00804974
                   6             0.43442            0.447681          0.00708757
                   7            0.472543            0.451233          0.00696391
                   8            0.430264            0.448612          0.00657587
                   9            0.464105            0.450333          0.00604948
                  10            0.455198             0.45082          0.00543264
                  11            0.455163            0.451214          0.00492984
                  12            0.437707            0.450089          0.00463894
                  13            0.431096            0.448628          0.00451037
                  14            0.432385            0.447468          0.00433397
                  15            0.448669            0.447548           0.0040355
                  16            0.480894            0.449632          0.00431199
                  17            0.448731            0.449579          0.00405075
                  18            0.432445            0.448627          0.00393593
                  19             0.43948            0.448146          0.00375402
                  20             0.44688            0.448082          0.00356193
                  21            0.421594            0.446821          0.00361526
                  22            0.472066            0.447969            0.003633
                  23            0.435495            0.447426          0.00351356
                  24             0.41285            0.445986          0.00365949
                  25            0.428563            0.445289          0.00357857
                  26            0.408932             0.44389          0.00371167
                  27            0.442419            0.443836          0.00357197
                  28            0.440653            0.443722          0.00344391
                  29            0.450587            0.443959          0.00333145
                  30             0.44038             0.44384           0.0032207
                  31            0.452409            0.444116          0.00312732
                  32            0.448581            0.444255          0.00303122
                  33             0.44522            0.444285          0.00293808
                  34            0.439794            0.444153          0.00285341
                  35            0.412111            0.443237          0.00291801
                  36            0.457297            0.443628          0.00286257
                  37            0.444999            0.443665          0.00278437
                  38            0.456354            0.443999           0.0027306
                  39            0.450259            0.444159          0.00266451
                  40            0.456058            0.444457          0.00261402
                   1            0.441042            0.441042                   0
                   2             0.45555            0.448296          0.00725398
                   3            0.436894            0.444496          0.00565565
                   4            0.476403            0.452472          0.00892318
                   5            0.441602            0.450298          0.00724571
                   6            0.436257            0.447958          0.00636212
                   7            0.469035            0.450969          0.00616265
                   8            0.433879            0.448833          0.00574866
                   9            0.463495            0.450462          0.00532516
                  10            0.454924            0.450908          0.00478383
                  11             0.45213            0.451019          0.00432856
                  12            0.438327            0.449962          0.00409053
                  13            0.431037            0.448506          0.00403453
                  14            0.443086            0.448119          0.00375526
                  15            0.449415            0.448205          0.00349703
                  16              0.4827            0.450361          0.00391773
                  17            0.443759            0.449973           0.0037005
                  18             0.43169            0.448957          0.00363371
                  19            0.445098            0.448754          0.00344314
                  20             0.44622            0.448627          0.00326891
                  21            0.419817            0.447255          0.00339856
                  22            0.470855            0.448328          0.00341334
                  23            0.433663            0.447691          0.00332329
                  24             0.41885            0.446489          0.00340117
                  25             0.42548            0.445648          0.00336879
                  26            0.411532            0.444336           0.0034925
                  27             0.44042            0.444191          0.00336379
                  28            0.443934            0.444182          0.00324144
                  29            0.450362            0.444395          0.00313493
                  30            0.439522            0.444233          0.00303298
                  31            0.453128             0.44452          0.00294751
                  32            0.446855            0.444593          0.00285485
                  33            0.447552            0.444682          0.00276844
                  34            0.434252            0.444376          0.00270324
                  35            0.413666            0.443498          0.00276763
                  36            0.456019            0.443846          0.00271205
                  37             0.45086            0.444035          0.00264453
                  38             0.45232            0.444254          0.00258322
                  39            0.457385             0.44459          0.00253854
                  40            0.450829            0.444746          0.00247917
