                   1              3.6223              3.6223                   0
                   2             3.50863             3.56546           0.0568382
                   3             3.55806             3.56299           0.0329083
                   4             3.59288             3.57047           0.0244396
                   5             3.58408             3.57319           0.0191257
                   6             3.45727             3.55387           0.0248424
                   7             3.52819              3.5502           0.0213137
                   8             3.46564             3.53963           0.0212706
                   9             3.38392             3.52233           0.0255189
                  10             3.32895             3.50299           0.0299152
                  11             3.74073              3.5246           0.0346314
                  12             3.59958             3.53085           0.0322254
                  13             3.54088             3.53162           0.0296531
                  14             3.59844              3.5364           0.0278652
                  15             3.37757             3.52581           0.0280189
                  16             3.77215              3.5412            0.030397
                  17             3.67306             3.54896           0.0295878
                  18             3.44366             3.54311           0.0285025
                  19             3.74989             3.55399           0.0290744
                  20             3.52646             3.55262           0.0276168
                  21             3.56558             3.55323            0.026276
                  22             3.33392             3.54326           0.0269636
                  23             3.69735             3.54996           0.0266214
                  24             3.34537             3.54144           0.0268758
                  25             3.59598             3.54362           0.0258705
                  26             3.67266             3.54858           0.0253462
                  27             3.63769             3.55188           0.0246117
                  28             3.52839             3.55105           0.0237313
                  29              3.4652             3.54809           0.0230889
                  30             3.57444             3.54896           0.0223233
                  31             3.47002             3.54642           0.0217408
                  32             3.53511             3.54606           0.0210534
                  33             3.52878             3.54554           0.0204122
                  34             3.47719             3.54353           0.0199045
                  35             3.55003             3.54372           0.0193283
                  36             3.64808             3.54661           0.0190061
                  37             3.51344             3.54572           0.0185071
                  38             3.36739             3.54103           0.0186147
                  39             3.68252             3.54465           0.0184905
                  40             3.34182             3.53958           0.0187222
                   1             3.64863             3.64863                   0
                   2             3.48791             3.56827           0.0803627
                   3              3.5745             3.57035           0.0464439
                   4             3.62426             3.58383           0.0354994
                   5             3.57331             3.58172            0.027578
                   6             3.43781             3.55774           0.0328989
                   7             3.52237             3.55269           0.0282601
                   8             3.45438              3.5404           0.0273855
                   9             3.36893             3.52134            0.030762
                  10             3.35308             3.50452           0.0322515
                  11             3.73526              3.5255           0.0359313
                  12             3.63534             3.53465            0.034054
                  13             3.51844              3.5334             0.03135
                  14             3.59127             3.53754           0.0293172
                  15             3.39124             3.52778            0.028983
                  16             3.76074             3.54234           0.0307735
                  17             3.67214             3.54998           0.0298979
                  18             3.43862             3.54379            0.028859
                  19             3.73656             3.55394           0.0291223
                  20             3.53838             3.55316           0.0276388
                  21             3.54724             3.55288           0.0262912
                  22             3.36783             3.54447           0.0264413
                  23             3.68712             3.55067           0.0260157
                  24             3.36337             3.54286           0.0261021
                  25             3.59249             3.54485           0.0251148
                  26             3.68255             3.55015           0.0247039
                  27             3.64309             3.55359           0.0240193
                  28             3.51856             3.55234           0.0231793
                  29             3.47658             3.54972           0.0225178
                  30              3.5969              3.5513            0.021811
                  31             3.48737             3.54924           0.0211963
                  32             3.55424             3.54939           0.0205238
                  33             3.51259             3.54828           0.0199234
                  34             3.48245             3.54634           0.0194252
                  35             3.55914             3.54671           0.0188656
                  36             3.65769             3.54979           0.0185915
                  37             3.51934             3.54897           0.0181007
                  38             3.38038             3.54453            0.018168
                  39             3.65285             3.54731           0.0179126
                  40              3.3654             3.54276           0.0180416
