                   1           -0.000228           -0.000228                   0
                   2           -0.015832            -0.00803            0.007802
                   3            0.000172           -0.005296          0.00526927
                   4            0.004132           -0.002939          0.00440886
                   5           -0.000852          -0.0025216           0.0034405
                   6           -0.009348         -0.00365933          0.00303081
                   7            0.010884         -0.00158171          0.00329815
                   8           -0.004468          -0.0019425          0.00287898
                   9            0.001308         -0.00158133          0.00256458
                  10            0.010748          -0.0003484          0.00260418
                  11           -0.001076        -0.000414545           0.0023565
                  12            -0.00592        -0.000873333          0.00219956
                  13           -0.001144        -0.000894154          0.00202341
                  14           -0.004632         -0.00116114          0.00189224
                  15              0.0016        -0.000977067          0.00177117
                  16            0.006204         -0.00052825           0.0017165
                  17            -0.00676        -0.000894824          0.00165351
                  18            0.011644        -0.000198222           0.0017075
                  19            0.000164        -0.000179158          0.00161525
                  20            0.002004              -7e-05          0.00153624
                  21           -0.007512        -0.000424381          0.00150362
                  22           -0.009804        -0.000850727          0.00149569
                  23            -0.00714         -0.00112417          0.00145511
                  24            -0.00726         -0.00137983          0.00141643
                  25            -0.00566         -0.00155104          0.00136933
                  26           -0.013528         -0.00201169          0.00139393
                  27            0.006584         -0.00169333          0.00137857
                  28           -0.002508         -0.00172243          0.00132874
                  29            0.004156         -0.00151972          0.00129803
                  30           -0.009428         -0.00178333          0.00128142
                  31            0.003416         -0.00161561           0.0012507
                  32           -0.005244           -0.001729          0.00121628
                  33            0.014664         -0.00123224          0.00127924
                  34            0.004576         -0.00106141          0.00125274
                  35            0.006676        -0.000840343          0.00123635
                  36            0.000508        -0.000802889           0.0012021
                  37            0.008176        -0.000560216          0.00119408
                  38            -0.00734        -0.000738632          0.00117584
                  39            0.003632        -0.000626564          0.00115077
                  40            0.010368          -0.0003517          0.00115482
                   1           -0.000408           -0.000408                   0
                   2           -0.014724           -0.007566            0.007158
                   3           -0.001032           -0.005388          0.00467147
                   4            0.003916           -0.003062             0.00404
                   5            -0.00034          -0.0025176          0.00317637
                   6             -0.0105           -0.003848          0.00291482
                   7            0.010288         -0.00182857           0.0031854
                   8           -0.002796          -0.0019495          0.00276129
                   9            0.002956         -0.00140444          0.00249548
                  10            0.010996          -0.0001644          0.00255336
                  11           -0.001136        -0.000252727          0.00231129
                  12            -0.00522        -0.000666667          0.00215013
                  13           -0.000392        -0.000645538          0.00197795
                  14           -0.003992        -0.000884571          0.00184676
                  15            0.002564        -0.000654667          0.00173454
                  16            0.005832         -0.00024925           0.0016724
                  17            -0.00584        -0.000578118            0.001605
                  18            0.010788         5.33333e-05          0.00163967
                  19           -0.000548         2.16842e-05           0.0015513
                  20            0.001072            7.42e-05          0.00147263
                  21            -0.00916        -0.000365524          0.00146815
                  22           -0.008956           -0.000756          0.00145326
                  23            -0.00746         -0.00104748           0.0014189
                  24           -0.006732         -0.00128433          0.00137899
                  25           -0.006156          -0.0014792          0.00133696
                  26           -0.012572         -0.00190585          0.00135351
                  27             0.00714         -0.00157081          0.00134482
                  28           -0.002512         -0.00160443          0.00129633
                  29             0.00538         -0.00136359          0.00127381
                  30            -0.00774         -0.00157613          0.00124884
                  31            0.003628         -0.00140826          0.00121949
                  32           -0.003552         -0.00147525          0.00118266
                  33            0.013712         -0.00101503           0.0012352
                  34            0.004004        -0.000867412          0.00120738
                  35            0.005876        -0.000674743           0.0011881
                  36               0.002        -0.000600444          0.00115702
                  37            0.008528         -0.00035373          0.00115204
                  38           -0.007572        -0.000543684          0.00113729
                  39            0.004692        -0.000409436          0.00111585
                  40            0.011176          -0.0001198           0.0011255
