                   1             4.31337             4.31337                   0
                   2             4.63712             4.47525            0.161872
                   3             4.30083             4.41711            0.110064
                   4              4.2373             4.37216           0.0898764
                   5             4.33466             4.36466           0.0700209
                   6              4.4651              4.3814           0.0595725
                   7             4.55898             4.40677           0.0563779
                   8             4.34573             4.39914           0.0494171
                   9             4.10483             4.36644           0.0544859
                  10             4.28657             4.35845           0.0493839
                  11             4.29688             4.35285           0.0450186
                  12             4.38838             4.35581           0.0412027
                  13             4.54172             4.37011           0.0405092
                  14             4.55066             4.38301           0.0396596
                  15             4.29437              4.3771            0.037391
                  16             4.79472              4.4032           0.0436416
                  17             4.30071             4.39717           0.0414351
                  18             4.48289             4.40193           0.0393545
                  19              4.5477             4.40961            0.038008
                  20             4.49525             4.41389           0.0363109
                  21              4.3789             4.41222           0.0345787
                  22             4.43638             4.41332           0.0329878
                  23             4.47229             4.41588            0.031625
                  24             4.40701             4.41551           0.0302809
                  25             4.50284             4.41901           0.0292537
                  26             4.41719             4.41894           0.0281062
                  27             4.37747              4.4174           0.0270888
                  28             4.39246             4.41651           0.0261186
                  29             4.55399             4.42125           0.0256438
                  30             4.57848             4.42649           0.0253225
                  31             4.53704             4.43006           0.0247503
                  32             4.81738             4.44216           0.0268476
                  33             4.36288             4.43976           0.0261319
                  34             4.41591             4.43906           0.0253614
                  35             4.34303             4.43631           0.0247785
                  36             4.12045             4.42754            0.025629
                  37             4.27199             4.42334           0.0252788
                  38               4.468             4.42451           0.0246326
                  39               4.528             4.42717            0.024139
                  40              4.1786             4.42095           0.0243346
                   1             4.35632             4.35632                   0
                   2             4.60824             4.48228            0.125962
                   3             4.32069             4.42842           0.0904983
                   4             4.21391             4.37479           0.0834909
                   5             4.31864             4.36356           0.0656398
                   6             4.44383             4.37694           0.0552392
                   7             4.52742             4.39844            0.051397
                   8             4.33161             4.39008           0.0452882
                   9             4.10285             4.35817           0.0511253
                  10             4.30799             4.35315           0.0460023
                  11             4.30587             4.34885           0.0418321
                  12             4.38159             4.35158           0.0382846
                  13             4.52124             4.36463           0.0375572
                  14             4.54136             4.37725           0.0369917
                  15             4.32702              4.3739           0.0345999
                  16             4.76879             4.39859           0.0407019
                  17             4.30989             4.39337           0.0385871
                  18             4.47423             4.39786           0.0366566
                  19             4.56235             4.40652           0.0357381
                  20             4.52347             4.41237           0.0344047
                  21             4.36879             4.41029           0.0327911
                  22             4.44906             4.41205           0.0313147
                  23              4.4911             4.41549            0.030119
                  24             4.40703             4.41514           0.0288389
                  25             4.49625             4.41838           0.0278509
                  26             4.38441             4.41707           0.0267902
                  27             4.37975             4.41569           0.0258159
                  28             4.39903              4.4151            0.024884
                  29             4.59952             4.42146           0.0248384
                  30             4.56535             4.42625           0.0244709
                  31             4.51224             4.42903           0.0238303
                  32             4.82665             4.44145           0.0262067
                  33             4.38076             4.43961           0.0254667
                  34             4.43954             4.43961           0.0247063
                  35              4.3387             4.43673           0.0241627
                  36             4.16451             4.42917           0.0246694
                  37             4.24759             4.42426           0.0244901
                  38             4.48739             4.42592           0.0238947
                  39             4.51873              4.4283           0.0233953
                  40             4.15913             4.42157           0.0237751
