                   1           -0.005824           -0.005824                   0
                   2           -0.007948           -0.006886            0.001062
                   3           -0.005056           -0.006276         0.000864898
                   4           -0.005912           -0.006185         0.000618308
                   5            0.005952          -0.0037576           0.0024742
                   6               0.017           -0.000298          0.00400624
                   7            0.005752         0.000566286          0.00349446
                   8               0.002           0.0007455          0.00303159
                   9            0.007032            0.001444          0.00276335
                  10            0.001872           0.0014868          0.00247199
                  11           -0.005388         0.000861818           0.0023217
                  12           -0.012908        -0.000285667          0.00241011
                  13            0.000716        -0.000208615          0.00221831
                  14           -0.007664        -0.000741143          0.00212168
                  15            0.003128          -0.0004832          0.00199195
                  16            0.009716          0.00015425          0.00196932
                  17            0.008224         0.000628941          0.00190979
                  18           -0.002616         0.000448667          0.00180957
                  19            0.006432         0.000763579          0.00174041
                  20            0.007444           0.0010976          0.00168454
                  21           -0.009116         0.000611238          0.00167451
                  22           -0.002864         0.000453273          0.00160437
                  23            0.004248         0.000618261          0.00154189
                  24           -0.004108         0.000421333          0.00148932
                  25           -0.000228          0.00039536          0.00142874
                  26             0.00038         0.000394769          0.00137269
                  27            0.007752         0.000667259          0.00134869
                  28            0.001784         0.000707143          0.00130024
                  29           -0.000768         0.000656276          0.00125563
                  30            0.004116           0.0007716          0.00121853
                  31             0.00426         0.000884129          0.00118392
                  32           -0.002332         0.000783625          0.00115073
                  33            0.004264         0.000889091          0.00112029
                  34            0.005992          0.00103918          0.00109715
                  35           -0.001604         0.000963657          0.00106802
                  36           -0.000128         0.000933333          0.00103837
                  37            0.007656          0.00111503          0.00102613
                  38            -9.2e-05          0.00108326         0.000999265
                  39            0.002384          0.00111662         0.000973877
                  40            0.005172            0.001218         0.000954617
                   1           -0.005096           -0.005096                   0
                   2           -0.008588           -0.006842            0.001746
                   3           -0.006684         -0.00678933          0.00100943
                   4            -0.00668           -0.006762         0.000714297
                   5            0.006016          -0.0042064          0.00261481
                   6            0.016196           -0.000806          0.00401508
                   7            0.006796             0.00028          0.00356291
                   8             0.00352            0.000685          0.00311203
                   9              0.0069          0.00137556           0.0028301
                  10            0.001688           0.0014068          0.00253151
                  11           -0.006272         0.000708727          0.00239388
                  12           -0.013696        -0.000491667          0.00249329
                  13            -0.00012        -0.000463077          0.00229367
                  14           -0.010008         -0.00114486          0.00223029
                  15            0.003232        -0.000853067          0.00209669
                  16            0.008276          -0.0002825          0.00204258
                  17            0.007928         0.000200471          0.00197852
                  18           -0.003624            -1.2e-05          0.00187743
                  19            0.004612         0.000231368          0.00179247
                  20            0.007256           0.0005826          0.00173638
                  21           -0.011692        -1.90476e-06          0.00175201
                  22           -0.001896            -8.8e-05          0.00167269
                  23            0.004956         0.000131304          0.00161328
                  24           -0.003984        -4.01667e-05          0.00155409
                  25            0.000252          -2.848e-05          0.00149068
                  26            -0.00134        -7.89231e-05          0.00143308
                  27            0.006588            0.000168          0.00140092
                  28             0.00206         0.000235571          0.00135165
                  29           -0.002192         0.000151862          0.00130689
                  30            0.004572           0.0002992          0.00127115
                  31            0.003384          0.00039871          0.00123348
                  32           -0.001888          0.00032725          0.00119645
                  33            0.003164         0.000413212           0.0011628
                  34            0.005004         0.000548235          0.00113614
                  35            -0.00224         0.000468571          0.00110607
                  36           -0.000808         0.000433111          0.00107549
                  37            0.007788         0.000631892          0.00106474
                  38            0.001056         0.000643053           0.0010364
                  39            0.001056         0.000653641          0.00100954
                  40            0.006336           0.0007957         0.000994176
