                   1           -0.937296           -0.937296                   0
                   2           -0.941248           -0.939272            0.001976
                   3           -0.943304           -0.940616          0.00176291
                   4           -0.932328           -0.938544          0.00241808
                   5           -0.928352           -0.936506          0.00276827
                   6           -0.926712           -0.934873          0.00278804
                   7           -0.924272           -0.933359          0.00280106
                   8           -0.930536           -0.933006          0.00245132
                   9           -0.934288           -0.933148          0.00216654
                  10           -0.934272           -0.933261          0.00194107
                  11           -0.935584           -0.933472          0.00176842
                  12           -0.937664           -0.933821           0.0016517
                  13           -0.931024           -0.933606          0.00153451
                  14           -0.931288           -0.933441           0.0014303
                  15           -0.936456           -0.933642          0.00134662
                  16           -0.929136            -0.93336          0.00129074
                  17           -0.936696           -0.933556          0.00122822
                  18              -0.938           -0.933803            0.001184
                  19            -0.94316           -0.934296          0.00122345
                  20           -0.935808           -0.934371          0.00116312
                  21           -0.930816           -0.934202          0.00111923
                  22           -0.927872           -0.933914          0.00110525
                  23           -0.936968           -0.934047          0.00106442
                  24           -0.935776           -0.934119          0.00102164
                  25           -0.934736           -0.934144         0.000980238
                  26           -0.940104           -0.934373         0.000969281
                  27            -0.93224           -0.934294         0.000936031
                  28           -0.930656           -0.934164         0.000911291
                  29           -0.927608           -0.933938         0.000907902
                  30           -0.934744           -0.933965         0.000877528
                  31           -0.937528            -0.93408         0.000856497
                  32            -0.94264           -0.934347         0.000871377
                  33           -0.932944           -0.934305         0.000845629
                  34           -0.936424           -0.934367         0.000822745
                  35           -0.928304           -0.934194         0.000817458
                  36           -0.934072            -0.93419         0.000794434
                  37           -0.938664           -0.934311         0.000782067
                  38            -0.93348           -0.934289         0.000761522
                  39           -0.939832           -0.934432         0.000755231
                  40           -0.935904           -0.934468         0.000737028
                   1            -0.93704            -0.93704                   0
                   2           -0.941272           -0.939156            0.002116
                   3           -0.943128            -0.94048          0.00180152
                   4           -0.932112           -0.938388          0.00244933
                   5            -0.92856           -0.936422          0.00273187
                   6           -0.926576           -0.934781          0.00276921
                   7            -0.92428           -0.933281          0.00277994
                   8           -0.930656           -0.932953          0.00242976
                   9           -0.934256           -0.933098          0.00214773
                  10           -0.934136           -0.933202          0.00192379
                  11           -0.935656           -0.933425          0.00175438
                  12           -0.937672           -0.933779          0.00164017
                  13           -0.931016           -0.933566          0.00152363
                  14           -0.930912           -0.933377          0.00142329
                  15           -0.936752           -0.933602          0.00134398
                  16           -0.929088           -0.933319          0.00128844
                  17           -0.936648           -0.933515          0.00122602
                  18            -0.93784           -0.933756          0.00118061
                  19           -0.943224           -0.934254          0.00122289
                  20           -0.935664           -0.934324          0.00116227
                  21            -0.93088            -0.93416          0.00111764
                  22           -0.927824           -0.933872          0.00110387
                  23           -0.937128           -0.934014          0.00106424
                  24           -0.935888           -0.934092          0.00102192
                  25              -0.935           -0.934128         0.000980861
                  26           -0.940216           -0.934362         0.000971032
                  27           -0.932488           -0.934293         0.000936952
                  28           -0.930528           -0.934159         0.000912828
                  29           -0.927688           -0.933935          0.00090861
                  30            -0.93472           -0.933962          0.00087819
                  31           -0.937264           -0.934068         0.000856044
                  32           -0.942592           -0.934334         0.000870611
                  33           -0.933088           -0.934297         0.000844661
                  34           -0.936528           -0.934362         0.000822066
                  35           -0.928104           -0.934184         0.000818015
                  36           -0.934256           -0.934186          0.00079497
                  37            -0.93852           -0.934303          0.00078201
                  38            -0.93332           -0.934277         0.000761592
                  39           -0.939936           -0.934422         0.000755866
                  40            -0.93588           -0.934458         0.000737628
