                   1           -0.061072           -0.061072                   0
                   2           -0.027276           -0.044174            0.016898
                   3            -0.04362          -0.0439893          0.00975781
                   4            0.106436           -0.006383           0.0382341
                   5           -0.028732          -0.0108528           0.0299514
                   6             0.03756           -0.002784           0.0257519
                   7            0.022336         0.000804571           0.0220582
                   8           -0.044036          -0.0048005           0.0199083
                   9           -0.004388         -0.00475467           0.0175575
                  10           -0.024868           -0.006766           0.0158322
                  11           -0.115968          -0.0166935           0.0174252
                  12             0.03738          -0.0121873           0.0165329
                  13             0.03742         -0.00837138           0.0156795
                  14           -0.019704         -0.00918086            0.014539
                  15            0.029632         -0.00659333           0.0137802
                  16           -0.002492           -0.006337           0.0128927
                  17           -0.004108         -0.00620588           0.0121113
                  18            0.000148         -0.00585289           0.0114241
                  19           -0.005044         -0.00581032           0.0108062
                  20            -0.03666          -0.0073528            0.010367
                  21             -0.0694          -0.0103074           0.0102942
                  22           -0.038324          -0.0115809          0.00989737
                  23            0.049928         -0.00890661          0.00982811
                  24           -0.029568          -0.0097675          0.00944899
                  25           -0.017108          -0.0100611          0.00906791
                  26            -0.00924          -0.0100295          0.00871222
                  27             0.04118         -0.00813289          0.00859521
                  28            0.003856         -0.00770471          0.00829362
                  29           -0.010588         -0.00780414          0.00800314
                  30            0.053228         -0.00576973          0.00799494
                  31            0.003268         -0.00547819          0.00773823
                  32             0.03216           -0.004302          0.00758427
                  33             0.00092         -0.00414376          0.00735255
                  34           -0.069304         -0.00606024          0.00738599
                  35            0.014416          -0.0054752          0.00719568
                  36             -0.0404         -0.00644533          0.00705992
                  37           -0.055468         -0.00777027          0.00699312
                  38             0.01706         -0.00711684           0.0068379
                  39           -0.010368         -0.00720021          0.00666078
                  40           -0.099028          -0.0094959          0.00688607
                   1           -0.055772           -0.055772                   0
                   2           -0.027588            -0.04168            0.014092
                   3           -0.043124          -0.0421613          0.00815025
                   4            0.107272           -0.004803           0.0378002
                   5           -0.029592          -0.0097608           0.0296967
                   6            0.037604         -0.00186667           0.0254999
                   7            0.020864          0.00138057           0.0217947
                   8             -0.0438           -0.004267           0.0197015
                   9           -0.005292         -0.00438089           0.0173755
                  10           -0.025096          -0.0064524           0.0156786
                  11           -0.115084           -0.016328           0.0172815
                  12            0.037456           -0.011846           0.0164001
                  13            0.036444         -0.00813138           0.0155365
                  14           -0.019992         -0.00897857           0.0144089
                  15            0.030392         -0.00635387           0.0136684
                  16           -0.002612            -0.00612           0.0127877
                  17           -0.004236         -0.00600918           0.0120125
                  18           -0.000192           -0.005686           0.0113301
                  19           -0.005068         -0.00565347           0.0107172
                  20           -0.036768          -0.0072092           0.0102856
                  21           -0.069932           -0.010196           0.0102293
                  22           -0.038116          -0.0114651           0.0098355
                  23             0.04942         -0.00881791          0.00976384
                  24           -0.029792         -0.00969183          0.00938893
                  25              -0.017         -0.00998416          0.00901029
                  26           -0.007784         -0.00989954          0.00865722
                  27            0.041152         -0.00800874           0.0085423
                  28            0.004032         -0.00757871          0.00824279
                  29           -0.009944         -0.00766028           0.0079539
                  30            0.053508         -0.00562133           0.0079501
                  31            0.003332         -0.00533252           0.0076948
                  32            0.031344         -0.00418638           0.0075381
                  33            0.000488         -0.00404473          0.00730747
                  34           -0.068748         -0.00594776          0.00734027
                  35             0.01326         -0.00539897          0.00714856
                  36            -0.03998         -0.00635956          0.00701325
                  37           -0.054356         -0.00765676          0.00694332
                  38            0.017456         -0.00699589          0.00679037
                  39            -0.00894         -0.00704574          0.00661415
                  40           -0.099384          -0.0093542          0.00684753
