                   1           -0.004744           -0.004744                   0
                   2            0.027396            0.011326             0.01607
                   3            0.058908           0.0271867            0.018375
                   4             0.04586            0.031855           0.0138063
                   5           -0.010504           0.0233832           0.0136433
                   6           -0.027164           0.0149587           0.0139666
                   7            0.007704           0.0139223           0.0118493
                   8            0.013216            0.013834           0.0102622
                   9              -0.016           0.0105191           0.0096384
                  10           -0.042496           0.0052176           0.0101205
                  11            0.021848          0.00672945          0.00927836
                  12              0.0033          0.00644367          0.00847476
                  13             0.06112           0.0106495          0.00885785
                  14            0.018864           0.0112363          0.00822174
                  15            0.009176           0.0110989          0.00765525
                  16           -0.025184          0.00883125          0.00751132
                  17           -0.020228          0.00712188          0.00725977
                  18            0.046044          0.00928422          0.00717802
                  19            0.024192           0.0100688          0.00683491
                  20            0.024196           0.0107752          0.00652252
                  21           -0.012348           0.0096741          0.00630111
                  22           -0.061264          0.00644964          0.00681848
                  23            0.009152          0.00656713          0.00651634
                  24            0.002388            0.006393          0.00624135
                  25           -0.040236          0.00452784          0.00627032
                  26            0.015884          0.00496462          0.00604015
                  27            0.037852          0.00618267          0.00593839
                  28           -0.009452          0.00562429          0.00574956
                  29            0.003104          0.00553738          0.00554844
                  30             0.00242          0.00543347          0.00536131
                  31           -0.019856          0.00461768          0.00524926
                  32            0.029288          0.00538863          0.00514071
                  33            0.001884          0.00528242          0.00498363
                  34            0.039392          0.00628565          0.00493782
                  35            0.025956          0.00684766          0.00482749
                  36           -0.019652          0.00611156          0.00474887
                  37            -0.00866          0.00571232          0.00463596
                  38            -0.00794          0.00535305          0.00452659
                  39            0.008032          0.00542174          0.00440953
                  40           -0.021716           0.0047433           0.0043511
                   1            0.007756            0.007756                   0
                   2             0.02794            0.017848            0.010092
                   3            0.057628            0.031108           0.0144837
                   4             0.04558            0.034726           0.0108618
                   5           -0.010096           0.0257616           0.0122942
                   6           -0.026864           0.0169907           0.0133302
                   7            0.007028           0.0155674           0.0113556
                   8             0.01418            0.015394          0.00983578
                   9           -0.016008           0.0119049          0.00934977
                  10           -0.042052           0.0065092          0.00995229
                  11            0.021112          0.00783673          0.00909954
                  12            0.003004            0.007434          0.00831646
                  13             0.06074           0.0115345          0.00867968
                  14            0.017524           0.0119623           0.0080472
                  15             0.00818           0.0117101          0.00749578
                  16           -0.025024          0.00941425          0.00737797
                  17           -0.019752          0.00769859           0.0071396
                  18            0.046592          0.00985933          0.00706958
                  19            0.025188           0.0106661          0.00673564
                  20            0.024536           0.0113596          0.00642751
                  21           -0.013116           0.0101941          0.00622389
                  22           -0.061452          0.00693745          0.00676912
                  23            0.009612          0.00705374          0.00646916
                  24            0.002964          0.00688333          0.00619609
                  25           -0.040224          0.00499904          0.00623465
                  26              0.0162          0.00542985          0.00600553
                  27             0.03672          0.00658874          0.00589388
                  28           -0.009288          0.00602171          0.00570772
                  29             0.00244          0.00589821          0.00550877
                  30             0.00148          0.00575093          0.00532401
                  31           -0.019872          0.00492439          0.00521532
                  32            0.028944            0.005675           0.0051052
                  33            0.000908          0.00553055          0.00495018
                  34            0.038828          0.00650988          0.00490122
                  35            0.026276          0.00707463          0.00479252
                  36           -0.019408            0.006339          0.00471523
                  37           -0.008712          0.00593222          0.00460402
                  38           -0.008464          0.00555337          0.00449721
                  39             0.00708          0.00559251          0.00438056
                  40           -0.021572           0.0049134          0.00432331
