                   1             0.44414             0.44414                   0
                   2            0.423695            0.433917           0.0102226
                   3            0.429195            0.432343          0.00610836
                   4            0.404936            0.425491          0.00809956
                   5            0.411467            0.422687          0.00687233
                   6            0.489121            0.433759            0.012413
                   7            0.446532            0.435584           0.0106484
                   8             0.39036            0.429931           0.0108165
                   9            0.408091            0.427504           0.0098431
                  10            0.417576            0.426511          0.00885974
                  11            0.472225            0.430667          0.00902738
                  12             0.39542             0.42773          0.00874865
                  13            0.441432            0.428784          0.00811632
                  14            0.373858            0.424861          0.00847678
                  15            0.435367            0.425561          0.00792247
                  16            0.381652            0.422817          0.00790261
                  17            0.450617            0.424452           0.0076012
                  18            0.409044            0.423596          0.00721742
                  19            0.426213            0.423734          0.00682838
                  20            0.421115            0.423603           0.0064793
                  21            0.419663            0.423415           0.0061659
                  22            0.446327            0.424457          0.00597048
                  23            0.461079            0.426049          0.00592303
                  24            0.432455            0.426316          0.00567714
                  25            0.413218            0.425792          0.00547047
                  26            0.408132            0.425113          0.00529957
                  27            0.426659             0.42517          0.00509983
                  28            0.418896            0.424946          0.00491943
                  29            0.460672            0.426178          0.00490402
                  30            0.388385            0.424918          0.00490235
                  31            0.415729            0.424622          0.00475083
                  32             0.42961            0.424778          0.00460262
                  33            0.421352            0.424674          0.00446217
                  34            0.403335            0.424046           0.0043742
                  35            0.427756            0.424152          0.00424871
                  36            0.401742             0.42353          0.00417566
                  37            0.410908            0.423188          0.00407554
                  38            0.462496            0.424223          0.00409949
                  39            0.409107            0.423835          0.00401176
                  40             0.40647            0.423401          0.00393421
                   1            0.439139            0.439139                   0
                   2            0.424531            0.431835          0.00730392
                   3            0.428019            0.430563          0.00440458
                   4            0.403447            0.423784          0.00746014
                   5            0.407601            0.420547          0.00662328
                   6            0.489461            0.432033            0.012695
                   7            0.446434             0.43409           0.0109247
                   8            0.390451            0.428635           0.0109209
                   9            0.410173            0.426584          0.00984739
                  10            0.417135            0.425639          0.00885831
                  11             0.47289            0.429935          0.00909144
                  12            0.392981            0.426855          0.00885223
                  13            0.443679            0.428149          0.00824506
                  14             0.37884            0.424627          0.00840682
                  15            0.434624            0.425294          0.00785464
                  16            0.382662            0.422629          0.00781555
                  17            0.449773            0.424226          0.00751306
                  18            0.411441            0.423516           0.0071189
                  19            0.425979            0.423645          0.00673505
                  20            0.419967            0.423461          0.00639208
                  21            0.418937            0.423246          0.00608389
                  22            0.446787            0.424316          0.00589863
                  23            0.455166            0.425657          0.00579374
                  24            0.431074            0.425883          0.00555167
                  25            0.413461            0.425386          0.00534811
                  26            0.407327            0.424691          0.00518503
                  27            0.423585             0.42465          0.00498946
                  28            0.415895            0.424338          0.00481813
                  29            0.459613            0.425554          0.00480551
                  30            0.388217            0.424309          0.00480649
                  31            0.417983            0.424105          0.00465334
                  32            0.430089            0.424292          0.00450946
                  33            0.421898             0.42422          0.00437127
                  34             0.40437            0.423636          0.00428075
                  35            0.430967            0.423845          0.00416192
                  36            0.403595            0.423283          0.00408359
                  37            0.411651            0.422969          0.00398411
                  38            0.462558             0.42401          0.00401536
                  39            0.406311            0.423557          0.00393729
                  40            0.407731            0.423161          0.00385794
