                   1           -0.000104           -0.000104                   0
                   2           -0.006736            -0.00342            0.003316
                   3            0.004252        -0.000862667          0.00319456
                   4           -0.002404           -0.001248          0.00229153
                   5            -0.00418          -0.0018344          0.00186937
                   6            0.000948         -0.00137067          0.00159522
                   7           -0.003636         -0.00169429           0.0013865
                   8           -0.009088          -0.0026185          0.00151525
                   9            0.004696         -0.00180578          0.00156406
                  10            0.002716          -0.0013536           0.0014702
                  11           -0.000996         -0.00132109          0.00133024
                  12            0.001688         -0.00107033          0.00123996
                  13           -0.000304         -0.00101138          0.00114212
                  14            0.004956        -0.000585143          0.00114007
                  15            0.014056         0.000390933          0.00144194
                  16            -0.00262          0.00020275          0.00136188
                  17            -0.00012         0.000183765           0.0012794
                  18            0.001228         0.000241778          0.00120762
                  19            0.005064         0.000495579          0.00117015
                  20            0.002968           0.0006192          0.00111697
                  21           -0.003584         0.000419048          0.00108114
                  22            -0.00564         0.000143636          0.00106698
                  23           -0.012092        -0.000388348          0.00114998
                  24            -0.00256        -0.000478833          0.00110474
                  25           -0.002992         -0.00057936          0.00106438
                  26            0.009348        -0.000197538          0.00109158
                  27           -0.009448        -0.000540148          0.00110484
                  28            0.012848            -6.2e-05          0.00116709
                  29           -0.002728        -0.000153931          0.00112988
                  30            -0.00544        -0.000330133          0.00110569
                  31           -0.008052        -0.000579226          0.00109806
                  32           -0.010596         -0.00089225          0.00110831
                  33            0.000316        -0.000855636          0.00107483
                  34            -0.01008         -0.00112694          0.00107745
                  35            0.001208         -0.00106023          0.00104834
                  36           -0.003512         -0.00112833          0.00102108
                  37           -0.004532         -0.00122032         0.000997348
                  38           -0.005064         -0.00132147         0.000976003
                  39             0.00566         -0.00114246         0.000967355
                  40           -0.001316          -0.0011468         0.000942871
                   1            -0.00084            -0.00084                   0
                   2            0.006024            0.002592            0.003432
                   3           -0.005472            -9.6e-05          0.00333939
                   4            0.002512            0.000556          0.00244967
                   5            0.003164           0.0010776          0.00196789
                   6           -0.001308             0.00068          0.00165524
                   7             0.00348             0.00108            0.001455
                   8            0.008268           0.0019785           0.0015476
                   9            -0.00482          0.00122311          0.00155995
                  10            -0.00246           0.0008548          0.00144305
                  11            0.000308         0.000805091          0.00130624
                  12           -0.000812         0.000670333          0.00120002
                  13              0.0018         0.000757231          0.00110727
                  14           -0.005532            0.000308          0.00111924
                  15           -0.014548          -0.0006824          0.00143756
                  16            0.002204           -0.000502          0.00135676
                  17           -0.000744        -0.000516235          0.00127453
                  18           -0.000124        -0.000494444          0.00120184
                  19           -0.005724        -0.000769684          0.00116967
                  20           -0.002796           -0.000871          0.00111426
                  21            0.004248        -0.000627238          0.00108754
                  22             0.00652        -0.000302364          0.00108663
                  23            0.011972         0.000231304          0.00116743
                  24            0.004076           0.0003915          0.00112915
                  25            0.003876          0.00053088          0.00109198
                  26           -0.008632         0.000178462          0.00110675
                  27            0.009108         0.000509185          0.00111514
                  28           -0.013308         1.57143e-05          0.00118247
                  29            0.000276         2.46897e-05            0.001141
                  30            0.004932         0.000188267          0.00111438
                  31              0.0081         0.000443484          0.00110764
                  32            0.010684           0.0007635          0.00111919
                  33            0.000864         0.000766545          0.00108475
                  34            0.009036          0.00100976           0.0010801
                  35           -0.001192         0.000946857          0.00105067
                  36            0.002064         0.000977889          0.00102154
                  37             0.00588          0.00111038          0.00100235
                  38             0.00444            0.001198         0.000979538
                  39           -0.006564         0.000998974         0.000974629
                  40            0.000852           0.0009953         0.000949958
