                   1           -0.380944           -0.380944                   0
                   2           -0.379216            -0.38008            0.000864
                   3           -0.381056           -0.380405         0.000595545
                   4            -0.37588           -0.379274          0.00120717
                   5           -0.378128           -0.379045         0.000962748
                   6           -0.378576           -0.378967         0.000789954
                   7           -0.380456           -0.379179         0.000700715
                   8           -0.381312           -0.379446         0.000662806
                   9           -0.382136           -0.379745         0.000656522
                  10              -0.379            -0.37967         0.000591917
                  11           -0.379968           -0.379697         0.000536092
                  12           -0.379712           -0.379699         0.000489384
                  13           -0.380784           -0.379782         0.000457844
                  14           -0.382416            -0.37997         0.000463755
                  15           -0.381264           -0.380057         0.000440263
                  16           -0.383216           -0.380254         0.000456723
                  17            -0.38304           -0.380418         0.000459252
                  18           -0.379128           -0.380346         0.000438877
                  19           -0.379008           -0.380276         0.000421069
                  20            -0.37852           -0.380188         0.000408994
                  21            -0.38224           -0.380286         0.000401115
                  22            -0.38072           -0.380305         0.000382957
                  23           -0.378616           -0.380232         0.000373228
                  24           -0.379392           -0.380197         0.000359048
                  25           -0.381184           -0.380236         0.000346643
                  26           -0.376424            -0.38009         0.000363895
                  27           -0.380488           -0.380105         0.000350468
                  28           -0.379104           -0.380069         0.000339605
                  29           -0.380232           -0.380074         0.000327734
                  30             -0.3812           -0.380112         0.000318836
                  31           -0.378984           -0.380076         0.000310519
                  32           -0.381184            -0.38011         0.000302647
                  33           -0.379864           -0.380103         0.000293427
                  34           -0.378688           -0.380061         0.000287692
                  35           -0.381864           -0.380113          0.00028406
                  36           -0.381208           -0.380143         0.000277728
                  37           -0.382872           -0.380217         0.000280006
                  38           -0.379216           -0.380191         0.000273808
                  39            -0.37724           -0.380115         0.000277217
                  40           -0.382752           -0.380181         0.000278125
                   1           -0.382064           -0.382064                   0
                   2            -0.37932           -0.380692            0.001372
                   3            -0.37836           -0.379915          0.00110982
                   4           -0.378392           -0.379534         0.000872216
                   5           -0.377944           -0.379216         0.000746713
                   6            -0.38056            -0.37944         0.000649536
                   7           -0.379688           -0.379475           0.0005501
                   8           -0.380968           -0.379662         0.000511631
                   9           -0.382904           -0.380022          0.00057737
                  10            -0.37788           -0.379808         0.000559085
                  11           -0.381328           -0.379946          0.00052425
                  12           -0.379336           -0.379895         0.000481266
                  13           -0.381488           -0.380018          0.00045934
                  14           -0.381104           -0.380095         0.000432285
                  15           -0.380056           -0.380093         0.000402444
                  16           -0.383368           -0.380298         0.000428507
                  17            -0.38064           -0.380318         0.000403016
                  18           -0.378696           -0.380228         0.000390502
                  19           -0.380088            -0.38022         0.000369451
                  20           -0.380144           -0.380216         0.000350512
                  21           -0.379784           -0.380196         0.000334039
                  22           -0.380952            -0.38023         0.000320343
                  23            -0.38036           -0.380236          0.00030615
                  24           -0.379352           -0.380199         0.000295421
                  25           -0.379456           -0.380169         0.000284912
                  26           -0.376616           -0.380033         0.000305954
                  27           -0.380176           -0.380038         0.000294452
                  28           -0.380272           -0.380046         0.000283865
                  29            -0.37844           -0.379991         0.000279446
                  30            -0.37952           -0.379975         0.000270426
                  31            -0.37952           -0.379961         0.000261969
                  32            -0.38092            -0.37999         0.000255417
                  33           -0.380736           -0.380013         0.000248584
                  34           -0.379032           -0.379984         0.000242882
                  35           -0.380448           -0.379997         0.000236213
                  36            -0.38136           -0.380035         0.000232657
                  37           -0.382736           -0.380108         0.000237762
                  38           -0.379128           -0.380083         0.000232854
                  39           -0.378896           -0.380052         0.000228837
                  40           -0.381992           -0.380101         0.000228254
