                   1             1.54957             1.54957                   0
                   2             1.49214             1.52086           0.0287154
                   3             1.46579              1.5025           0.0247338
                   4             1.46189             1.49235           0.0202228
                   5             1.48861              1.4916           0.0156824
                   6             1.50897              1.4945           0.0131276
                   7             1.59638             1.50905           0.0183007
                   8             1.48481             1.50602           0.0161359
                   9             1.53248             1.50896           0.0145311
                  10             1.49825             1.50789           0.0130411
                  11              1.4678             1.50425           0.0123462
                  12             1.44572             1.49937           0.0122806
                  13             1.56657             1.50454            0.012423
                  14             1.48287             1.50299           0.0116052
                  15             1.50911              1.5034           0.0108115
                  16             1.50889             1.50374           0.0101191
                  17             1.52862              1.5052          0.00961722
                  18             1.54043             1.50716          0.00927595
                  19             1.51574             1.50761          0.00878579
                  20             1.46739              1.5056          0.00857416
                  21             1.53141             1.50683          0.00824772
                  22             1.47431             1.50535          0.00800161
                  23             1.52107             1.50604           0.0076763
                  24             1.53948             1.50743          0.00748048
                  25             1.57907              1.5103          0.00772607
                  26              1.5208              1.5107          0.00743396
                  27             1.58067             1.51329          0.00760825
                  28             1.52765              1.5138           0.0073494
                  29             1.45798             1.51188          0.00734806
                  30              1.4866             1.51104          0.00714874
                  31             1.49681             1.51058          0.00692951
                  32             1.53201             1.51125          0.00674283
                  33             1.46638             1.50989          0.00667525
                  34             1.48476             1.50915          0.00651796
                  35              1.4958             1.50877          0.00634047
                  36             1.48303             1.50805          0.00620316
                  37             1.50154             1.50788          0.00603575
                  38             1.55162             1.50903          0.00598647
                  39             1.45919             1.50775          0.00596931
                  40             1.52443             1.50817          0.00583309
                   1             1.53703             1.53703                   0
                   2             1.47992             1.50847           0.0285551
                   3             1.45186              1.4896           0.0250587
                   4             1.45199              1.4802           0.0200595
                   5             1.50122              1.4844           0.0160969
                   6             1.50493             1.48782           0.0135812
                   7             1.60937             1.50519           0.0208152
                   8             1.50009             1.50455           0.0180377
                   9             1.52491             1.50681           0.0160678
                  10             1.47867               1.504           0.0146444
                  11             1.46776              1.5007             0.01365
                  12             1.44556             1.49611           0.0132809
                  13              1.5776             1.50238            0.013731
                  14             1.48767             1.50133           0.0127557
                  15             1.49326             1.50079           0.0118871
                  16             1.52517             1.50231           0.0112233
                  17             1.52061             1.50339           0.0105972
                  18             1.53544             1.50517           0.0101486
                  19             1.50624             1.50523          0.00959975
                  20             1.47546             1.50374          0.00922796
                  21             1.53207             1.50509          0.00888062
                  22             1.47985             1.50394          0.00854471
                  23              1.5354             1.50531          0.00827854
                  24             1.53489             1.50654          0.00802138
                  25             1.57854             1.50942          0.00821517
                  26             1.49513             1.50887          0.00791199
                  27              1.5621             1.51084          0.00786439
                  28              1.5292              1.5115          0.00760662
                  29             1.45882             1.50968          0.00756106
                  30             1.47277             1.50845          0.00740758
                  31             1.49927             1.50815          0.00717076
                  32             1.53771             1.50908          0.00700422
                  33             1.48318             1.50829          0.00683385
                  34             1.49135             1.50779          0.00664852
                  35             1.47908             1.50697          0.00650767
                  36             1.50252             1.50685          0.00632553
                  37             1.51916             1.50718          0.00616118
                  38             1.54185              1.5081          0.00606584
                  39             1.46358             1.50695          0.00601749
                  40             1.51771             1.50722          0.00587128
