                   1             2.61215             2.61215                   0
                   2             2.49555             2.55385           0.0582996
                   3             2.52494             2.54422           0.0350115
                   4              2.3373             2.49249           0.0573479
                   5             2.49915             2.49382           0.0444415
                   6             2.54376             2.50214           0.0372286
                   7              2.6101             2.51757           0.0350403
                   8             2.46446             2.51093           0.0310635
                   9             2.60521              2.5214           0.0293302
                  10             2.41574             2.51084           0.0282819
                  11             2.58855              2.5179           0.0265396
                  12             2.61341             2.52586            0.025501
                  13             2.44641             2.51975           0.0242405
                  14             2.65234             2.52922           0.0243588
                  15             2.47659             2.52571           0.0229466
                  16             2.57716             2.52893           0.0217041
                  17             2.48702             2.52646           0.0205359
                  18             2.39906             2.51938           0.0206145
                  19             2.50211             2.51848           0.0195206
                  20             2.67358             2.52623           0.0200771
                  21             2.49863             2.52492           0.0191423
                  22             2.45106             2.52156           0.0185577
                  23             2.53211             2.52202           0.0177384
                  24             2.52236             2.52203           0.0169832
                  25             2.47445             2.52013           0.0164006
                  26                2.51             2.51974            0.015762
                  27             2.48638              2.5185           0.0152172
                  28             2.54668             2.51951           0.0146982
                  29             2.56605             2.52112           0.0142728
                  30             2.45932             2.51906           0.0139418
                  31             2.44261             2.51659           0.0137082
                  32             2.56425             2.51808           0.0133562
                  33             2.52932             2.51842           0.0129496
                  34             2.49867             2.51784           0.0125764
                  35             2.56083             2.51907           0.0122734
                  36             2.66688             2.52317           0.0126146
                  37             2.57616              2.5246           0.0123522
                  38             2.59525             2.52646           0.0121657
                  39             2.52115             2.52633           0.0118504
                  40             2.53776             2.52661           0.0115539
                   1             2.60598             2.60598                   0
                   2             2.48478             2.54538           0.0605994
                   3             2.52628             2.53901           0.0355621
                   4             2.32774              2.4862           0.0584994
                   5             2.49946             2.48885            0.045391
                   6              2.5259             2.49502           0.0375725
                   7             2.59435             2.50921           0.0347809
                   8             2.43511             2.49995           0.0315134
                   9             2.60958             2.51213           0.0303445
                  10             2.44469             2.50539           0.0279664
                  11             2.60071             2.51405           0.0267397
                  12             2.60367             2.52152           0.0255267
                  13             2.44556             2.51568           0.0241973
                  14             2.65725             2.52579            0.024579
                  15             2.50801              2.5246           0.0229125
                  16             2.58066             2.52811           0.0217171
                  17             2.49117             2.52594           0.0205151
                  18              2.4058             2.51926           0.0204609
                  19             2.49931             2.51821           0.0193825
                  20             2.66062             2.52533           0.0197184
                  21             2.50948             2.52458           0.0187711
                  22             2.47198             2.52219           0.0180565
                  23             2.58258             2.52481           0.0174523
                  24             2.51667             2.52447           0.0167127
                  25             2.47005              2.5223           0.0161774
                  26             2.48923             2.52102           0.0155947
                  27             2.49608              2.5201           0.0150344
                  28              2.5719             2.52195           0.0146052
                  29              2.5702             2.52361           0.0141904
                  30             2.47675             2.52205           0.0137979
                  31             2.43987              2.5194           0.0136062
                  32             2.58297             2.52139            0.013323
                  33             2.52064             2.52136            0.012913
                  34             2.50924             2.52101           0.0125325
                  35              2.5644             2.52225           0.0122322
                  36             2.67935             2.52661           0.0126633
                  37             2.55386             2.52735           0.0123383
                  38             2.58063             2.52875           0.0120908
                  39             2.55264             2.52936           0.0117926
                  40             2.51788             2.52908           0.0114976
