                   1            0.247244            0.247244                   0
                   2             0.25097            0.249107          0.00186321
                   3            0.248762            0.248992          0.00108185
                   4            0.246979            0.248489         0.000915638
                   5            0.251832            0.249157         0.000974781
                   6            0.241263            0.247842           0.0015377
                   7            0.245364            0.247488          0.00134694
                   8            0.244163            0.247072          0.00123832
                   9            0.248912            0.247277          0.00111107
                  10            0.246155            0.247164          0.00100008
                  11            0.248423            0.247279          0.00091181
                  12            0.249652            0.247477         0.000855528
                  13              0.2439            0.247201         0.000833676
                  14            0.242181            0.246843         0.000851078
                  15            0.253979            0.247319         0.000924186
                  16            0.250649            0.247527         0.000889208
                  17            0.247064              0.2475         0.000835708
                  18            0.243084            0.247254         0.000825212
                  19            0.248996            0.247346         0.000785937
                  20            0.248181            0.247388         0.000746774
                  21            0.252644            0.247638         0.000753135
                  22            0.242626             0.24741         0.000753356
                  23             0.25483            0.247733          0.00078884
                  24            0.256039            0.248079         0.000830777
                  25            0.248248            0.248086         0.000796882
                  26            0.253382            0.248289         0.000792258
                  27            0.251111            0.248394          0.00076948
                  28            0.254435             0.24861         0.000772239
                  29            0.250345            0.248669         0.000747533
                  30            0.245268            0.248556         0.000731032
                  31            0.252202            0.248674         0.000716771
                  32            0.245732            0.248582         0.000700072
                  33            0.241951            0.248381          0.00070765
                  34            0.247719            0.248361         0.000686797
                  35            0.241075            0.248153         0.000698622
                  36            0.249408            0.248188         0.000679832
                  37            0.250887            0.248261         0.000665215
                  38            0.248933            0.248279         0.000647715
                  39            0.247379            0.248256         0.000631309
                  40            0.251764            0.248343         0.000621545
                   1            0.243401            0.243401                   0
                   2            0.248825            0.246113          0.00271194
                   3            0.246774            0.246333          0.00158117
                   4            0.246241             0.24631          0.00111829
                   5            0.250597            0.247167          0.00121875
                   6            0.247947            0.247297          0.00100354
                   7            0.244955            0.246963         0.000911777
                   8            0.245573            0.246789         0.000808496
                   9            0.247548            0.246873         0.000717997
                  10            0.253679            0.247554         0.000935761
                  11            0.248874            0.247674         0.000854894
                  12            0.247241            0.247638          0.00078124
                  13            0.240424            0.247083         0.000907957
                  14            0.244893            0.246927         0.000855029
                  15            0.253462            0.247362         0.000907446
                  16            0.249958            0.247524         0.000864202
                  17            0.248794            0.247599         0.000815203
                  18            0.241737            0.247273         0.000834737
                  19            0.250694            0.247453         0.000809841
                  20            0.244863            0.247324         0.000779121
                  21             0.24886            0.247397         0.000744695
                  22            0.246584             0.24736         0.000710999
                  23            0.254171            0.247656          0.00074112
                  24            0.252442            0.247856         0.000737054
                  25            0.248191            0.247869         0.000707085
                  26            0.252255            0.248038         0.000699973
                  27            0.252609            0.248207         0.000694502
                  28            0.251526            0.248326         0.000679654
                  29            0.258766            0.248686         0.000748117
                  30            0.251121            0.248767         0.000727294
                  31            0.246195            0.248684         0.000708318
                  32            0.245717            0.248591         0.000692066
                  33            0.245051            0.248484         0.000679289
                  34            0.248479            0.248484         0.000659007
                  35            0.240801            0.248264         0.000676504
                  36            0.252079             0.24837         0.000665927
                  37            0.252898            0.248493         0.000659139
                  38            0.248047            0.248481         0.000641666
                  39            0.247514            0.248456         0.000625488
                  40            0.252479            0.248557          0.00061789
