                   1           -0.029308           -0.029308                   0
                   2           -0.010232            -0.01977            0.009538
                   3            0.003284          -0.0120853          0.00945402
                   4           -0.014164           -0.012605          0.00670517
                   5            0.009548          -0.0081744          0.00682685
                   6             0.02324         -0.00293867          0.00764745
                   7            -0.00978           -0.003916          0.00653675
                   8           -0.010764           -0.004772          0.00572534
                   9            0.009932         -0.00313822          0.00530702
                  10            0.019592          -0.0008652          0.00526291
                  11            -0.01852         -0.00247018          0.00502375
                  12            -0.01514           -0.003526          0.00470601
                  13           -0.004984         -0.00363815          0.00433035
                  14           -0.000376         -0.00340514          0.00401589
                  15           -0.007796         -0.00369787          0.00375003
                  16            0.006036          -0.0030895           0.0035602
                  17            0.013808         -0.00209553          0.00348881
                  18           -0.000884         -0.00202822          0.00328997
                  19             -0.0021           -0.002032          0.00311201
                  20            0.018128           -0.001024          0.00311964
                  21           -0.002592         -0.00109867          0.00296831
                  22           -0.002404           -0.001158           0.0028308
                  23            0.010012        -0.000672348          0.00274817
                  24            0.009844        -0.000234167          0.00266741
                  25             0.00486           -3.04e-05          0.00256659
                  26           -0.002952        -0.000142769          0.00246846
                  27            0.003624        -3.25926e-06          0.00237937
                  28           -0.006168        -0.000223429          0.00230337
                  29            0.001532        -0.000162897          0.00222335
                  30           -0.010256        -0.000499333          0.00217414
                  31           -0.003124           -0.000584          0.00210455
                  32           -0.001068        -0.000599125          0.00203777
                  33             -0.0002         -0.00058703          0.00197509
                  34           -0.000824           -0.000594          0.00191614
                  35           -0.000396        -0.000588343          0.00186059
                  36            0.001132        -0.000540556           0.0018088
                  37            0.008696        -0.000290919          0.00177686
                  38           -0.007976        -0.000493158          0.00174125
                  39           -0.005632        -0.000624923          0.00170113
                  40            0.011536          -0.0003209           0.0016857
                   1           -0.025804           -0.025804                   0
                   2           -0.011076            -0.01844            0.007364
                   3            0.004156           -0.010908          0.00864911
                   4             -0.0125           -0.011306          0.00612878
                   5             0.01072          -0.0069008          0.00647634
                   6            0.023448         -0.00184267          0.00731756
                   7           -0.008924         -0.00285429          0.00626666
                   8            -0.01026            -0.00378          0.00550547
                   9            0.009456         -0.00230933          0.00507321
                  10            0.019848           -9.36e-05           0.0050497
                  11           -0.017728         -0.00169673          0.00484079
                  12            -0.01524         -0.00282533          0.00456086
                  13           -0.004492         -0.00295354          0.00419734
                  14             0.00022         -0.00272686          0.00389258
                  15           -0.006864         -0.00300267          0.00363428
                  16             0.00612          -0.0024325          0.00344704
                  17            0.013376         -0.00150259          0.00336882
                  18           -0.003264         -0.00160044          0.00317766
                  19           -0.001964         -0.00161958          0.00300582
                  20            0.016684          -0.0007044          0.00299483
                  21           -0.002672        -0.000798095           0.0028502
                  22           -0.002412        -0.000871455          0.00271855
                  23            0.010284        -0.000386435          0.00264255
                  24            0.008272        -2.56667e-05          0.00255564
                  25            0.005392          0.00019104          0.00246085
                  26           -0.003032         6.70769e-05          0.00236755
                  27            0.002896         0.000171852          0.00228059
                  28           -0.006696        -7.34286e-05          0.00221127
                  29            0.001068         -3.4069e-05          0.00213402
                  30           -0.011536        -0.000417467          0.00209701
                  31           -0.003376        -0.000512903          0.00203048
                  32           -0.001156           -0.000533          0.00196611
                  33           -0.001684        -0.000567879          0.00190592
                  34           -0.001056        -0.000582235          0.00184907
                  35           -0.000724        -0.000586286          0.00179546
                  36             0.00146        -0.000529444           0.0017458
                  37            0.008804        -0.000277189           0.0017166
                  38           -0.007676        -0.000471895          0.00168212
                  39           -0.005096        -0.000590462          0.00164271
                  40            0.013088          -0.0002485          0.00163722
