                   1               0.004               0.004                   0
                   2            0.000932            0.002466            0.001534
                   3            0.015768              0.0069          0.00452159
                   4           -0.001972            0.004682          0.00389126
                   5           -0.008444           0.0020568           0.0039971
                   6            -0.00424          0.00100733           0.0034282
                   7              0.0028          0.00126343          0.00290866
                   8            0.014664           0.0029385          0.00302508
                   9            0.013568          0.00411956           0.0029176
                  10           -0.007456            0.002962           0.0028548
                  11            0.015948          0.00414255          0.00283932
                  12           -0.006764          0.00323367          0.00274667
                  13           -0.009952          0.00221938          0.00272256
                  14           -0.025788         0.000218857            0.003218
                  15           -0.009604           -0.000436          0.00306653
                  16           -0.009652           -0.001012          0.00292574
                  17            0.008988        -0.000423765           0.0028105
                  18             0.00288        -0.000240222          0.00265611
                  19           -0.014748         -0.00100379           0.0026259
                  20            0.001236          -0.0008918          0.00249366
                  21           -0.010368         -0.00134305          0.00241449
                  22           -0.000316         -0.00129636           0.0023026
                  23            -0.01142         -0.00173652           0.0022438
                  24            -0.00986           -0.002075          0.00217478
                  25            0.015316         -0.00137936          0.00219891
                  26            0.003804            -0.00118          0.00212203
                  27           -0.016624           -0.001752          0.00212053
                  28            0.014684           -0.001165          0.00212604
                  29            0.009856        -0.000784966          0.00208632
                  30            -0.01334         -0.00120347          0.00205856
                  31           -0.002984          -0.0012609          0.00199188
                  32            -0.00504           -0.001379          0.00193224
                  33            -0.00774         -0.00157176          0.00188267
                  34            -0.01298         -0.00190729          0.00185702
                  35            0.011648            -0.00152          0.00184431
                  36           -0.000912         -0.00150311          0.00179242
                  37            0.009932         -0.00119405          0.00177049
                  38           -0.014928         -0.00155547          0.00176076
                  39           -0.012492          -0.0018359          0.00173779
                  40           -0.004136          -0.0018934          0.00169477
                   1           -0.004848           -0.004848                   0
                   2           -0.001116           -0.002982            0.001866
                   3           -0.015236         -0.00706667          0.00422435
                   4            0.000392           -0.005202           0.0035213
                   5            0.006812          -0.0027992          0.00363499
                   6            0.004172         -0.00163733          0.00318728
                   7           -0.002348         -0.00173886          0.00269565
                   8            -0.01374           -0.003239          0.00277495
                   9           -0.013288         -0.00435556          0.00268995
                  10             0.00744           -0.003176          0.00267956
                  11           -0.016652         -0.00440109          0.00271577
                  12            0.006948         -0.00345533          0.00265342
                  13            0.008972         -0.00249938          0.00262132
                  14             0.02576        -0.000480857           0.0031566
                  15            0.009276           0.0001696          0.00300976
                  16             0.00998          0.00078275          0.00288137
                  17           -0.009256         0.000192235          0.00277025
                  18             -0.0011         0.000120444           0.0026128
                  19            0.015784         0.000944842          0.00260533
                  20           -0.000712            0.000862          0.00247302
                  21            0.011524          0.00136971          0.00240648
                  22                   0          0.00130745          0.00229533
                  23            0.011932          0.00176939          0.00224139
                  24             0.00966          0.00209817            0.002171
                  25            -0.01608          0.00137104          0.00220565
                  26            -0.00408          0.00116138          0.00212947
                  27            0.016084          0.00171407          0.00212231
                  28           -0.015308          0.00110614          0.00213355
                  29           -0.008664         0.000769241          0.00208605
                  30            0.012336           0.0011548          0.00205187
                  31            0.002704          0.00120477          0.00198521
                  32            0.006412           0.0013675          0.00192904
                  33            0.007832          0.00156339          0.00187991
                  34            0.013604          0.00191753          0.00185784
                  35           -0.011276          0.00154057          0.00184294
                  36             0.00054          0.00151278          0.00179124
                  37           -0.009448          0.00121654          0.00176716
                  38              0.0142          0.00155821          0.00175363
                  39            0.011596          0.00181559          0.00172736
                  40            0.004788           0.0018899          0.00168526
