                   1            0.000264            0.000264                   0
                   2             0.00996            0.005112            0.004848
                   3            0.001944            0.004056          0.00299157
                   4            0.002248            0.003604          0.00216311
                   5            0.004144            0.003712          0.00167902
                   6            0.007004          0.00426067          0.00147663
                   7            -3.6e-05          0.00364686          0.00139076
                   8            0.001792            0.003415          0.00122655
                   9             0.00128          0.00317778          0.00110742
                  10              0.0021             0.00307         0.000996353
                  11            -0.00124          0.00267818         0.000982724
                  12            -0.00914          0.00169333          0.00133218
                  13           -0.010776         0.000734154          0.00155618
                  14             0.00416         0.000978857          0.00146138
                  15             0.00306           0.0011176          0.00136753
                  16           -0.001808          0.00093475          0.00129221
                  17           -0.002304         0.000744235          0.00122868
                  18            -0.00176         0.000605111          0.00116673
                  19            0.002632         0.000711789          0.00110876
                  20            0.004344           0.0008934          0.00106743
                  21            0.002212          0.00095619          0.00101726
                  22             0.00762          0.00125909          0.00101612
                  23            0.001636          0.00127548         0.000971075
                  24            0.000684          0.00125083          0.00093006
                  25            0.000916          0.00123744         0.000892183
                  26              0.0021          0.00127062         0.000857823
                  27           -0.007104         0.000960444         0.000881793
                  28            0.004244          0.00107771         0.000857771
                  29            0.003504          0.00116138         0.000831882
                  30           -0.005596         0.000936133         0.000834643
                  31            -0.00716         0.000674968         0.000848465
                  32             9.6e-05         0.000656875         0.000821722
                  33           -0.001332         0.000596606         0.000798709
                  34            0.000412         0.000591176          0.00077488
                  35            0.000712         0.000594629         0.000752423
                  36            -0.00022            0.000572         0.000731574
                  37            -0.00112          0.00052627         0.000712995
                  38           -0.009192         0.000270526         0.000739602
                  39           -0.003768         0.000166974         0.000727793
                  40            0.006712           0.0003306         0.000727991
                   1            0.000472            0.000472                   0
                   2            0.008836            0.004654            0.004182
                   3              0.0019            0.003736          0.00258311
                   4            0.001888            0.003274          0.00188405
                   5               0.003           0.0032192          0.00146041
                   6            0.006484          0.00376333           0.0013107
                   7            0.001888          0.00349543          0.00113968
                   8              0.0024           0.0033585         0.000996448
                   9            0.000812          0.00307556         0.000923211
                  10            0.002112           0.0029792         0.000831348
                  11            -6.8e-05          0.00270218         0.000801385
                  12           -0.009748          0.00166467           0.0012695
                  13           -0.011252         0.000671077          0.00153326
                  14             0.00496         0.000977429          0.00145221
                  15            0.002316          0.00106667          0.00135487
                  16           -0.001492          0.00090675          0.00127742
                  17           -0.001612         0.000758588          0.00120904
                  18           -0.003636         0.000514444          0.00116574
                  19            0.002516         0.000619789           0.0011077
                  20            0.005824             0.00088           0.0010826
                  21            0.003288         0.000994667          0.00103612
                  22            0.007404            0.001286          0.00102996
                  23            0.001788          0.00130783         0.000984406
                  24           -0.000872            0.001217         0.000946863
                  25            0.001068          0.00121104         0.000908219
                  26            0.003664          0.00130538         0.000877674
                  27           -0.007848          0.00096637         0.000910045
                  28            0.005532          0.00112943         0.000891972
                  29            0.002592          0.00117986         0.000862141
                  30            -0.00564         0.000952533         0.000863373
                  31           -0.006548         0.000710581         0.000869404
                  32            0.000904         0.000716625         0.000841819
                  33           -0.003252         0.000596364         0.000824726
                  34             0.00054         0.000594706         0.000800103
                  35           -0.000244         0.000570743         0.000777276
                  36            0.001116         0.000585889         0.000755529
                  37            0.000876          0.00059373         0.000734867
                  38           -0.009152         0.000337263         0.000759857
                  39           -0.003076         0.000249744         0.000745273
                  40            0.006764           0.0004126         0.000744435
