                   1            0.060624            0.060624                   0
                   2            0.114256             0.08744            0.026816
                   3            0.508336            0.227739             0.14115
                   4           -0.202836            0.120095            0.146795
                   5           -0.080724           0.0799312            0.120592
                   6            0.147532            0.091198           0.0991055
                   7            0.007412           0.0792286           0.0846104
                   8           -0.186964           0.0459545           0.0804758
                   9           -0.278512          0.00990267           0.0796046
                  10            0.520688           0.0609812           0.0876272
                  11            0.369184           0.0889996           0.0840682
                  12            0.267112            0.103842           0.0781656
                  13           -0.004076           0.0955409           0.0723795
                  14            0.036752           0.0913417           0.0671419
                  15           -0.358004           0.0613853           0.0693134
                  16            0.357536           0.0798947            0.067427
                  17             0.41758           0.0997586           0.0663785
                  18            -0.36628           0.0738676           0.0677265
                  19            0.234132           0.0823025           0.0646158
                  20            0.547212            0.105548           0.0655594
                  21             0.17142            0.108685           0.0624382
                  22            0.626424            0.132218           0.0640153
                  23              0.3091            0.139909           0.0616502
                  24           -0.084788            0.130546           0.0597635
                  25           -0.063468            0.122786           0.0578461
                  26            0.007252            0.118342           0.0557541
                  27           -0.118976            0.109553           0.0543646
                  28            0.328148             0.11736           0.0529656
                  29             0.35566            0.125577            0.051763
                  30            -0.43994            0.106726           0.0534427
                  31            0.314928            0.113443           0.0521245
                  32           -0.688672           0.0883765           0.0563512
                  33            -0.61654           0.0670154           0.0586456
                  34            0.297576           0.0737966           0.0572973
                  35            0.610236           0.0891234           0.0577087
                  36           -0.452532           0.0740774            0.058066
                  37            0.469608           0.0847675           0.0574777
                  38            0.370804           0.0922947           0.0564488
                  39            0.077788           0.0919228           0.0549836
                  40           -0.284456           0.0825133           0.0544111
                   1            0.058896            0.058896                   0
                   2            0.113944             0.08642            0.027524
                   3            0.508348            0.227063            0.141538
                   4           -0.202888            0.119575            0.146867
                   5           -0.081072           0.0794456            0.120633
                   6            0.147108           0.0907227           0.0991401
                   7            0.007132           0.0787811           0.0846354
                   8            -0.18678            0.045586           0.0804629
                   9           -0.278452          0.00958178           0.0795729
                  10            0.520708           0.0606944           0.0876241
                  11              0.3691           0.0887313           0.0840717
                  12             0.26702            0.103589           0.0781715
                  13           -0.003924           0.0953185           0.0723814
                  14              0.0371             0.09116            0.067141
                  15           -0.358004           0.0612157           0.0693074
                  16            0.357392           0.0797267           0.0674221
                  17             0.41748           0.0995946           0.0663753
                  18           -0.366116           0.0737218           0.0677168
                  19            0.234192           0.0821676           0.0646081
                  20            0.547348            0.105427           0.0655573
                  21            0.171196            0.108558            0.062436
                  22            0.626216            0.132088           0.0640119
                  23            0.309328            0.139794            0.061649
                  24           -0.084952             0.13043           0.0597627
                  25           -0.063308             0.12268           0.0578438
                  26            0.006936            0.118229           0.0557526
                  27           -0.118996            0.109443           0.0543626
                  28            0.328332             0.11726           0.0529652
                  29            0.355128            0.125462           0.0517603
                  30           -0.440116             0.10661            0.053441
                  31            0.314596            0.113319            0.052122
                  32           -0.688452           0.0882637           0.0563443
                  33           -0.616628           0.0669034            0.058639
                  34            0.297656           0.0736902           0.0572916
                  35             0.61002           0.0890139           0.0577025
                  36           -0.452316            0.073977           0.0580579
                  37            0.469816           0.0846754           0.0574715
                  38              0.3709           0.0922076           0.0564435
                  39            0.078144            0.091847           0.0549783
                  40           -0.284532           0.0824375           0.0544061
