                   1            0.002416            0.002416                   0
                   2            0.007804             0.00511            0.002694
                   3            0.005188            0.005136           0.0015556
                   4            0.020284            0.008923          0.00394352
                   5              0.0121           0.0095584          0.00312002
                   6           -0.001592              0.0077           0.0031533
                   7           -0.035724          0.00149657          0.00675166
                   8             -0.0199           -0.001178          0.00642978
                   9             0.02212          0.00141067          0.00623347
                  10           -0.028736           -0.001604          0.00633822
                  11             -0.0105         -0.00241273           0.0057899
                  12            -0.00114         -0.00230667          0.00528649
                  13            0.060264          0.00250646          0.00684205
                  14             -0.0474         -0.00105829          0.00726866
                  15           -0.002644           -0.001164          0.00676758
                  16            0.023072          0.00035075          0.00650919
                  17           -0.002504         0.000182824          0.00611663
                  18           -0.012448        -0.000518889          0.00580935
                  19            0.008444        -4.71579e-05           0.0055153
                  20           -0.013776          -0.0007336          0.00527711
                  21            0.012592        -9.90476e-05          0.00505949
                  22            0.010276         0.000372545          0.00484703
                  23           -0.011732        -0.000153739           0.0046613
                  24              0.0028        -3.06667e-05          0.00446455
                  25            0.020132          0.00077584          0.00435753
                  26           -0.001376         0.000693077           0.0041874
                  27            0.018392          0.00134859           0.0040823
                  28            0.006692          0.00153943          0.00393843
                  29           -0.002364          0.00140483          0.00380258
                  30           -0.024584         0.000538533           0.0037744
                  31            0.000176         0.000526839          0.00365064
                  32           -0.007004           0.0002915          0.00354254
                  33           -0.020072        -0.000325576          0.00348852
                  34            0.020232         0.000279059          0.00343795
                  35           -0.004292         0.000148457          0.00334083
                  36           -0.015216        -0.000278333          0.00327464
                  37           -0.018552        -0.000772216          0.00322297
                  38            0.043652         0.000396842          0.00334776
                  39           -0.004324         0.000275795          0.00326304
                  40           -0.010804            -1.2e-06          0.00319246
                   1           -0.002496           -0.002496                   0
                   2           -0.008344            -0.00542            0.002924
                   3           -0.005168           -0.005336          0.00169026
                   4           -0.019976           -0.008996          0.00385021
                   5           -0.011992          -0.0095952          0.00304196
                   6             0.00098         -0.00783267          0.00304557
                   7            0.036288         -0.00152971          0.00680827
                   8            0.020292            0.001198          0.00649653
                   9           -0.023608         -0.00155822          0.00635789
                  10            0.027832           0.0013808          0.00640125
                  11            0.010864          0.00224291          0.00585398
                  12            0.000364          0.00208633          0.00534622
                  13           -0.060836         -0.00275385          0.00690016
                  14            0.046708         0.000779143          0.00730017
                  15            0.001332            0.000816          0.00679619
                  16             -0.0228            -0.00066          0.00652635
                  17            0.002404        -0.000479765          0.00613309
                  18             0.01384         0.000315778           0.0058368
                  19             -0.0096        -0.000206105          0.00554567
                  20            0.012544           0.0004314          0.00529957
                  21           -0.012524        -0.000185524           0.0050785
                  22           -0.009564        -0.000611818          0.00486089
                  23            0.010464        -0.000130261          0.00466964
                  24           -0.001892        -0.000203667          0.00447144
                  25           -0.020068         -0.00099824          0.00436184
                  26            0.002368        -0.000868769          0.00419272
                  27           -0.018264         -0.00151304          0.00408556
                  28           -0.006008         -0.00167357          0.00394022
                  29            0.001964         -0.00154814          0.00380399
                  30            0.024768        -0.000670933          0.00377825
                  31            0.000144        -0.000644645          0.00365443
                  32            0.007012        -0.000405375          0.00354647
                  33            0.019972         0.000212121          0.00349234
                  34           -0.020776        -0.000405176          0.00344385
                  35            0.004868        -0.000254514           0.0033474
                  36            0.015944         0.000195444          0.00328406
                  37            0.017936         0.000674919          0.00322985
                  38           -0.044308        -0.000508842          0.00335919
                  39            0.005028        -0.000366872          0.00327501
                  40            0.010748            -8.9e-05          0.00320415
                   1            0.002416            0.002416                   0
                   2            0.007804             0.00511            0.002694
                   3            0.005188            0.005136           0.0015556
                   4            0.020284            0.008923          0.00394352
                   5              0.0121           0.0095584          0.00312002
                   6           -0.001592              0.0077           0.0031533
                   7           -0.035724          0.00149657          0.00675166
                   8             -0.0199           -0.001178          0.00642978
                   9             0.02212          0.00141067          0.00623347
                  10           -0.028736           -0.001604          0.00633822
                  11             -0.0105         -0.00241273           0.0057899
                  12            -0.00114         -0.00230667          0.00528649
                  13            0.060264          0.00250646          0.00684205
                  14             -0.0474         -0.00105829          0.00726866
                  15           -0.002644           -0.001164          0.00676758
                  16            0.023072          0.00035075          0.00650919
                  17           -0.002504         0.000182824          0.00611663
                  18           -0.012448        -0.000518889          0.00580935
                  19            0.008444        -4.71579e-05           0.0055153
                  20           -0.013776          -0.0007336          0.00527711
                  21            0.012592        -9.90476e-05          0.00505949
                  22            0.010276         0.000372545          0.00484703
                  23           -0.011732        -0.000153739           0.0046613
                  24              0.0028        -3.06667e-05          0.00446455
                  25            0.020132          0.00077584          0.00435753
                  26           -0.001376         0.000693077           0.0041874
                  27            0.018392          0.00134859           0.0040823
                  28            0.006692          0.00153943          0.00393843
                  29           -0.002364          0.00140483          0.00380258
                  30           -0.024584         0.000538533           0.0037744
                  31            0.000176         0.000526839          0.00365064
                  32           -0.007004           0.0002915          0.00354254
                  33           -0.020072        -0.000325576          0.00348852
                  34            0.020232         0.000279059          0.00343795
                  35           -0.004292         0.000148457          0.00334083
                  36           -0.015216        -0.000278333          0.00327464
                  37           -0.018552        -0.000772216          0.00322297
                  38            0.043652         0.000396842          0.00334776
                  39           -0.004324         0.000275795          0.00326304
                  40           -0.010804            -1.2e-06          0.00319246
