                   1            0.140701            0.140701                   0
                   2            0.134989            0.137845          0.00285585
                   3               0.135            0.136897          0.00190201
                   4            0.139238            0.137482          0.00146681
                   5            0.137403            0.137466          0.00113629
                   6            0.137958            0.137548         0.000931385
                   7            0.132931            0.136889          0.00102694
                   8            0.134658             0.13661         0.000932055
                   9            0.137909            0.136754         0.000834578
                  10            0.140457            0.137124         0.000833248
                  11            0.137498            0.137158         0.000754465
                  12            0.137098            0.137153         0.000688747
                  13            0.138962            0.137292         0.000648655
                  14             0.13633            0.137224         0.000604463
                  15            0.136507            0.137176         0.000564749
                  16            0.139089            0.137295         0.000541639
                  17            0.139472            0.137423         0.000524639
                  18            0.137407            0.137423         0.000494636
                  19            0.138381            0.137473         0.000470588
                  20             0.14099            0.137649         0.000479822
                  21            0.136843             0.13761         0.000458012
                  22            0.134724            0.137479         0.000455986
                  23            0.136323            0.137429         0.000438602
                  24            0.137556            0.137434         0.000419963
                  25            0.138357            0.137471         0.000404501
                  26            0.137316            0.137465         0.000388678
                  27            0.136771            0.137439         0.000374888
                  28            0.137051            0.137426         0.000361517
                  29            0.137551             0.13743         0.000348855
                  30             0.13743             0.13743         0.000337026
                  31            0.137062            0.137418         0.000326189
                  32             0.13509            0.137345           0.0003241
                  33            0.137556            0.137352         0.000314191
                  34             0.13478            0.137276         0.000314051
                  35             0.13311            0.137157         0.000327352
                  36            0.140023            0.137237         0.000327938
                  37             0.13873            0.137277         0.000321494
                  38            0.134149            0.137195         0.000323563
                  39            0.138642            0.137232         0.000317336
                  40            0.137283            0.137233         0.000309303
                   1            0.137827            0.137827                   0
                   2            0.136979            0.137403         0.000423849
                   3             0.13517            0.136659         0.000783738
                   4            0.137239            0.136804         0.000572855
                   5            0.140318            0.137507         0.000831243
                   6            0.138237            0.137628         0.000689553
                   7            0.135503            0.137325         0.000657159
                   8            0.136991            0.137283         0.000570644
                   9            0.135922            0.137132          0.00052548
                  10            0.140439            0.137463         0.000574695
                  11            0.134335            0.137178         0.000592518
                  12            0.138367            0.137277         0.000549891
                  13            0.137024            0.137258           0.0005062
                  14            0.137984             0.13731         0.000471516
                  15            0.136379            0.137248         0.000443323
                  16            0.135126            0.137115         0.000435377
                  17             0.13817            0.137177         0.000413648
                  18            0.137947             0.13722         0.000392332
                  19            0.136471             0.13718         0.000373196
                  20            0.138158            0.137229         0.000357403
                  21            0.136537            0.137196         0.000341551
                  22            0.137631            0.137216         0.000326256
                  23             0.14095            0.137378         0.000351485
                  24            0.137942            0.137402          0.00033734
                  25              0.1377            0.137414         0.000323785
                  26            0.136385            0.137374         0.000313592
                  27            0.136909            0.137357         0.000302246
                  28            0.137789            0.137372          0.00029166
                  29             0.13875             0.13742         0.000285406
                  30            0.139452            0.137488         0.000283923
                  31            0.136011             0.13744         0.000278713
                  32            0.134652            0.137353         0.000283581
                  33            0.137258             0.13735         0.000274868
                  34            0.137488            0.137354         0.000266692
                  35            0.134629            0.137276         0.000270413
                  36            0.138471            0.137309         0.000264882
                  37            0.140115            0.137385         0.000268554
                  38            0.135328            0.137331         0.000266937
                  39             0.13397            0.137245         0.000273911
                  40            0.136332            0.137222          0.00026795
