                   1           -0.406376           -0.406376                   0
                   2           -0.407952           -0.407164            0.000788
                   3           -0.407008           -0.407112         0.000457914
                   4           -0.405544            -0.40672         0.000508436
                   5           -0.408632           -0.407102         0.000548939
                   6           -0.411768            -0.40788         0.000897525
                   7           -0.410592           -0.408267          0.00085176
                   8           -0.410312           -0.408523         0.000780665
                   9           -0.412552           -0.408971         0.000821226
                  10           -0.408048           -0.408878         0.000740299
                  11           -0.409544           -0.408939         0.000672354
                  12           -0.410096           -0.409035         0.000621301
                  13           -0.407856           -0.408945         0.000578669
                  14           -0.412048           -0.409166         0.000579792
                  15            -0.41008           -0.409227         0.000543183
                  16           -0.412416           -0.409426         0.000545791
                  17            -0.41232           -0.409597         0.000540196
                  18            -0.40828           -0.409524         0.000514528
                  19           -0.410136           -0.409556         0.000487761
                  20           -0.407712           -0.409464         0.000471825
                  21           -0.410024            -0.40949         0.000449588
                  22           -0.409856           -0.409507         0.000428987
                  23           -0.409008           -0.409485         0.000410485
                  24             -0.4092           -0.409473         0.000393189
                  25           -0.411728           -0.409564         0.000387767
                  26           -0.405864           -0.409421         0.000398802
                  27            -0.40916           -0.409412          0.00038387
                  28           -0.409416           -0.409412         0.000369906
                  29           -0.407504           -0.409346         0.000362934
                  30           -0.410056            -0.40937         0.000351426
                  31           -0.409112           -0.409361         0.000340002
                  32           -0.408448           -0.409333         0.000330441
                  33           -0.410656           -0.409373         0.000322771
                  34           -0.408216           -0.409339         0.000314977
                  35           -0.408712           -0.409321         0.000306369
                  36           -0.409328           -0.409321         0.000297738
                  37           -0.408688           -0.409304         0.000290084
                  38            -0.40944           -0.409308          0.00028237
                  39           -0.406072           -0.409225         0.000287275
                  40            -0.41064            -0.40926         0.000282228
                   1           -0.407072           -0.407072                   0
                   2           -0.408232           -0.407652             0.00058
                   3           -0.406824           -0.407376         0.000433946
                   4           -0.407184           -0.407328         0.000310578
                   5           -0.410328           -0.407928         0.000646433
                   6             -0.4126           -0.408707         0.000940694
                   7           -0.409792           -0.408862         0.000810009
                   8           -0.409136           -0.408896         0.000702326
                   9           -0.411936           -0.409234         0.000705508
                  10           -0.406536           -0.408964         0.000686275
                  11           -0.412168           -0.409255         0.000685698
                  12           -0.409384           -0.409266         0.000626046
                  13           -0.408528           -0.409209          0.00057867
                  14           -0.411568           -0.409378         0.000561612
                  15           -0.409248           -0.409369         0.000522904
                  16           -0.413592           -0.409633         0.000555798
                  17           -0.410096            -0.40966         0.000522791
                  18           -0.406944           -0.409509         0.000515474
                  19           -0.410336           -0.409553         0.000489527
                  20           -0.409376           -0.409544          0.00046449
                  21            -0.40968            -0.40955         0.000441866
                  22            -0.40892           -0.409522         0.000422276
                  23           -0.409816           -0.409535         0.000403702
                  24           -0.408464            -0.40949         0.000389081
                  25           -0.410312           -0.409523         0.000374639
                  26            -0.40592           -0.409384         0.000385694
                  27           -0.408552           -0.409353         0.000372412
                  28           -0.409264            -0.40935          0.00035888
                  29             -0.4062           -0.409242         0.000362923
                  30           -0.408888            -0.40923         0.000350815
                  31            -0.40976           -0.409247          0.00033974
                  32            -0.40884           -0.409234         0.000329198
                  33           -0.409544           -0.409244         0.000319204
                  34           -0.407344           -0.409188         0.000314673
                  35           -0.407344           -0.409135         0.000310058
                  36            -0.41104           -0.409188         0.000305933
                  37           -0.409816           -0.409205         0.000298034
                  38            -0.40916           -0.409204         0.000290087
                  39           -0.406176           -0.409126         0.000293023
                  40            -0.40932           -0.409131         0.000285644
