                   1           -0.010676           -0.010676                   0
                   2           -0.010336           -0.010506             0.00017
                   3           -0.003552           -0.008188          0.00232008
                   4            -0.00744           -0.008001          0.00165117
                   5             5.2e-05          -0.0063904          0.00205666
                   6             0.00692           -0.004172           0.0027823
                   7            0.009568         -0.00220914          0.00306304
                   8           -0.002056            -0.00219          0.00265274
                   9            -0.00146         -0.00210889           0.0023409
                  10            0.010224          -0.0008756          0.00242999
                  11           -0.004272         -0.00118436          0.00221959
                  12            0.000396         -0.00105267          0.00203048
                  13            -0.00156         -0.00109169          0.00186817
                  14           -0.004056         -0.00130343          0.00174251
                  15            0.003848            -0.00096          0.00165814
                  16            -0.01066         -0.00156625          0.00166532
                  17           -0.015236         -0.00237035          0.00175886
                  18           -0.008508         -0.00271133          0.00169297
                  19           -0.011508         -0.00317432          0.00166697
                  20            0.005524          -0.0027394          0.00164014
                  21           -0.010788         -0.00312267          0.00160647
                  22           -0.004776         -0.00319782          0.00153356
                  23            0.010308         -0.00261061          0.00157864
                  24            0.019136          -0.0017045          0.00176223
                  25            0.004484         -0.00145696           0.0017083
                  26           -0.008384         -0.00172338          0.00166277
                  27            0.003032         -0.00154726          0.00160966
                  28            -0.00786         -0.00177271          0.00156741
                  29            -0.00538          -0.0018971           0.0015175
                  30            0.002552          -0.0017488          0.00147353
                  31           -0.004224         -0.00182865          0.00142744
                  32            -0.00048          -0.0017865          0.00138275
                  33           -0.004348         -0.00186412          0.00134244
                  34           -0.001204         -0.00184471          0.00130251
                  35           -0.004112         -0.00190949           0.0012664
                  36           -0.011744         -0.00218267          0.00126068
                  37            0.006476         -0.00194865          0.00124826
                  38           -0.009264         -0.00214116          0.00123013
                  39            0.014616         -0.00171149          0.00127288
                  40           -0.002776          -0.0017381          0.00124094
                   1            -0.01188            -0.01188                   0
                   2           -0.010544           -0.011212            0.000668
                   3           -0.003964           -0.008796          0.00244659
                   4           -0.007244           -0.008408          0.00177298
                   5           -0.000188           -0.006764          0.00214215
                   6            0.007188         -0.00443867           0.0029097
                   7            0.009988         -0.00237771          0.00320857
                   8            -0.00108          -0.0022155          0.00278344
                   9           -0.001972         -0.00218844          0.00245491
                  10            0.007912          -0.0011784          0.00241691
                  11           -0.002848         -0.00133018          0.00219144
                  12              0.0007           -0.001161          0.00200764
                  13           -0.002292           -0.001248          0.00184881
                  14            -0.00356         -0.00141314          0.00171961
                  15            0.004108         -0.00104507          0.00164264
                  16            -0.00972         -0.00158725           0.0016294
                  17           -0.014872         -0.00236871          0.00171851
                  18           -0.007724         -0.00266622          0.00164732
                  19           -0.012024         -0.00315874          0.00163419
                  20            0.002788          -0.0028614          0.00157858
                  21            -0.00946         -0.00317562          0.00153406
                  22           -0.003588         -0.00319436          0.00146279
                  23             0.01094         -0.00257983          0.00152687
                  24            0.018156         -0.00171583           0.0016981
                  25            0.004552         -0.00146512          0.00164794
                  26           -0.007516         -0.00169785          0.00160031
                  27             0.00368         -0.00149867          0.00155272
                  28           -0.008316         -0.00174214          0.00151592
                  29            -0.00624         -0.00189724          0.00147091
                  30            0.002452         -0.00175227          0.00142841
                  31           -0.004592         -0.00184387           0.0013846
                  32            0.000196         -0.00178012          0.00134215
                  33           -0.002896         -0.00181394          0.00130128
                  34           -0.001204           -0.001796          0.00126256
                  35           -0.002964         -0.00182937          0.00122641
                  36            -0.01242         -0.00212356          0.00122762
                  37            0.006784         -0.00188281          0.00121801
                  38           -0.011532         -0.00213674          0.00121242
                  39            0.014048         -0.00172174          0.00125171
                  40           -0.003076          -0.0017556          0.00122049
