                   1            0.271143            0.271143                   0
                   2            0.273017             0.27208         0.000937091
                   3            0.265093            0.269751          0.00239081
                   4            0.276271            0.271381          0.00234829
                   5            0.278151            0.272735          0.00226762
                   6            0.268937            0.272102          0.00195673
                   7            0.266701             0.27133          0.00182485
                   8            0.270687             0.27125          0.00158241
                   9            0.265104            0.270567           0.0015537
                  10            0.269066            0.270417          0.00139775
                  11            0.273522            0.270699          0.00129544
                  12            0.268062            0.270479          0.00120282
                  13            0.268226            0.270306          0.00111993
                  14            0.272109            0.270435          0.00104481
                  15            0.266547            0.270176          0.00100662
                  16            0.273514            0.270384         0.000964447
                  17            0.265688            0.270108         0.000947133
                  18            0.270839            0.270149         0.000893889
                  19            0.267807            0.270025         0.000854468
                  20            0.269685            0.270008         0.000810798
                  21            0.275105            0.270251         0.000808509
                  22            0.271018            0.270286          0.00077167
                  23            0.280063            0.270711         0.000851118
                  24            0.271487            0.270743         0.000815524
                  25            0.267291            0.270605         0.000794317
                  26            0.272859            0.270692         0.000768064
                  27            0.278117            0.270967          0.00078858
                  28            0.273053            0.271042          0.00076354
                  29            0.270444            0.271021         0.000737028
                  30            0.269351            0.270965         0.000714209
                  31             0.27948             0.27124         0.000743389
                  32            0.267781            0.271132         0.000727855
                  33            0.265627            0.270965         0.000724906
                  34            0.269643            0.270926         0.000704336
                  35            0.264598            0.270745         0.000707412
                  36            0.267152            0.270646         0.000694688
                  37            0.272037            0.270683         0.000676698
                  38            0.265766            0.270554         0.000671242
                  39            0.268226            0.270494         0.000656523
                  40              0.2801            0.270734         0.000683482
                   1            0.265961            0.265961                   0
                   2            0.273289            0.269625            0.003664
                   3            0.261272            0.266841          0.00349681
                   4            0.273402            0.268481          0.00296723
                   5            0.275372             0.26986          0.00267995
                   6            0.270312            0.269935          0.00218947
                   7            0.263758            0.269053          0.00205009
                   8            0.268731            0.269012          0.00177588
                   9            0.266418            0.268724          0.00159249
                  10            0.272912            0.269143          0.00148465
                  11            0.270659            0.269281          0.00134997
                  12            0.267712             0.26915          0.00123927
                  13            0.271241            0.269311          0.00115125
                  14             0.27267            0.269551          0.00109252
                  15            0.270461            0.269611          0.00101889
                  16            0.274728            0.269931          0.00100529
                  17            0.271954             0.27005          0.00095178
                  18            0.273117            0.270221         0.000913379
                  19            0.263347            0.269859         0.000936655
                  20            0.268668            0.269799         0.000890582
                  21            0.273148            0.269959         0.000861992
                  22            0.268935            0.269912         0.000823194
                  23            0.270083             0.26992         0.000786624
                  24            0.271355            0.269979         0.000755505
                  25            0.271243             0.27003         0.000726416
                  26            0.273524            0.270164          0.00071074
                  27             0.27991            0.270525         0.000773317
                  28            0.266714            0.270389         0.000757518
                  29            0.275951            0.270581         0.000755669
                  30            0.272851            0.270657         0.000733957
                  31            0.270832            0.270662         0.000709909
                  32            0.268276            0.270588           0.0006914
                  33            0.263364            0.270369          0.00070497
                  34            0.268335            0.270309         0.000686533
                  35            0.268012            0.270243         0.000669852
                  36            0.267305            0.270162         0.000656076
                  37            0.272627            0.270228         0.000641566
                  38            0.264543            0.270079         0.000642125
                  39            0.265918            0.269972         0.000634476
                  40            0.272295             0.27003         0.000621132
