                   1             1.24715             1.24715                   0
                   2             1.24524              1.2462          0.00095538
                   3             1.19659             1.22966           0.0165456
                   4             1.24895             1.23448            0.012654
                   5              1.2315             1.23389          0.00981988
                   6              1.2022              1.2286          0.00960117
                   7             1.24869             1.23147          0.00860685
                   8             1.21625             1.22957          0.00769278
                   9             1.23406             1.23007          0.00680268
                  10             1.23824             1.23089          0.00613909
                  11             1.20601             1.22862          0.00599601
                  12             1.23411             1.22908          0.00549266
                  13             1.20304             1.22708          0.00543511
                  14             1.29057             1.23161           0.0067739
                  15             1.26528             1.23386          0.00669371
                  16             1.21551             1.23271          0.00636552
                  17             1.24929             1.23369          0.00605838
                  18             1.22508             1.23321          0.00573189
                  19             1.20938             1.23195          0.00556496
                  20             1.21442             1.23108          0.00535166
                  21              1.2197             1.23054          0.00511921
                  22             1.20293             1.22928          0.00503964
                  23             1.19164             1.22764            0.005086
                  24             1.25701             1.22887           0.0050208
                  25             1.26499             1.23031          0.00502786
                  26             1.22966             1.23029          0.00483068
                  27             1.25415             1.23117           0.0047316
                  28             1.23841             1.23143          0.00456681
                  29             1.20946             1.23067          0.00447117
                  30             1.22365             1.23044           0.0043259
                  31              1.2195             1.23009          0.00419889
                  32             1.23038             1.23009          0.00406557
                  33             1.22389             1.22991          0.00394494
                  34             1.25146             1.23054          0.00387929
                  35             1.22994             1.23052          0.00376687
                  36             1.24211             1.23084          0.00367485
                  37              1.2252             1.23069           0.0035774
                  38             1.20923             1.23013          0.00352748
                  39             1.22593             1.23002          0.00343753
                  40              1.2003             1.22928          0.00343189
                   1             1.24224             1.24224                   0
                   2             1.24658             1.24441          0.00216843
                   3             1.19728              1.2287           0.0157595
                   4             1.23732             1.23086           0.0113499
                   5             1.22568             1.22982          0.00885225
                   6             1.19504             1.22402          0.00926512
                   7              1.2509             1.22786          0.00872119
                   8             1.20722             1.22528          0.00798162
                   9             1.22768             1.22555          0.00704418
                  10             1.23017             1.22601          0.00631744
                  11             1.20786             1.22436          0.00594785
                  12             1.24318             1.22593          0.00565159
                  13              1.2122             1.22487          0.00530495
                  14             1.28273             1.22901          0.00641871
                  15             1.24671             1.23019          0.00609094
                  16             1.21323             1.22913          0.00579527
                  17             1.27273             1.23169          0.00601781
                  18              1.2214             1.23112           0.0057024
                  19             1.21345             1.23019          0.00547356
                  20             1.21463             1.22941          0.00525064
                  21             1.22226             1.22907          0.00500596
                  22             1.21282             1.22833          0.00482979
                  23             1.19633             1.22694          0.00482019
                  24             1.26391             1.22848          0.00486521
                  25             1.24878             1.22929          0.00473669
                  26             1.24189             1.22978          0.00457658
                  27             1.23653             1.23003          0.00441091
                  28             1.22738             1.22993          0.00425151
                  29             1.20609             1.22911          0.00418388
                  30             1.22992             1.22914           0.0040421
                  31             1.23168             1.22922           0.0039104
                  32             1.24152              1.2296          0.00380568
                  33             1.22575             1.22949          0.00369041
                  34             1.25592             1.23026          0.00366366
                  35             1.25293             1.23091          0.00361592
                  36             1.25539             1.23159           0.0035792
                  37             1.24184             1.23187          0.00349212
                  38              1.2018             1.23108          0.00348987
                  39             1.21886             1.23076          0.00341362
                  40             1.20506             1.23012          0.00338866
