                   1             1.83589             1.83589                   0
                   2             1.95175             1.89382           0.0579313
                   3             1.91235                 1.9           0.0340121
                   4             1.86305             1.89076           0.0257626
                   5              1.8741             1.88743           0.0202318
                   6             1.90651             1.89061           0.0168226
                   7             1.91061             1.89347           0.0145019
                   8             1.85838             1.88908            0.013303
                   9             1.98932             1.90022           0.0161769
                  10              1.8564             1.89584           0.0151181
                  11             1.86438             1.89298           0.0139707
                  12             1.80093             1.88531           0.0148826
                  13             1.82221             1.88045           0.0145248
                  14             1.89255             1.88132           0.0134751
                  15             1.92339             1.88412           0.0128545
                  16             1.83925             1.88132           0.0123469
                  17             1.92184              1.8837           0.0118404
                  18             1.87484             1.88321           0.0111741
                  19             1.85306             1.88162            0.010688
                  20             1.91326              1.8832           0.0102622
                  21             1.90935             1.88445           0.0098404
                  22             1.91787             1.88597          0.00950465
                  23             1.85438              1.8846          0.00918524
                  24             1.92238             1.88617          0.00893403
                  25             1.92156             1.88759          0.00868536
                  26             1.89754             1.88797           0.0083534
                  27             1.94282                1.89          0.00829085
                  28             1.92432             1.89123          0.00808276
                  29             1.90021             1.89154          0.00780522
                  30             1.89552             1.89167          0.00754173
                  31             1.90858             1.89221          0.00731477
                  32             1.89582             1.89233          0.00708339
                  33             1.86903             1.89162          0.00690159
                  34             1.88019             1.89128          0.00670396
                  35             1.98077             1.89384          0.00699366
                  36             1.85309             1.89271          0.00689024
                  37             1.97101             1.89483          0.00702764
                  38              1.9363             1.89592          0.00692674
                  39             1.92818             1.89674          0.00679732
                  40             1.90204             1.89688          0.00662653
                   1             1.82069             1.82069                   0
                   2             1.92902             1.87486           0.0541661
                   3             1.90974             1.88648            0.033365
                   4             1.86844             1.88197           0.0240201
                   5             1.88515             1.88261           0.0186167
                   6             1.93319             1.89104           0.0173817
                   7             1.92413             1.89577            0.015432
                   8             1.82926             1.88745           0.0157388
                   9             1.96738             1.89633           0.0164783
                  10             1.87921             1.89462           0.0148377
                  11             1.86991             1.89238           0.0136079
                  12             1.83107             1.88727           0.0134319
                  13             1.82134             1.88219           0.0133559
                  14             1.90931             1.88413            0.012516
                  15             1.92552             1.88689            0.011974
                  16             1.82773             1.88319           0.0117951
                  17             1.89699             1.88401           0.0111093
                  18             1.88902             1.88428           0.0104776
                  19             1.86299             1.88316          0.00997401
                  20              1.9178             1.88489          0.00961933
                  21             1.89533             1.88539          0.00916329
                  22             1.91915             1.88693          0.00887059
                  23             1.86594             1.88601          0.00852513
                  24             1.92482             1.88763          0.00832081
                  25              1.9196             1.88891          0.00808287
                  26             1.89018             1.88896          0.00776592
                  27              1.9461             1.89107          0.00776665
                  28             1.92093             1.89214          0.00755972
                  29             1.88988             1.89206           0.0072948
                  30             1.89246             1.89208          0.00704746
                  31             1.89662             1.89222          0.00681791
                  32             1.88615             1.89203          0.00660413
                  33             1.86189             1.89112          0.00646573
                  34             1.89167             1.89114           0.0062727
                  35             1.97887             1.89364          0.00658647
                  36             1.83984             1.89215          0.00657307
                  37             1.97383             1.89436          0.00676339
                  38             1.93111             1.89532          0.00665367
                  39             1.93736              1.8964          0.00656986
                  40             1.92733             1.89717          0.00645001
