                   1            -0.89444            -0.89444                   0
                   2            -0.89264            -0.89354              0.0009
                   3           -0.898648           -0.895243          0.00178019
                   4           -0.888632            -0.89359          0.00207746
                   5           -0.890616           -0.892995           0.0017156
                   6           -0.887008           -0.891997          0.00171986
                   7            -0.88352           -0.890786          0.00189194
                   8           -0.889448           -0.890619          0.00164699
                   9           -0.894376           -0.891036           0.0015113
                  10           -0.895448           -0.891478          0.00142192
                  11           -0.888376           -0.891196          0.00131672
                  12           -0.901352           -0.892042          0.00147007
                  13           -0.888808           -0.891793          0.00137496
                  14            -0.89044           -0.891697          0.00127663
                  15           -0.890968           -0.891648          0.00118947
                  16           -0.889744           -0.891529            0.001119
                  17           -0.892288           -0.891574          0.00105206
                  18           -0.897688           -0.891913          0.00104845
                  19           -0.898232           -0.892246            0.001046
                  20           -0.896976           -0.892482          0.00102012
                  21            -0.88864           -0.892299         0.000987429
                  22           -0.891608           -0.892268         0.000942001
                  23           -0.897568           -0.892498         0.000929142
                  24           -0.895832           -0.892637         0.000900364
                  25            -0.88612           -0.892377         0.000902089
                  26           -0.889784           -0.892277         0.000872416
                  27           -0.889664            -0.89218         0.000845043
                  28           -0.887312           -0.892006         0.000832657
                  29           -0.891104           -0.891975         0.000804034
                  30           -0.892544           -0.891994         0.000777002
                  31            -0.89004           -0.891931         0.000754159
                  32           -0.892672           -0.891954         0.000730578
                  33           -0.885216            -0.89175         0.000736946
                  34            -0.88956           -0.891686         0.000717839
                  35           -0.884296           -0.891475         0.000728302
                  36           -0.903888           -0.891819          0.00078731
                  37           -0.901472            -0.89208         0.000808956
                  38           -0.896312           -0.892192         0.000795217
                  39           -0.890744           -0.892154         0.000775447
                  40           -0.894008           -0.892201         0.000757231
                   1           -0.894848           -0.894848                   0
                   2           -0.892768           -0.893808             0.00104
                   3           -0.898176           -0.895264          0.00157495
                   4           -0.888528            -0.89358          0.00201893
                   5           -0.890792           -0.893022          0.00166029
                   6            -0.88688           -0.891999          0.00169875
                   7           -0.883936           -0.890847          0.00184063
                   8           -0.889216           -0.890643          0.00160701
                   9            -0.89408           -0.891025           0.0014678
                  10           -0.895256           -0.891448          0.00137934
                  11           -0.888136           -0.891147          0.00128348
                  12           -0.901048           -0.891972          0.00143302
                  13            -0.88892           -0.891737          0.00133893
                  14           -0.890064           -0.891618          0.00124535
                  15           -0.891256           -0.891594          0.00115961
                  16           -0.890032           -0.891496           0.0010891
                  17           -0.892536           -0.891557          0.00102486
                  18           -0.897328           -0.891878          0.00101804
                  19           -0.898384            -0.89222          0.00102205
                  20           -0.896832           -0.892451          0.00099664
                  21           -0.888768           -0.892275         0.000964079
                  22           -0.891584           -0.892244          0.00091975
                  23           -0.897624           -0.892478         0.000909448
                  24           -0.896096           -0.892629         0.000883684
                  25             -0.8862           -0.892372         0.000885749
                  26           -0.889768           -0.892271         0.000856871
                  27           -0.889936           -0.892185         0.000829049
                  28            -0.88712           -0.892004         0.000819114
                  29           -0.891352           -0.891982         0.000790684
                  30           -0.892496           -0.891999         0.000764066
                  31           -0.889896           -0.891931         0.000742114
                  32           -0.893264           -0.891972         0.000719755
                  33           -0.885288            -0.89177         0.000726417
                  34           -0.889608           -0.891706         0.000707591
                  35           -0.883832           -0.891481         0.000722974
                  36           -0.904104           -0.891832         0.000785234
                  37              -0.901            -0.89208         0.000802908
                  38           -0.896008           -0.892183           0.0007883
                  39            -0.89088            -0.89215         0.000768548
                  40           -0.894352           -0.892205         0.000751109
