                   1            0.206156            0.206156                   0
                   2           -0.354068           -0.073956            0.280112
                   3           -0.105052          -0.0843213            0.162055
                   4            0.122872           -0.032523            0.125753
                   5           -0.172268           -0.060472            0.101339
                   6            0.155024           -0.024556           0.0902014
                   7              0.0552          -0.0131623           0.0770808
                   8            0.013292          -0.0098555           0.0668358
                   9             0.11028          0.00349289           0.0604362
                  10           -0.290196           -0.025876           0.0615187
                  11           -0.106428          -0.0331989           0.0561256
                  12            0.088736          -0.0230377           0.0522333
                  13           -0.104416          -0.0292975           0.0484537
                  14            0.131356          -0.0178223           0.0463039
                  15            0.201348         -0.00321093           0.0455156
                  16            0.000676           -0.002968           0.0425766
                  17            0.156036          0.00638518           0.0410729
                  18            0.030712          0.00773667           0.0387475
                  19            0.005112          0.00759853           0.0366517
                  20            0.156264           0.0150318           0.0355565
                  21           -0.225388          0.00358324           0.0357062
                  22            0.011984          0.00396509           0.0340466
                  23            0.026332          0.00493757           0.0325472
                  24            0.025632          0.00579983           0.0311735
                  25           -0.024412          0.00459136            0.029925
                  26            0.059288          0.00669508           0.0288279
                  27             0.02614          0.00741526            0.027749
                  28             -0.2704         -0.00250671           0.0285211
                  29            0.002984         -0.00231738           0.0275207
                  30            0.017052         -0.00167173           0.0265953
                  31             0.11204          0.00199639           0.0259833
                  32            0.148844          0.00658538           0.0255733
                  33           -0.114372             0.00292           0.0250558
                  34            0.180796          0.00815165           0.0248643
                  35            0.109256           0.0110403           0.0243157
                  36            0.025232           0.0114346           0.0236339
                  37            -0.02154           0.0105434           0.0230035
                  38             0.22682           0.0162348           0.0231021
                  39             0.16448            0.020036           0.0228207
                  40           -0.098636           0.0170692           0.0224398
                   1            -0.20946            -0.20946                   0
                   2            0.354064            0.072302            0.281762
                   3            0.104708            0.083104            0.163034
                   4           -0.122976            0.031584            0.126271
                   5            0.172416           0.0597504            0.101784
                   6           -0.155628            0.023854           0.0905271
                   7           -0.055336           0.0125411           0.0773413
                   8           -0.013296           0.0093115           0.0670573
                   9           -0.110892         -0.00404444           0.0606284
                  10            0.290044           0.0253644           0.0616889
                  11            0.106776           0.0327655           0.0562884
                  12           -0.088104            0.022693            0.052362
                  13            0.104536           0.0289886           0.0485757
                  14           -0.131236            0.017544           0.0464057
                  15           -0.201436          0.00294533           0.0456013
                  16           -0.000392          0.00273675           0.0426566
                  17           -0.156172         -0.00661082           0.0411448
                  18           -0.030384         -0.00793156           0.0388142
                  19           -0.005676         -0.00781284           0.0367147
                  20           -0.156132          -0.0152288           0.0356114
                  21            0.224812         -0.00379829           0.0357498
                  22           -0.011924         -0.00416764           0.0340881
                  23           -0.026384         -0.00513357           0.0325866
                  24           -0.025772          -0.0059935           0.0312112
                  25            0.024216         -0.00478512           0.0299611
                  26           -0.058816         -0.00686323           0.0288606
                  27           -0.026288         -0.00758267           0.0277804
                  28            0.270428          0.00234629           0.0285519
                  29           -0.003492          0.00214497           0.0275505
                  30           -0.016892           0.0015104           0.0266239
                  31           -0.112624         -0.00217135           0.0260126
                  32           -0.148548         -0.00674562           0.0255986
                  33            0.114328         -0.00307673           0.0250806
                  34           -0.180576         -0.00829729           0.0248855
                  35           -0.109372          -0.0111851            0.024336
                  36           -0.024992          -0.0115687           0.0236534
                  37            0.022008          -0.0106612           0.0230231
                  38           -0.227164          -0.0163586            0.023122
                  39           -0.164356          -0.0201534           0.0228388
                  40            0.098732          -0.0171813           0.0224581
