                   1            0.290078            0.290078                   0
                   2            0.294296            0.292187          0.00210864
                   3            0.290153            0.291509          0.00139353
                   4            0.296948            0.292869          0.00167928
                   5            0.290344            0.292364          0.00139533
                   6             0.28815            0.291661          0.00133831
                   7            0.296333            0.292329          0.00131331
                   8            0.287093            0.291674           0.0013122
                   9            0.283192            0.290732          0.00149251
                  10            0.295518             0.29121          0.00141813
                  11             0.28875            0.290987          0.00130211
                  12            0.292569            0.291119          0.00119595
                  13             0.29169            0.291163          0.00110099
                  14            0.298438            0.291682          0.00114415
                  15            0.295894            0.291963          0.00110154
                  16            0.304738            0.292761          0.00130353
                  17            0.302377            0.293327          0.00134879
                  18            0.285615            0.292899          0.00134189
                  19            0.301578            0.293355            0.001349
                  20            0.297151            0.293545          0.00129377
                  21            0.295537             0.29364          0.00123427
                  22            0.288866            0.293423          0.00119667
                  23            0.297251            0.293589           0.0011555
                  24            0.287236            0.293325          0.00113754
                  25             0.30328            0.293723          0.00116148
                  26            0.307043            0.294235          0.00122789
                  27            0.297254            0.294347          0.00118682
                  28            0.286078            0.294052          0.00118116
                  29            0.298835            0.294217          0.00115158
                  30            0.275884            0.293606          0.00126932
                  31            0.300643            0.293833           0.0012485
                  32            0.291037            0.293745          0.00121201
                  33            0.284383            0.293462          0.00120848
                  34             0.29553            0.293522          0.00117398
                  35            0.286304            0.293316          0.00115845
                  36            0.298781            0.293468            0.001136
                  37            0.285871            0.293263          0.00112378
                  38            0.292221            0.293235          0.00109415
                  39            0.295289            0.293288          0.00106703
                  40            0.304652            0.293572          0.00107812
                   1            0.287707            0.287707                   0
                   2            0.295374             0.29154          0.00383332
                   3            0.283384            0.288822          0.00350569
                   4            0.299773            0.291559          0.00369331
                   5            0.292564             0.29176          0.00286788
                   6            0.291203            0.291667          0.00234346
                   7            0.293193            0.291885          0.00199254
                   8            0.287267            0.291308          0.00181961
                   9            0.280619             0.29012          0.00199642
                  10            0.297797            0.290888          0.00194365
                  11            0.287231            0.290556          0.00178926
                  12            0.287966             0.29034          0.00164755
                  13            0.292218            0.290484          0.00152239
                  14            0.299361            0.291118           0.0015455
                  15            0.293688             0.29129          0.00144895
                  16            0.300724            0.291879          0.00147807
                  17            0.305115            0.292658           0.0015918
                  18            0.289372            0.292475          0.00151183
                  19              0.3003            0.292887          0.00148816
                  20            0.291845            0.292835          0.00141276
                  21             0.29251             0.29282          0.00134389
                  22            0.294178            0.292881          0.00128283
                  23             0.29389            0.292925          0.00122658
                  24             0.28817            0.292727          0.00119095
                  25            0.297091            0.292902          0.00115558
                  26            0.302208             0.29326          0.00116652
                  27            0.295858            0.293356           0.0011266
                  28            0.282114            0.292954          0.00115748
                  29             0.29902            0.293163          0.00113627
                  30            0.287717            0.292982          0.00111265
                  31            0.297567             0.29313          0.00108628
                  32            0.293853            0.293152          0.00105203
                  33            0.283251            0.292852          0.00106288
                  34            0.294377            0.292897          0.00103212
                  35            0.287095            0.292731          0.00101581
                  36            0.296243            0.292829         0.000991998
                  37            0.283638            0.292581         0.000996282
                  38            0.290923            0.292537          0.00097069
                  39            0.293031             0.29255         0.000945558
                  40            0.305796            0.292881         0.000979304
