                   1            -0.50336            -0.50336                   0
                   2           -0.506776           -0.505068            0.001708
                   3            -0.50456           -0.504899          0.00100055
                   4            -0.49984           -0.503634          0.00144911
                   5           -0.502776           -0.503462          0.00113552
                   6           -0.504992           -0.503717         0.000961558
                   7           -0.508032           -0.504334          0.00101998
                   8           -0.505728           -0.504508         0.000900354
                   9           -0.504952           -0.504557         0.000795569
                  10            -0.50412           -0.504514         0.000712921
                  11           -0.503832           -0.504452         0.000647832
                  12           -0.501664           -0.504219         0.000635376
                  13            -0.50568           -0.504332         0.000595163
                  14           -0.506464           -0.504484         0.000571677
                  15             -0.5052           -0.504532         0.000534338
                  16           -0.503888           -0.504492         0.000501444
                  17           -0.505224           -0.504535         0.000472992
                  18           -0.504712           -0.504544          0.00044605
                  19            -0.50652           -0.504648         0.000434544
                  20           -0.501216           -0.504477         0.000446541
                  21           -0.504976           -0.504501          0.00042541
                  22           -0.503896           -0.504473         0.000406543
                  23           -0.504064           -0.504455         0.000388872
                  24            -0.50748           -0.504581         0.000393069
                  25           -0.505672           -0.504625         0.000379534
                  26           -0.501808           -0.504517           0.0003804
                  27           -0.504512           -0.504516          0.00036604
                  28           -0.504808           -0.504527         0.000352879
                  29           -0.503296           -0.504484         0.000343128
                  30           -0.504528           -0.504486         0.000331496
                  31           -0.505168           -0.504508         0.000321379
                  32             -0.5076           -0.504605         0.000325832
                  33           -0.504704           -0.504608         0.000315818
                  34           -0.503032           -0.504561         0.000309873
                  35            -0.50324           -0.504523         0.000303248
                  36           -0.506808           -0.504587         0.000301459
                  37           -0.505752           -0.504618         0.000294884
                  38           -0.507648           -0.504698         0.000297887
                  39           -0.504776             -0.5047         0.000290155
                  40           -0.502968           -0.504657         0.000286104
                   1            -0.50364            -0.50364                   0
                   2            -0.50636              -0.505             0.00136
                   3           -0.503624           -0.504541         0.000909345
                   4            -0.50064           -0.503566          0.00116822
                   5           -0.502752           -0.503403         0.000919425
                   6           -0.505632           -0.503775         0.000837585
                   7           -0.508304           -0.504422          0.00095905
                   8           -0.505544           -0.504562         0.000842326
                   9            -0.50632           -0.504757         0.000768113
                  10           -0.502264           -0.504508         0.000730866
                  11           -0.504792           -0.504534         0.000661597
                  12           -0.502232           -0.504342         0.000633683
                  13           -0.505752            -0.50445         0.000592908
                  14           -0.504904           -0.504483         0.000549881
                  15           -0.504512           -0.504485         0.000511915
                  16           -0.504104           -0.504461         0.000479444
                  17           -0.503864           -0.504426         0.000451726
                  18             -0.5034           -0.504369         0.000429688
                  19            -0.50684           -0.504499         0.000426746
                  20           -0.502152           -0.504382         0.000421511
                  21           -0.505384           -0.504429         0.000403768
                  22           -0.503672           -0.504395         0.000386514
                  23            -0.50452             -0.5044         0.000369367
                  24           -0.509032           -0.504593         0.000402872
                  25           -0.503552           -0.504552          0.00038866
                  26           -0.501264           -0.504425         0.000394241
                  27           -0.503464            -0.50439         0.000381026
                  28           -0.505568           -0.504432          0.00036957
                  29           -0.503152           -0.504388         0.000359318
                  30           -0.503616           -0.504362         0.000348086
                  31           -0.504984           -0.504382         0.000337268
                  32           -0.506744           -0.504456         0.000334797
                  33            -0.50484           -0.504467         0.000324701
                  34           -0.502728           -0.504416         0.000319134
                  35           -0.502616           -0.504365         0.000314121
                  36           -0.507056            -0.50444         0.000314291
                  37           -0.506088           -0.504484         0.000308908
                  38           -0.506352           -0.504533         0.000304661
                  39           -0.506024           -0.504571         0.000299198
                  40            -0.50332            -0.50454         0.000293296
