                   1            0.218581            0.218581                   0
                   2            0.211898             0.21524          0.00334173
                   3            0.218812             0.21643          0.00226721
                   4            0.210098            0.214847          0.00225307
                   5            0.216729            0.215224          0.00178534
                   6            0.212051            0.214695          0.00155066
                   7            0.212891            0.214437          0.00133564
                   8            0.203095            0.213019          0.00182974
                   9               0.215            0.213239          0.00162861
                  10            0.212663            0.213182          0.00145782
                  11            0.207193            0.212637          0.00142661
                  12            0.207453            0.212205           0.0013721
                  13            0.220725            0.212861          0.00142214
                  14            0.209986            0.212655          0.00133257
                  15            0.210618             0.21252          0.00124796
                  16            0.216114            0.212744          0.00118878
                  17            0.209197            0.212536          0.00113599
                  18            0.214764            0.212659          0.00107815
                  19            0.211995            0.212624          0.00102043
                  20             0.21735            0.212861         0.000996488
                  21            0.215065            0.212966         0.000953644
                  22            0.208202            0.212749         0.000934687
                  23            0.212844            0.212753         0.000893133
                  24            0.217663            0.212958         0.000879244
                  25            0.211958            0.212918         0.000844289
                  26            0.221184            0.213236         0.000871251
                  27            0.211978            0.213189         0.000839654
                  28            0.213853            0.213213         0.000809459
                  29            0.214084            0.213243         0.000781625
                  30            0.207676            0.213057         0.000777585
                  31            0.210619            0.212979         0.000756185
                  32            0.209683            0.212876         0.000739383
                  33            0.211712             0.21284         0.000717495
                  34            0.213197            0.212851         0.000696151
                  35            0.204011            0.212598         0.000721618
                  36             0.21005            0.212528         0.000704849
                  37            0.215054            0.212596         0.000688926
                  38            0.214084            0.212635         0.000671694
                  39            0.215292            0.212703         0.000657783
                  40            0.217634            0.212826         0.000652873
                   1            0.216953            0.216953                   0
                   2            0.214955            0.215954         0.000998939
                   3            0.213947            0.215285         0.000883208
                   4            0.208948            0.213701            0.001703
                   5            0.216922            0.214345          0.00146808
                   6            0.213659            0.214231          0.00120413
                   7            0.215568            0.214422          0.00103544
                   8            0.204862            0.213227            0.001494
                   9            0.211428            0.213027          0.00133266
                  10            0.215829            0.213307          0.00122447
                  11            0.206014            0.212644          0.00129084
                  12            0.208525            0.212301          0.00122736
                  13            0.218247            0.212758          0.00121813
                  14            0.214383            0.212874          0.00113372
                  15            0.212751            0.212866          0.00105547
                  16            0.214246            0.212952          0.00099106
                  17            0.212326            0.212916         0.000931667
                  18            0.212757            0.212907         0.000878429
                  19            0.215804            0.213059         0.000844787
                  20            0.217635            0.213288         0.000833456
                  21            0.215663            0.213401         0.000800799
                  22            0.212277             0.21335          0.00076524
                  23            0.213996            0.213378         0.000731751
                  24            0.215513            0.213467         0.000706224
                  25            0.207783             0.21324         0.000714522
                  26            0.216063            0.213348         0.000695026
                  27            0.215951            0.213445         0.000675699
                  28            0.213872             0.21346         0.000651299
                  29            0.219585            0.213671         0.000662985
                  30            0.209748             0.21354         0.000653718
                  31            0.211123            0.213462         0.000637068
                  32            0.210236            0.213362         0.000625022
                  33            0.206815            0.213163         0.000637446
                  34            0.215525            0.213233         0.000622304
                  35            0.209197            0.213117         0.000615164
                  36            0.213178            0.213119         0.000597834
                  37             0.21501             0.21317         0.000583693
                  38            0.206713               0.213         0.000592989
                  39            0.213727            0.213019         0.000577885
                  40            0.212137            0.212997         0.000563683
