                   1            0.413317            0.413317                   0
                   2            0.422935            0.418126          0.00480906
                   3            0.406494            0.414248           0.0047689
                   4            0.433113            0.418964          0.00579761
                   5            0.432888            0.421749          0.00528413
                   6            0.397513             0.41771          0.00591026
                   7             0.43285            0.419873          0.00544327
                   8            0.412746            0.418982          0.00479744
                   9            0.415838            0.418633          0.00424534
                  10            0.421811             0.41895          0.00381042
                  11            0.445757            0.421387          0.00422119
                  12            0.403964            0.419935          0.00411787
                  13            0.415112            0.419564          0.00380602
                  14             0.42236            0.419764          0.00352935
                  15            0.417862            0.419637          0.00328809
                  16             0.40459            0.418697           0.0032163
                  17            0.431094            0.419426          0.00310796
                  18            0.427328            0.419865          0.00296291
                  19            0.413685             0.41954          0.00282144
                  20            0.405647            0.418845          0.00276532
                  21            0.423277            0.419056          0.00263879
                  22            0.421118             0.41915          0.00251774
                  23            0.428296            0.419548          0.00243842
                  24            0.422022            0.419651          0.00233689
                  25            0.403732            0.419014          0.00233015
                  26            0.408992            0.418628          0.00227168
                  27            0.429919            0.419047          0.00222556
                  28            0.435039            0.419618          0.00221935
                  29            0.417015            0.419528          0.00214334
                  30            0.427894            0.419807          0.00208935
                  31            0.412426            0.419569          0.00203481
                  32            0.409791            0.419263          0.00199375
                  33            0.422695            0.419367          0.00193518
                  34            0.417296            0.419306          0.00187839
                  35             0.41184            0.419093          0.00183637
                  36             0.44037            0.419684          0.00187995
                  37            0.418864            0.419662          0.00182857
                  38              0.4266            0.419844          0.00178914
                  39             0.44687            0.420537          0.00187539
                  40            0.423223            0.420605          0.00182914
                   1            0.409611            0.409611                   0
                   2            0.430287            0.419949           0.0103379
                   3            0.404744            0.414881          0.00783023
                   4             0.43679            0.420358          0.00778826
                   5            0.432288            0.422744          0.00648747
                   6            0.402942            0.419444          0.00624098
                   7            0.430662            0.421046          0.00551269
                   8            0.417716             0.42063          0.00479224
                   9            0.416842            0.420209          0.00424727
                  10             0.41863            0.420051          0.00380215
                  11            0.436608            0.421556          0.00375413
                  12            0.403489            0.420051          0.00374318
                  13            0.415008            0.419663            0.003465
                  14            0.413903            0.419251          0.00323425
                  15            0.417584             0.41914          0.00301297
                  16            0.405754            0.418304          0.00293994
                  17            0.433883             0.41922          0.00290967
                  18            0.431069            0.419878          0.00282114
                  19            0.409144            0.419313          0.00272767
                  20            0.410581            0.418877          0.00262427
                  21            0.422917            0.419069          0.00250358
                  22            0.420527            0.419135          0.00238799
                  23            0.424909            0.419386          0.00229557
                  24            0.430163            0.419835          0.00224325
                  25            0.408734            0.419391          0.00219699
                  26            0.404162            0.418806          0.00219057
                  27            0.425049            0.419037          0.00212052
                  28            0.428102            0.419361          0.00206887
                  29            0.413364            0.419154          0.00200694
                  30            0.430095            0.419519          0.00197289
                  31            0.413019            0.419309          0.00191967
                  32            0.414004            0.419143          0.00186609
                  33            0.425754            0.419343          0.00181972
                  34            0.423747            0.419473          0.00177013
                  35            0.414591            0.419333          0.00172446
                  36            0.445914            0.420072          0.00183131
                  37            0.408111            0.419749          0.00181023
                  38            0.426812            0.419934          0.00177172
                  39            0.440898            0.420472          0.00180747
                  40            0.422664            0.420527          0.00176256
                   1            0.413317            0.413317                   0
                   2            0.422935            0.418126          0.00480906
                   3            0.406494            0.414248           0.0047689
                   4            0.433113            0.418964          0.00579761
                   5            0.432888            0.421749          0.00528413
                   6            0.397513             0.41771          0.00591026
                   7             0.43285            0.419873          0.00544327
                   8            0.412746            0.418982          0.00479744
                   9            0.415838            0.418633          0.00424534
                  10            0.421811             0.41895          0.00381042
                  11            0.445757            0.421387          0.00422119
                  12            0.403964            0.419935          0.00411787
                  13            0.415112            0.419564          0.00380602
                  14             0.42236            0.419764          0.00352935
                  15            0.417862            0.419637          0.00328809
                  16             0.40459            0.418697           0.0032163
                  17            0.431094            0.419426          0.00310796
                  18            0.427328            0.419865          0.00296291
                  19            0.413685             0.41954          0.00282144
                  20            0.405647            0.418845          0.00276532
                  21            0.423277            0.419056          0.00263879
                  22            0.421118             0.41915          0.00251774
                  23            0.428296            0.419548          0.00243842
                  24            0.422022            0.419651          0.00233689
                  25            0.403732            0.419014          0.00233015
                  26            0.408992            0.418628          0.00227168
                  27            0.429919            0.419047          0.00222556
                  28            0.435039            0.419618          0.00221935
                  29            0.417015            0.419528          0.00214334
                  30            0.427894            0.419807          0.00208935
                  31            0.412426            0.419569          0.00203481
                  32            0.409791            0.419263          0.00199375
                  33            0.422695            0.419367          0.00193518
                  34            0.417296            0.419306          0.00187839
                  35             0.41184            0.419093          0.00183637
                  36             0.44037            0.419684          0.00187995
                  37            0.418864            0.419662          0.00182857
                  38              0.4266            0.419844          0.00178914
                  39             0.44687            0.420537          0.00187539
                  40            0.423223            0.420605          0.00182914
