                   1             1.36472             1.36472                   0
                   2             1.37357             1.36914          0.00442582
                   3             1.38421             1.37417          0.00563476
                   4             1.30175             1.35606           0.0185369
                   5              1.3447             1.35379           0.0145373
                   6             1.34116             1.35168           0.0120549
                   7             1.34153             1.35023            0.010291
                   8             1.37903             1.35383          0.00961186
                   9             1.34059             1.35236          0.00860368
                  10             1.36901             1.35403          0.00787349
                  11             1.32666             1.35154          0.00754394
                  12             1.29863             1.34713           0.0081773
                  13             1.33308             1.34605          0.00759928
                  14             1.37403             1.34805          0.00731397
                  15             1.44231             1.35433          0.00926546
                  16             1.33083             1.35286          0.00879059
                  17             1.37045              1.3539          0.00832188
                  18             1.34868             1.35361          0.00785131
                  19             1.33601             1.35268          0.00748411
                  20             1.30607             1.35035          0.00747279
                  21             1.41443              1.3534          0.00773532
                  22             1.36061             1.35373          0.00738261
                  23              1.3804             1.35489          0.00714897
                  24             1.37496             1.35573          0.00689554
                  25             1.36225             1.35599          0.00661911
                  26             1.35459             1.35593          0.00635967
                  27             1.39442             1.35736           0.0062834
                  28             1.35253             1.35719          0.00605729
                  29             1.34858             1.35689          0.00585222
                  30             1.34889             1.35662          0.00566007
                  31             1.30859             1.35507          0.00568945
                  32             1.40925             1.35677          0.00576307
                  33             1.34895             1.35653          0.00559072
                  34             1.39389             1.35763          0.00553399
                  35             1.35611             1.35758          0.00537373
                  36              1.3899             1.35848           0.0052989
                  37             1.32922             1.35769          0.00521405
                  38             1.34962             1.35748          0.00507942
                  39             1.36888             1.35777           0.0049561
                  40             1.40375             1.35892          0.00496549
                   1             1.37261             1.37261                   0
                   2             1.37314             1.37287         0.000264983
                   3             1.36155              1.3691          0.00377627
                   4             1.30725             1.35364           0.0156919
                   5             1.34012             1.35093           0.0124519
                   6             1.36622             1.35348           0.0104812
                   7             1.34829             1.35274          0.00888925
                   8             1.37812             1.35591          0.00832635
                   9              1.3477               1.355          0.00739957
                  10             1.36099              1.3556          0.00664539
                  11             1.32863             1.35315          0.00649175
                  12             1.31295              1.3498          0.00680724
                  13             1.33951             1.34901           0.0063116
                  14             1.36627             1.35024          0.00597215
                  15             1.43967              1.3562          0.00815215
                  16             1.34393             1.35543          0.00766409
                  17               1.368             1.35617          0.00723699
                  18             1.34136             1.35535          0.00687257
                  19              1.3432             1.35471          0.00653219
                  20             1.31783             1.35287          0.00646557
                  21             1.41082             1.35563          0.00674085
                  22             1.35739             1.35571          0.00642765
                  23             1.38382             1.35693          0.00626229
                  24             1.38731              1.3582          0.00612789
                  25             1.35625             1.35812          0.00587818
                  26             1.35571             1.35802          0.00564833
                  27             1.38738             1.35911          0.00554282
                  28             1.36332             1.35926          0.00534331
                  29             1.34993             1.35894          0.00516579
                  30             1.36305             1.35908          0.00499251
                  31             1.31718             1.35773          0.00501438
                  32             1.41441              1.3595          0.00516823
                  33              1.3682             1.35976          0.00501611
                  34             1.36721             1.35998          0.00487127
                  35             1.36353             1.36008          0.00473113
                  36             1.38466             1.36076          0.00464826
                  37             1.32635             1.35983          0.00461558
                  38             1.34129             1.35935          0.00451889
                  39             1.36505             1.35949          0.00440393
                  40             1.40258             1.36057          0.00442554
