                   1           -0.527912           -0.527912                   0
                   2           -0.531064           -0.529488            0.001576
                   3           -0.527096           -0.528691          0.00120982
                   4           -0.525696           -0.527942          0.00113681
                   5            -0.52676           -0.527706         0.000911749
                   6           -0.529048           -0.527929         0.000777333
                   7             -0.5318           -0.528482         0.000858698
                   8           -0.528656           -0.528504         0.000743971
                   9           -0.529704           -0.528637         0.000669531
                  10           -0.527552           -0.528529         0.000608603
                  11           -0.526056           -0.528304         0.000594632
                  12           -0.526944           -0.528191         0.000554527
                  13           -0.528496           -0.528214         0.000510631
                  14           -0.530912           -0.528407         0.000510519
                  15           -0.529616           -0.528487         0.000482055
                  16           -0.526752           -0.528379         0.000463783
                  17           -0.524664            -0.52816         0.000487386
                  18           -0.526472           -0.528067         0.000468988
                  19           -0.528928           -0.528112         0.000445929
                  20           -0.525664            -0.52799         0.000440396
                  21           -0.526792           -0.527933         0.000422765
                  22           -0.527192           -0.527899         0.000404493
                  23           -0.525968           -0.527815         0.000395519
                  24           -0.529616            -0.52789         0.000386045
                  25            -0.52684           -0.527848         0.000372656
                  26           -0.525792           -0.527769         0.000366665
                  27           -0.528856           -0.527809         0.000355113
                  28           -0.529376           -0.527865         0.000346741
                  29           -0.527144            -0.52784         0.000335493
                  30           -0.528168           -0.527851         0.000324301
                  31           -0.529296           -0.527898         0.000317109
                  32           -0.529544           -0.527949         0.000311319
                  33           -0.531392           -0.528054         0.000319264
                  34           -0.527016           -0.528023         0.000311232
                  35           -0.528832           -0.528046         0.000303091
                  36           -0.530832           -0.528124         0.000304547
                  37           -0.530048           -0.528176         0.000300734
                  38           -0.530888           -0.528247          0.00030129
                  39           -0.529176           -0.528271         0.000294428
                  40           -0.529848            -0.52831          0.00028967
                   1           -0.528648           -0.528648                   0
                   2           -0.530088           -0.529368             0.00072
                   3           -0.527472           -0.528736         0.000756455
                   4           -0.526008           -0.528054         0.000866739
                   5           -0.527288           -0.527901          0.00068863
                   6           -0.529544           -0.528175         0.000625415
                   7            -0.52988           -0.528418         0.000582013
                   8           -0.527784           -0.528339         0.000510236
                   9           -0.529776           -0.528499         0.000477473
                  10           -0.525856           -0.528234         0.000502216
                  11              -0.527           -0.528122         0.000467927
                  12           -0.527632           -0.528081         0.000429106
                  13           -0.529112           -0.528161         0.000402603
                  14           -0.531456           -0.528396          0.00044084
                  15           -0.529232           -0.528452         0.000414167
                  16           -0.527096           -0.528367         0.000396575
                  17            -0.52328           -0.528068         0.000477819
                  18           -0.525832           -0.527944         0.000467302
                  19            -0.52944           -0.528022         0.000448985
                  20           -0.526288           -0.527936         0.000434682
                  21           -0.528032            -0.52794         0.000413491
                  22            -0.52752           -0.527921          0.00039471
                  23           -0.526048            -0.52784         0.000385851
                  24           -0.530832           -0.527964         0.000389897
                  25           -0.525136           -0.527851         0.000390714
                  26           -0.524816           -0.527734         0.000393119
                  27             -0.5284           -0.527759         0.000379081
                  28           -0.530216           -0.527847         0.000375682
                  29            -0.52636           -0.527796         0.000366104
                  30           -0.527616            -0.52779         0.000353741
                  31            -0.52988           -0.527857         0.000348722
                  32            -0.52868           -0.527883         0.000338626
                  33           -0.531752              -0.528         0.000348519
                  34            -0.52712           -0.527974         0.000339103
                  35           -0.528824           -0.527998         0.000330166
                  36           -0.530496           -0.528068         0.000328278
                  37           -0.529704           -0.528112          0.00032233
                  38               -0.53           -0.528162         0.000317643
                  39            -0.52968           -0.528201         0.000311831
                  40             -0.5296           -0.528236         0.000305942
