                   1             1.03855             1.03855                   0
                   2             1.02446             1.03151          0.00704487
                   3             1.02155             1.02819          0.00524896
                   4             1.03489             1.02987          0.00407208
                   5             1.00913             1.02572          0.00520969
                   6              1.0348             1.02723          0.00451516
                   7             1.03842             1.02883          0.00413711
                   8             1.03392             1.02947          0.00363888
                   9             1.04981             1.03173           0.0039251
                  10             1.05976             1.03453          0.00449253
                  11             1.01773               1.033          0.00434124
                  12             1.07033             1.03611          0.00503788
                  13             1.05431             1.03751          0.00484096
                  14             1.03223             1.03714          0.00449769
                  15            0.999218             1.03461          0.00489103
                  16              1.0879             1.03794          0.00565895
                  17              1.0063             1.03608          0.00563207
                  18              1.0171             1.03502          0.00541364
                  19             1.01832             1.03414          0.00519569
                  20             1.01411             1.03314          0.00502985
                  21             1.04542             1.03373          0.00481991
                  22             1.06559             1.03518          0.00481847
                  23             1.03318             1.03509          0.00460502
                  24              1.0236             1.03461          0.00443488
                  25              1.0551             1.03543          0.00433204
                  26             1.04496              1.0358          0.00417819
                  27             1.04466             1.03612          0.00403385
                  28             1.03937             1.03624          0.00388885
                  29             1.01166             1.03539          0.00384689
                  30             1.05163             1.03593          0.00375567
                  31             1.01059             1.03512          0.00372339
                  32             1.05752             1.03582          0.00367252
                  33             1.05563             1.03642          0.00360979
                  34             1.04149             1.03657          0.00350519
                  35             1.07205             1.03758          0.00355137
                  36             1.07258             1.03855          0.00358559
                  37             1.01904             1.03803            0.003527
                  38             1.04773             1.03828          0.00344242
                  39             1.05687             1.03876           0.0033867
                  40             1.03291             1.03861          0.00330418
                   1             1.05147             1.05147                   0
                   2             1.03801             1.04474          0.00672964
                   3             1.02031              1.0366          0.00902329
                   4             1.04003             1.03746          0.00643771
                   5             1.01845             1.03366          0.00626974
                   6             1.00381             1.02868          0.00713811
                   7             1.03761             1.02996          0.00616619
                   8              1.0352             1.03061          0.00538007
                   9             1.04848              1.0326          0.00514317
                  10             1.06663               1.036          0.00572204
                  11             1.03214             1.03565           0.0051877
                  12             1.03211             1.03535          0.00474487
                  13               1.043             1.03594          0.00440414
                  14             1.02112             1.03488          0.00421264
                  15             1.02665             1.03433          0.00395997
                  16             1.07328             1.03677           0.0044325
                  17             1.00208             1.03473          0.00463671
                  18             1.01073              1.0334          0.00457025
                  19              1.0193             1.03265          0.00438625
                  20             1.00248             1.03115           0.0044262
                  21             1.03461             1.03131          0.00421338
                  22             1.06371             1.03278          0.00427869
                  23             1.04689              1.0334          0.00413421
                  24             1.02886             1.03321          0.00396273
                  25             1.05133             1.03393           0.0038694
                  26             1.05741             1.03483          0.00382572
                  27             1.04417             1.03518           0.0036975
                  28             1.03745             1.03526          0.00356392
                  29             1.02477              1.0349          0.00345782
                  30             1.04315             1.03517          0.00335187
                  31             1.00437             1.03418          0.00339079
                  32             1.05166             1.03473          0.00332826
                  33             1.05562             1.03536          0.00328736
                  34             1.04403             1.03562          0.00319939
                  35             1.06993              1.0366          0.00325768
                  36             1.08899             1.03805          0.00348437
                  37             1.02264             1.03763          0.00341439
                  38             1.04905             1.03793          0.00333686
                  39              1.0532             1.03833          0.00327367
                  40             1.01603             1.03777          0.00323911
