                   1             1.66775             1.66775                   0
                   2             1.64484             1.65629           0.0114567
                   3             1.73086             1.68115           0.0257211
                   4              1.6074             1.66271           0.0258986
                   5             1.68723             1.66762           0.0206517
                   6             1.72981             1.67798           0.0197933
                   7             1.75891             1.68954           0.0203345
                   8             1.70439              1.6914           0.0177077
                   9             1.76789              1.6999           0.0177799
                  10             1.68993              1.6989            0.015934
                  11             1.69938             1.69895           0.0144129
                  12             1.58675              1.6896           0.0161409
                  13             1.68266             1.68906           0.0148571
                  14             1.62277             1.68433           0.0145472
                  15              1.6601             1.68271           0.0136386
                  16             1.66872             1.68184           0.0127877
                  17             1.70976             1.68348           0.0121237
                  18             1.60226             1.67897           0.0122888
                  19             1.66289             1.67812           0.0116548
                  20              1.6774             1.67809           0.0110568
                  21             1.67092             1.67774           0.0105227
                  22             1.71514             1.67944            0.010176
                  23             1.62962             1.67728          0.00996182
                  24             1.78341              1.6817            0.010513
                  25             1.65733             1.68073           0.0101307
                  26             1.67771             1.68061          0.00973397
                  27             1.68045              1.6806          0.00936651
                  28             1.70159             1.68135          0.00905687
                  29              1.7065             1.68222          0.00878192
                  30             1.64277             1.68091          0.00858545
                  31             1.66153             1.68028          0.00832738
                  32              1.6723             1.68003          0.00806681
                  33             1.62227             1.67828          0.00801208
                  34             1.70802             1.67916          0.00782192
                  35             1.66054             1.67862          0.00761376
                  36             1.65697             1.67802          0.00742364
                  37             1.67493             1.67794           0.0072207
                  38             1.73619             1.67947          0.00719332
                  39             1.73322             1.68085          0.00714072
                  40             1.74584             1.68247          0.00714705
                   1             1.66873             1.66873                   0
                   2             1.63531             1.65202           0.0167075
                   3             1.73337             1.67914           0.0287823
                   4             1.61014             1.66189           0.0266793
                   5             1.70468             1.67045           0.0223676
                   6             1.72761             1.67997           0.0205989
                   7             1.76781             1.69252           0.0214606
                   8              1.6995             1.69339           0.0186059
                   9             1.77058             1.70197           0.0185147
                  10              1.6925             1.70102           0.0165871
                  11             1.70827             1.70168           0.0150181
                  12             1.59152              1.6925           0.0164995
                  13             1.66265              1.6902           0.0153501
                  14             1.63108             1.68598           0.0148256
                  15             1.65971             1.68423           0.0139126
                  16             1.65481             1.68239           0.0131433
                  17             1.70781             1.68389           0.0124362
                  18             1.58573             1.67843            0.012931
                  19             1.69973             1.67955           0.0122828
                  20             1.67743             1.67945            0.011653
                  21             1.67399             1.67919           0.0110872
                  22             1.69395             1.67986           0.0105925
                  23             1.62278             1.67738           0.0104213
                  24             1.77568             1.68147           0.0107856
                  25             1.65951             1.68059           0.0103824
                  26             1.66594             1.68003          0.00999103
                  27             1.67328             1.67978          0.00961713
                  28             1.71954              1.6812          0.00937544
                  29             1.68486             1.68133          0.00904725
                  30             1.64055             1.67997          0.00884555
                  31             1.66538              1.6795          0.00856838
                  32             1.66662             1.67909          0.00830605
                  33             1.62692             1.67751          0.00820419
                  34             1.71768              1.6787          0.00804645
                  35             1.65858             1.67812          0.00783427
                  36             1.64848              1.6773          0.00765794
                  37              1.6847              1.6775          0.00745078
                  38             1.74863             1.67937          0.00748978
                  39             1.72494             1.68054           0.0073882
                  40             1.74113             1.68205          0.00735873
