                   1             0.39143             0.39143                   0
                   2            0.255418            0.323424           0.0680056
                   3            0.321014            0.322621           0.0392713
                   4            0.328978             0.32421           0.0278144
                   5            0.352164            0.329801           0.0222585
                   6             0.38336            0.338727           0.0202479
                   7            0.366177            0.342649           0.0175562
                   8            0.327878            0.340802           0.0153158
                   9            0.302481            0.336544           0.0141625
                  10            0.342129            0.337103           0.0126796
                  11            0.322557            0.335781           0.0115451
                  12            0.356289             0.33749           0.0106769
                  13            0.350127            0.338462          0.00986929
                  14            0.384819            0.341773          0.00971866
                  15            0.302796            0.339175          0.00941332
                  16            0.319739             0.33796          0.00888874
                  17            0.372129             0.33997          0.00858803
                  18            0.278208            0.336539           0.0087939
                  19            0.292375            0.334214          0.00863685
                  20            0.276344            0.331321          0.00868954
                  21            0.289797            0.329343          0.00849862
                  22            0.282016            0.327192          0.00838382
                  23            0.288635            0.325516          0.00818454
                  24             0.35844            0.326888          0.00795528
                  25            0.343239            0.327542          0.00765842
                  26            0.338153             0.32795          0.00736928
                  27            0.275225            0.325997          0.00735506
                  28            0.379207            0.327897          0.00733785
                  29            0.373465            0.329469          0.00725257
                  30            0.213014            0.325587          0.00801009
                  31            0.300428            0.324775          0.00778978
                  32            0.251501            0.322485          0.00788235
                  33            0.254633            0.320429          0.00791161
                  34            0.274788            0.319087          0.00779189
                  35            0.387004            0.321027          0.00781087
                  36            0.340731            0.321575          0.00761051
                  37            0.289516            0.320708           0.0074525
                  38             0.33985            0.321212           0.0072712
                  39            0.370903            0.322486          0.00719601
                  40            0.366851            0.323595          0.00710095
                   1            0.383746            0.383746                   0
                   2             0.25474            0.319243           0.0645028
                   3            0.321376            0.319954           0.0372475
                   4            0.329829            0.322423           0.0264534
                   5            0.349364            0.327811           0.0211873
                   6            0.384375            0.337238           0.0197013
                   7            0.366156            0.341369           0.0171555
                   8             0.32895            0.339817            0.014938
                   9            0.301574            0.335568           0.0138424
                  10            0.342793             0.33629           0.0124021
                  11            0.322345            0.335023           0.0112895
                  12            0.355817            0.336756           0.0104505
                  13            0.348977            0.337696          0.00965894
                  14            0.387213            0.341233          0.00961651
                  15            0.300797            0.338537          0.00934953
                  16            0.320597            0.337416          0.00881726
                  17            0.369395            0.339297          0.00849332
                  18             0.27776            0.335878          0.00870684
                  19            0.293235            0.333634          0.00853619
                  20            0.276666            0.330785          0.00858447
                  21            0.286972            0.328699          0.00842778
                  22            0.282505            0.326599          0.00830538
                  23            0.289597             0.32499          0.00809748
                  24            0.359472            0.326427          0.00788475
                  25            0.339622            0.326955          0.00758119
                  26            0.337575            0.327363          0.00729521
                  27            0.274201            0.325395          0.00729073
                  28            0.382637            0.327439          0.00731693
                  29            0.371682            0.328965          0.00722307
                  30            0.210224            0.325007          0.00802249
                  31            0.301236             0.32424          0.00779719
                  32            0.251546            0.321968          0.00788397
                  33            0.255466            0.319953          0.00790259
                  34              0.2736             0.31859          0.00778691
                  35            0.386564            0.320532          0.00780659
                  36            0.339425            0.321056          0.00760477
                  37            0.290463             0.32023          0.00744246
                  38            0.341591            0.320792          0.00726573
                  39            0.370226            0.322059           0.0071896
                  40            0.367224            0.323188          0.00709794
