                   1            0.425149            0.425149                   0
                   2            0.459299            0.442224           0.0170752
                   3            0.420628            0.435025            0.012207
                   4            0.467227            0.443076           0.0118032
                   5            0.449953            0.444451          0.00924561
                   6            0.429163            0.441903          0.00796744
                   7            0.457005            0.444061          0.00707087
                   8            0.426111            0.441817          0.00652166
                   9            0.450089            0.442736          0.00582454
                  10            0.445908            0.443053          0.00521927
                  11            0.432443            0.442089          0.00481854
                  12            0.440947            0.441993          0.00439973
                  13            0.399607            0.438733          0.00519717
                  14            0.432403            0.438281          0.00483284
                  15            0.430647            0.437772          0.00452782
                  16            0.447109            0.438355           0.0042754
                  17             0.45445            0.439302          0.00412613
                  18             0.43464            0.439043          0.00389876
                  19            0.429844            0.438559          0.00371951
                  20            0.421442            0.437703          0.00363094
                  21            0.468347            0.439162          0.00374933
                  22            0.448696            0.439596          0.00360102
                  23            0.426204            0.439013          0.00348981
                  24            0.409777            0.437795          0.00355638
                  25            0.448624            0.438228          0.00343855
                  26            0.416414            0.437389          0.00340853
                  27             0.44777            0.437774          0.00330231
                  28            0.440932            0.437887          0.00318419
                  29            0.419987            0.437269          0.00313382
                  30             0.43565            0.437215          0.00302803
                  31            0.446952             0.43753          0.00294552
                  32            0.426527            0.437186          0.00287264
                  33            0.424875            0.436813          0.00280911
                  34            0.448152            0.437146          0.00274557
                  35            0.440952            0.437255          0.00266819
                  36            0.460812            0.437909          0.00267431
                  37            0.436736            0.437878          0.00260122
                  38            0.439449            0.437919          0.00253218
                  39            0.430572            0.437731          0.00247358
                  40            0.457596            0.438227          0.00246156
                   1            0.425781            0.425781                   0
                   2            0.453676            0.439728           0.0139479
                   3             0.42189            0.433782           0.0100103
                   4            0.466168            0.441879           0.0107542
                   5            0.449105            0.443324          0.00845465
                   6            0.428767            0.440898          0.00731712
                   7            0.453387            0.442682          0.00643633
                   8            0.414441            0.439152          0.00659783
                   9            0.455652            0.440985          0.00610074
                  10             0.44312            0.441199          0.00546084
                  11            0.430374            0.440215          0.00503659
                  12             0.43897            0.440111          0.00459893
                  13             0.39976            0.437007          0.00524693
                  14            0.431367            0.436604          0.00487439
                  15            0.434039            0.436433          0.00454103
                  16            0.449344             0.43724          0.00432371
                  17            0.450633            0.438028          0.00413712
                  18            0.438324            0.438044          0.00390055
                  19            0.430007            0.437621          0.00371372
                  20            0.428363            0.437158          0.00355343
                  21            0.466113            0.438537          0.00365039
                  22            0.448948             0.43901          0.00351253
                  23            0.429853            0.438612          0.00337987
                  24            0.409955            0.437418          0.00344925
                  25            0.446192            0.437769          0.00332697
                  26            0.419523            0.437067          0.00327258
                  27            0.449876            0.437542          0.00318457
                  28             0.44311            0.437741          0.00307517
                  29            0.416491            0.437008          0.00305637
                  30            0.440712            0.437131          0.00295531
                  31            0.449817            0.437541          0.00288753
                  32            0.425494            0.437164          0.00282107
                  33            0.425458            0.436809          0.00275716
                  34            0.445604            0.437068          0.00268732
                  35             0.44224            0.437216          0.00261359
                  36            0.454948            0.437708          0.00258727
                  37            0.444465            0.437891          0.00252299
                  38            0.439183            0.437925          0.00245594
                  39             0.43629            0.437883           0.0023925
                  40            0.460286            0.438443          0.00239824
