                   1           -0.423144           -0.423144                   0
                   2           -0.426528           -0.424836            0.001692
                   3           -0.424328           -0.424667         0.000991444
                   4           -0.421016           -0.423754          0.00115084
                   5           -0.423976           -0.423798         0.000892545
                   6            -0.42604           -0.424172         0.000818943
                   7           -0.427512           -0.424649         0.000840663
                   8           -0.426584           -0.424891         0.000767157
                   9           -0.429744            -0.42543         0.000865163
                  10           -0.426576           -0.425545         0.000782262
                  11           -0.425064           -0.425501         0.000708931
                  12           -0.427552           -0.425672          0.00066935
                  13           -0.423632           -0.425515         0.000635395
                  14           -0.427112           -0.425629         0.000599218
                  15           -0.427528           -0.425756         0.000572025
                  16           -0.426888           -0.425826          0.00053974
                  17           -0.429304           -0.426031         0.000546709
                  18           -0.426656           -0.426066          0.00051661
                  19           -0.425288           -0.426025         0.000490376
                  20            -0.42248           -0.425848         0.000497831
                  21           -0.426392           -0.425874         0.000474241
                  22           -0.426152           -0.425886         0.000452348
                  23           -0.424744           -0.425837         0.000435077
                  24           -0.426096           -0.425847         0.000416695
                  25           -0.427808           -0.425926         0.000407302
                  26           -0.424536           -0.425872         0.000394957
                  27           -0.427784           -0.425943         0.000386586
                  28             -0.4264           -0.425959         0.000372881
                  29           -0.425456           -0.425942         0.000360212
                  30           -0.426072           -0.425946         0.000348025
                  31           -0.427112           -0.425984         0.000338705
                  32           -0.426152           -0.425989         0.000327991
                  33           -0.428928           -0.426078         0.000330135
                  34           -0.423968           -0.426016         0.000326236
                  35           -0.424104           -0.425962         0.000321455
                  36           -0.428264           -0.426026         0.000318878
                  37           -0.425672           -0.426016         0.000310287
                  38           -0.425528           -0.426003         0.000302284
                  39           -0.421992             -0.4259         0.000311878
                  40           -0.427888            -0.42595         0.000308016
                   1           -0.423784           -0.423784                   0
                   2            -0.42724           -0.425512            0.001728
                   3           -0.424896           -0.425307          0.00101857
                   4            -0.42228            -0.42455          0.00104465
                   5           -0.425056           -0.424651         0.000815485
                   6           -0.427312           -0.425095         0.000800004
                   7           -0.426744            -0.42533         0.000716005
                   8            -0.42684           -0.425519         0.000648159
                   9           -0.429872           -0.426003          0.00074879
                  10           -0.424384           -0.425841         0.000689021
                  11           -0.427192           -0.425964         0.000635233
                  12            -0.42724            -0.42607         0.000589559
                  13           -0.424624           -0.425959         0.000553605
                  14           -0.425872           -0.425953         0.000512576
                  15            -0.42656           -0.425993         0.000478898
                  16            -0.42796           -0.426116          0.00046453
                  17             -0.4274           -0.426192         0.000442838
                  18           -0.425184           -0.426136         0.000421247
                  19           -0.426872           -0.426174         0.000400341
                  20            -0.42252           -0.425992         0.000421462
                  21           -0.425488           -0.425968         0.000401607
                  22            -0.42536            -0.42594         0.000383912
                  23           -0.425184           -0.425907          0.00036831
                  24           -0.426096           -0.425915         0.000352718
                  25           -0.426032            -0.42592         0.000338348
                  26           -0.423328            -0.42582         0.000340014
                  27           -0.426568           -0.425848         0.000328349
                  28            -0.42568           -0.425842         0.000316462
                  29           -0.425344           -0.425825         0.000305836
                  30           -0.425488           -0.425813         0.000295679
                  31            -0.42844           -0.425898          0.00029827
                  32             -0.4262           -0.425907         0.000288953
                  33           -0.427744           -0.425963         0.000285536
                  34           -0.422912           -0.425873         0.000291184
                  35           -0.423824           -0.425815         0.000288741
                  36           -0.429456           -0.425916         0.000298278
                  37            -0.42428           -0.425872         0.000293454
                  38           -0.424864           -0.425845         0.000286856
                  39           -0.422632           -0.425763         0.000291299
                  40           -0.426648           -0.425785         0.000284784
