                   1           -0.007412           -0.007412                   0
                   2            0.004264           -0.001574            0.005838
                   3           -0.003936         -0.00236133          0.00346131
                   4            0.001496           -0.001397          0.00263064
                   5           -0.001724          -0.0014624          0.00203873
                   6           -0.004484           -0.001966          0.00173913
                   7            0.002068         -0.00138971          0.00157877
                   8            0.005044          -0.0005855          0.00158624
                   9             0.00028        -0.000489333          0.00140223
                  10            0.003112          -0.0001292          0.00130487
                  11              0.0093            0.000728          0.00145873
                  12            -0.00336         0.000387333          0.00137452
                  13           -0.005684        -7.96923e-05          0.00134787
                  14            0.000876        -1.14286e-05          0.00124975
                  15            0.003864         0.000246933           0.0011918
                  16            0.006116          0.00061375          0.00117362
                  17            0.003528         0.000785176          0.00111567
                  18           -0.000704         0.000702444          0.00105512
                  19           -0.003128         0.000500842           0.0010182
                  20           -0.000676            0.000442         0.000967738
                  21            0.005948          0.00070419         0.000957115
                  22            -0.00684         0.000361273         0.000974876
                  23            0.001636         0.000416696         0.000933173
                  24             0.00532            0.000621         0.000916507
                  25           -0.007788          0.00028464         0.000941236
                  26            -0.00194         0.000199077         0.000908349
                  27           -0.001776         0.000125926         0.000877115
                  28             0.00282         0.000222143         0.000850668
                  29           -0.000716         0.000189793         0.000821448
                  30           -0.006152           -2.16e-05         0.000821266
                  31            0.003316         8.60645e-05         0.000801595
                  32           -0.007284         -0.00014425         0.000809593
                  33           -0.000712        -0.000161455         0.000784865
                  34           -0.003556        -0.000261294         0.000767948
                  35            0.002428        -0.000184457         0.000749632
                  36           -0.005352           -0.000328         0.000742519
                  37            0.001544        -0.000277405         0.000723942
                  38            0.009272        -2.61053e-05         0.000748104
                  39           -0.002076        -7.86667e-05         0.000730563
                  40           -0.001976          -0.0001261         0.000713643
                   1            0.005632            0.005632                   0
                   2           -0.003824            0.000904            0.004728
                   3            0.003324          0.00171067          0.00284641
                   4           -0.001496            0.000909          0.00216649
                   5            0.001776           0.0010824          0.00168709
                   6            0.003952          0.00156067          0.00145817
                   7            0.001024            0.001484          0.00123476
                   8            -0.00384           0.0008185          0.00125951
                   9           -0.001816         0.000525778          0.00114871
                  10           -0.005224           -4.92e-05          0.00117738
                  11           -0.009104        -0.000872364          0.00134602
                  12            0.003608           -0.000499          0.00128422
                  13            0.007256         9.75385e-05          0.00132339
                  14           -0.000136         8.08571e-05          0.00122533
                  15           -0.003676          -0.0001696          0.00116789
                  16           -0.006328          -0.0005545          0.00115828
                  17           -0.003804        -0.000745647          0.00110468
                  18             7.2e-05        -0.000700222          0.00104249
                  19               0.004        -0.000452842          0.00101666
                  20            0.000964           -0.000382         0.000967084
                  21            -0.00266        -0.000490476         0.000926254
                  22            0.008032        -0.000103091         0.000964375
                  23           -0.002184        -0.000193565         0.000925923
                  24           -0.004012        -0.000352667         0.000900668
                  25             0.00574         -0.00010896         0.000897607
                  26            0.001068        -6.36923e-05         0.000863581
                  27            0.001624        -1.18519e-06         0.000833328
                  28            -0.00352        -0.000126857          0.00081279
                  29            0.000156        -0.000117103         0.000784322
                  30            0.006608         0.000107067         0.000790192
                  31            -0.00404        -2.67097e-05         0.000775896
                  32            0.006328         0.000171875         0.000777062
                  33            0.001204         0.000203152         0.000753796
                  34             0.00376         0.000307765         0.000738734
                  35           -0.002464         0.000228571         0.000721675
                  36            0.005728         0.000381333         0.000717786
                  37            -0.00198         0.000317514         0.000701028
                  38           -0.010292         3.83158e-05         0.000737242
                  39            0.002624         0.000104615         0.000721144
                  40            0.000756           0.0001209         0.000703073
