                   1             24.1067             24.1067                   0
                   2             23.2772              23.692             0.41474
                   3             25.3105             24.2315            0.590252
                   4             24.0543             24.1872            0.419715
                   5             22.5924             23.8682            0.455447
                   6             22.0496             23.5651             0.47975
                   7             20.4576             23.1212            0.601223
                   8             22.3053             23.0192            0.530569
                   9             25.8725             23.3362            0.565209
                  10             23.7822             23.3808            0.507502
                  11             22.1242             23.2666            0.473054
                  12             28.0729             23.6671            0.588985
                  13             22.2862             23.5609            0.552103
                  14             24.8962             23.6563            0.519971
                  15             24.5863             23.7183            0.488021
                  16             22.0147             23.6118            0.468754
                  17             24.9686             23.6916            0.447492
                  18             25.7579             23.8064            0.437238
                  19             26.8716             23.9677            0.443937
                  20             26.2295             24.0808            0.436075
                  21              23.887             24.0716            0.414893
                  22             24.4162             24.0873            0.395895
                  23             25.4124             24.1449            0.382653
                  24             23.8616             24.1331            0.366552
                  25              21.249             24.0177            0.370027
                  26              21.304             23.9133            0.370515
                  27             22.1658             23.8486            0.362356
                  28             21.4747             23.7638             0.35932
                  29             24.4993             23.7892            0.347635
                  30             25.4482             23.8445             0.34037
                  31             22.0883             23.7878            0.334046
                  32             24.4805             23.8095            0.324162
                  33             22.0781              23.757            0.318536
                  34             24.9771             23.7929            0.311102
                  35             19.3676             23.6665            0.327475
                  36             31.0474             23.8715            0.378574
                  37             29.7069             24.0292            0.400556
                  38             24.9417             24.0532            0.390612
                  39             24.1073             24.0546            0.380467
                  40             26.9388             24.1267            0.377778
                   1             24.3179             24.3179                   0
                   2             23.2777             23.7978            0.520094
                   3              25.337             24.3109             0.59449
                   4             24.0515              24.246            0.425339
                   5              22.646              23.926            0.459301
                   6             22.0532             23.6139            0.487921
                   7             20.5009             23.1692            0.606478
                   8             22.2581             23.0553            0.537429
                   9             25.9056              23.372             0.57004
                  10             23.7382             23.4086            0.511173
                  11             22.1694              23.296            0.475898
                  12             28.0577             23.6928            0.588381
                  13             22.2248             23.5799            0.552885
                  14             24.8849             23.6731            0.520291
                  15               24.57             23.7329            0.488041
                  16             21.9776             23.6232            0.469517
                  17             24.9661             23.7022            0.448054
                  18             25.7594             23.8164            0.437617
                  19             26.9067             23.9791            0.444751
                  20             26.2014             24.0902            0.436314
                  21             23.8984             24.0811            0.415118
                  22             24.4412             24.0974            0.396137
                  23             25.3616             24.1524            0.382492
                  24             23.8271             24.1388            0.366459
                  25             21.2208             24.0221            0.370368
                  26             21.3194             23.9182            0.370711
                  27             22.1899             23.8542            0.362415
                  28             21.4853             23.7696            0.359333
                  29             24.5513             23.7965            0.347767
                  30             25.3636             23.8488            0.340011
                  31             22.0762             23.7916            0.333794
                  32             24.5313             23.8147             0.32402
                  33             22.1032             23.7628            0.318302
                  34             24.9699             23.7983            0.310832
                  35             19.3542             23.6714            0.327441
                  36              31.059             23.8766            0.378647
                  37               29.73             24.0348            0.400813
                  38             24.9274             24.0583            0.390829
                  39             24.1014             24.0594            0.380678
                  40             27.0094             24.1331            0.378298
