                   1           -0.646224           -0.646224                   0
                   2           -0.648544           -0.647384             0.00116
                   3           -0.646504           -0.647091         0.000731148
                   4            -0.64292           -0.646048          0.00116381
                   5           -0.645648           -0.645968         0.000905022
                   6           -0.646968           -0.646135          0.00075751
                   7           -0.647992             -0.6464         0.000693018
                   8            -0.64624            -0.64638         0.000600505
                   9            -0.64704           -0.646453         0.000534648
                  10           -0.646152           -0.646423         0.000479153
                  11           -0.647184           -0.646492         0.000438894
                  12           -0.645392           -0.646401         0.000411013
                  13            -0.64784           -0.646511         0.000393955
                  14           -0.649744           -0.646742         0.000431676
                  15             -0.6452           -0.646639         0.000414813
                  16           -0.645984           -0.646598         0.000390179
                  17            -0.64684           -0.646613         0.000366784
                  18           -0.643888           -0.646461         0.000377487
                  19            -0.64988           -0.646641          0.00039984
                  20           -0.642848           -0.646452         0.000424095
                  21           -0.649432           -0.646594         0.000427633
                  22            -0.64564            -0.64655         0.000410029
                  23           -0.646208           -0.646535         0.000392079
                  24           -0.646896            -0.64655         0.000375687
                  25           -0.646912           -0.646565         0.000360637
                  26           -0.646736           -0.646571         0.000346551
                  27           -0.644504           -0.646495         0.000342147
                  28           -0.646136           -0.646482          0.00032995
                  29            -0.64636           -0.646478         0.000318397
                  30           -0.646224           -0.646469         0.000307717
                  31           -0.642352           -0.646337         0.000325916
                  32           -0.647216           -0.646364         0.000316761
                  33            -0.64644           -0.646366         0.000307021
                  34           -0.646344           -0.646366         0.000297855
                  35           -0.651336           -0.646508         0.000322203
                  36            -0.64696            -0.64652         0.000313377
                  37           -0.647384           -0.646544         0.000305683
                  38            -0.64408           -0.646479         0.000304511
                  39            -0.64612            -0.64647         0.000296743
                  40           -0.643152           -0.646387         0.000300886
                   1           -0.645888           -0.645888                   0
                   2           -0.648368           -0.647128             0.00124
                   3           -0.646864            -0.64704         0.000721303
                   4           -0.642856           -0.645994          0.00116372
                   5           -0.645608           -0.645917         0.000904717
                   6           -0.647384           -0.646161         0.000778121
                   7           -0.647968           -0.646419         0.000706465
                   8            -0.64552           -0.646307         0.000622061
                   9           -0.648216           -0.646519         0.000588184
                  10           -0.645616           -0.646429         0.000533783
                  11           -0.647928           -0.646565         0.000501692
                  12             -0.6452           -0.646451         0.000471897
                  13            -0.64732           -0.646518         0.000439195
                  14           -0.650384           -0.646794         0.000491513
                  15           -0.644968           -0.646673         0.000473495
                  16            -0.64592           -0.646626         0.000445404
                  17             -0.6458           -0.646577         0.000421193
                  18           -0.644064           -0.646437          0.00042093
                  19             -0.6506           -0.646656         0.000454457
                  20            -0.64408           -0.646528          0.00044997
                  21           -0.649512            -0.64667         0.000450983
                  22            -0.64532           -0.646608          0.00043435
                  23           -0.646288           -0.646594          0.00041527
                  24             -0.6478           -0.646645         0.000400751
                  25              -0.647           -0.646659          0.00038465
                  26           -0.647184           -0.646679         0.000370111
                  27            -0.64376           -0.646571         0.000372188
                  28           -0.646184           -0.646557         0.000358916
                  29            -0.64664            -0.64656          0.00034633
                  30           -0.645904           -0.646538           0.0003353
                  31           -0.642152           -0.646397         0.000353825
                  32           -0.647912           -0.646444         0.000345847
                  33           -0.646512           -0.646446         0.000335209
                  34            -0.64652           -0.646448         0.000325208
                  35           -0.651744             -0.6466         0.000350158
                  36           -0.647456           -0.646623         0.000341123
                  37              -0.647           -0.646634         0.000331931
                  38           -0.643816           -0.646559         0.000331477
                  39           -0.646064           -0.646547         0.000323116
                  40           -0.643032           -0.646459         0.000326962
