                   1             1.12521             1.12521                   0
                   2             1.14348             1.13435          0.00913223
                   3             1.06845             1.11238           0.0225898
                   4             1.12818             1.11633           0.0164547
                   5             1.15121             1.12331           0.0145298
                   6             1.15021             1.12779           0.0126825
                   7             1.14964             1.13091           0.0111639
                   8             1.17878             1.13689           0.0113699
                   9             1.13502             1.13669           0.0100295
                  10             1.12373             1.13539          0.00906375
                  11             1.14258             1.13604          0.00822446
                  12             1.15028             1.13723          0.00760105
                  13             1.12561             1.13634          0.00704884
                  14              1.1087             1.13436          0.00681799
                  15             1.14653             1.13517           0.0063988
                  16                1.14             1.13547          0.00599312
                  17             1.12279             1.13473          0.00567876
                  18             1.12558             1.13422          0.00537805
                  19             1.10546             1.13271          0.00530759
                  20             1.12126             1.13213          0.00506765
                  21             1.12498             1.13179          0.00483232
                  22             1.10771              1.1307          0.00473572
                  23             1.10583             1.12962          0.00465248
                  24             1.16144             1.13094          0.00464753
                  25             1.12871             1.13085          0.00445866
                  26             1.11005             1.13005          0.00435783
                  27             1.13019             1.13006          0.00419333
                  28             1.15778             1.13105          0.00416031
                  29             1.11089             1.13035            0.004074
                  30             1.11337             1.12979          0.00397636
                  31             1.14767             1.13036          0.00388899
                  32             1.13208             1.13042          0.00376587
                  33             1.15255             1.13109          0.00371107
                  34              1.1165             1.13066          0.00362574
                  35             1.14573             1.13109          0.00354686
                  36             1.12771               1.131          0.00344821
                  37             1.15581             1.13167          0.00342014
                  38             1.10866             1.13106          0.00338351
                  39              1.1182             1.13073          0.00331206
                  40             1.09915             1.12994          0.00332332
                   1             1.14841             1.14841                   0
                   2             1.13973             1.14407          0.00434027
                   3             1.07896             1.12237           0.0218487
                   4             1.12353             1.12266           0.0154521
                   5             1.14253             1.12663           0.0126118
                   6             1.12497             1.12636           0.0103013
                   7             1.14803             1.12945          0.00924057
                   8             1.19688             1.13788           0.0116223
                   9             1.15174             1.13942            0.010365
                  10             1.12006             1.13748          0.00947082
                  11             1.13325              1.1371          0.00857532
                  12              1.1543             1.13853          0.00795831
                  13             1.11272             1.13655          0.00758503
                  14             1.09778             1.13378          0.00754859
                  15             1.13917             1.13414          0.00703653
                  16             1.16015             1.13576           0.0067799
                  17             1.13065             1.13546          0.00637571
                  18             1.12367             1.13481           0.0060467
                  19             1.11591             1.13381          0.00580542
                  20             1.10955              1.1326          0.00563957
                  21             1.09845             1.13097          0.00560532
                  22             1.10906             1.12998          0.00543646
                  23             1.10954             1.12909           0.0052702
                  24             1.16381             1.13054          0.00524916
                  25             1.13878             1.13087          0.00504561
                  26             1.10046              1.1297          0.00498669
                  27             1.13954             1.13006          0.00481227
                  28             1.16631             1.13136          0.00481452
                  29             1.12544             1.13115          0.00465001
                  30             1.11235             1.13052          0.00453586
                  31             1.15628             1.13136          0.00446506
                  32             1.12713             1.13122          0.00432529
                  33             1.15685               1.132           0.0042635
                  34             1.10078             1.13108          0.00423687
                  35             1.14095             1.13136          0.00412368
                  36              1.1303             1.13133           0.0040076
                  37             1.15623             1.13201          0.00395542
                  38             1.10362             1.13126          0.00392174
                  39              1.1253             1.13111          0.00382292
                  40             1.11195             1.13063          0.00375676
