                   1           -0.554424           -0.554424                   0
                   2           -0.556736            -0.55558            0.001156
                   3            -0.55388           -0.555013         0.000875532
                   4           -0.549376           -0.553604          0.00153932
                   5           -0.553216           -0.553526          0.00119487
                   6             -0.5554           -0.553839          0.00102437
                   7           -0.556432           -0.554209         0.000941685
                   8            -0.55584           -0.554413         0.000840616
                   9           -0.556104           -0.554601         0.000764792
                  10           -0.554304           -0.554571         0.000684695
                  11             -0.5516           -0.554301         0.000675669
                  12           -0.552536           -0.554154         0.000634095
                  13            -0.55724           -0.554391         0.000629738
                  14            -0.55756           -0.554618         0.000625414
                  15           -0.554216           -0.554591         0.000582844
                  16           -0.552544           -0.554463         0.000560009
                  17             -0.5528           -0.554365         0.000535056
                  18           -0.552544           -0.554264         0.000514502
                  19           -0.556128           -0.554362          0.00049646
                  20           -0.553064           -0.554297         0.000475434
                  21           -0.555648           -0.554362          0.00045678
                  22           -0.553672            -0.55433         0.000436649
                  23           -0.555696            -0.55439         0.000421437
                  24           -0.556696           -0.554486         0.000414782
                  25           -0.555568           -0.554529         0.000400193
                  26            -0.55344           -0.554487         0.000386768
                  27            -0.55516           -0.554512         0.000373001
                  28           -0.556632           -0.554588         0.000367321
                  29           -0.552736           -0.554524         0.000360134
                  30           -0.552672           -0.554462         0.000353356
                  31           -0.553824           -0.554442         0.000342387
                  32           -0.553624           -0.554416         0.000332498
                  33           -0.556624           -0.554483         0.000329137
                  34              -0.551            -0.55438         0.000335339
                  35           -0.556408           -0.554438          0.00033073
                  36           -0.556096           -0.554484         0.000324693
                  37           -0.555264           -0.554506         0.000316498
                  38            -0.55792           -0.554595         0.000320894
                  39           -0.550336           -0.554486         0.000331089
                  40           -0.554576           -0.554488         0.000322713
                   1           -0.554872           -0.554872                   0
                   2           -0.556176           -0.555524            0.000652
                   3           -0.553792           -0.554947         0.000689213
                   4           -0.550208           -0.553762          0.00128099
                   5           -0.553016           -0.553613          0.00100341
                   6           -0.555544           -0.553935         0.000880236
                   7           -0.555664           -0.554182         0.000783883
                   8           -0.555656           -0.554366         0.000703431
                   9           -0.556744            -0.55463         0.000674292
                  10           -0.553648           -0.554532         0.000611051
                  11           -0.553536           -0.554441         0.000560084
                  12           -0.553256           -0.554343         0.000520741
                  13           -0.556536           -0.554511         0.000507856
                  14            -0.55768           -0.554738         0.000521821
                  15           -0.554168             -0.5547         0.000487272
                  16           -0.552944            -0.55459         0.000468824
                  17           -0.552176           -0.554448         0.000462711
                  18           -0.552816           -0.554357          0.00044557
                  19             -0.5572           -0.554507         0.000447235
                  20           -0.553672           -0.554465         0.000426333
                  21           -0.556592           -0.554566         0.000417979
                  22            -0.55364           -0.554524         0.000400746
                  23           -0.556664           -0.554617         0.000394064
                  24            -0.55628           -0.554687         0.000383595
                  25           -0.554312           -0.554672         0.000368237
                  26           -0.552408           -0.554585         0.000364346
                  27           -0.554504           -0.554582         0.000350605
                  28           -0.556912           -0.554665         0.000347951
                  29            -0.55312           -0.554612         0.000339939
                  30           -0.552672           -0.554547         0.000334715
                  31           -0.554608           -0.554549         0.000323744
                  32           -0.553504           -0.554516          0.00031516
                  33           -0.556912           -0.554589         0.000313969
                  34           -0.551048           -0.554485         0.000321906
                  35            -0.55616           -0.554533         0.000316217
                  36            -0.55684           -0.554597         0.000313921
                  37           -0.554824           -0.554603         0.000305381
                  38           -0.556376           -0.554649         0.000300876
                  39           -0.551072           -0.554558         0.000307081
                  40           -0.554552           -0.554558         0.000299305
