                   1            0.001648            0.001648                   0
                   2            0.011624            0.006636            0.004988
                   3           -0.001712          0.00385333          0.00400457
                   4            0.006448            0.004502          0.00290501
                   5            0.002324           0.0040664          0.00229198
                   6           -0.003364            0.002828          0.00224405
                   7           -0.000296          0.00238171          0.00194837
                   8            0.006728            0.002925          0.00177264
                   9           -0.006624            0.001864          0.00188937
                  10             0.00294           0.0019716          0.00169332
                  11            0.003844          0.00214182           0.0015411
                  12           -0.000892            0.001889          0.00142936
                  13           -0.004384          0.00140646          0.00140057
                  14             0.00352          0.00155743          0.00130543
                  15              0.0074          0.00194693          0.00127619
                  16            -0.00694           0.0013915          0.00131665
                  17           -0.000248          0.00129506          0.00124053
                  18           -0.003768          0.00101378          0.00120294
                  19           -0.004976         0.000698526          0.00118073
                  20            -0.00784           0.0002716          0.00119874
                  21            0.004304         0.000463619          0.00115628
                  22            0.004304         0.000638182          0.00111621
                  23            0.004252         0.000795304          0.00107808
                  24            0.005936           0.0010095          0.00105418
                  25            0.006036          0.00121056          0.00103093
                  26           -0.002848          0.00105446          0.00100271
                  27           -0.003972         0.000868296         0.000982651
                  28           -0.002112         0.000761857          0.00095287
                  29            -0.00616         0.000523172         0.000949902
                  30            0.000592         0.000525467         0.000917695
                  31            0.004888         0.000666194         0.000898685
                  32            0.010472         0.000972625         0.000922528
                  33           -0.001524          0.00089697         0.000897331
                  34            0.004796          0.00101165         0.000878059
                  35            0.000104         0.000985714         0.000852997
                  36           -0.006384            0.000781         0.000853868
                  37            -0.00098         0.000733405         0.000831832
                  38            0.003284         0.000800526         0.000812424
                  39           -0.001448         0.000742872         0.000793416
                  40           -0.006472           0.0005625         0.000794082
                   1            0.000384            0.000384                   0
                   2            0.012216              0.0063            0.005916
                   3           -0.000288            0.004104          0.00406064
                   4            0.005832            0.004536          0.00290362
                   5             0.00332           0.0042928          0.00226224
                   6           -0.002088          0.00322933          0.00213138
                   7             0.00016          0.00279086          0.00185395
                   8             0.00634           0.0032345          0.00166573
                   9           -0.007952          0.00199156          0.00192431
                  10            0.001056            0.001898           0.0017237
                  11            0.001724          0.00188218          0.00155922
                  12           -0.003196            0.001459          0.00148495
                  13           -0.003968          0.00104154          0.00142832
                  14             0.00516          0.00133571          0.00135469
                  15            0.006648          0.00168987          0.00130993
                  16           -0.006644            0.001169          0.00133144
                  17            -0.00224         0.000968471          0.00126665
                  18           -0.003912         0.000697333           0.0012246
                  19           -0.006064         0.000341474          0.00121178
                  20            -0.00666            -8.6e-06          0.00120172
                  21            0.003784            0.000172          0.00115724
                  22            0.004388         0.000363636          0.00111991
                  23            0.003836         0.000514609           0.0010807
                  24            0.006164             0.00075          0.00106113
                  25            0.005928          0.00095712          0.00103866
                  26           -0.001164         0.000875538          0.00100124
                  27             -0.0059         0.000624593         0.000995593
                  28            -0.00174         0.000540143         0.000963088
                  29           -0.005364         0.000336552         0.000951325
                  30            0.002072           0.0003944         0.000920886
                  31            0.003848         0.000505806         0.000897625
                  32             0.01154         0.000850625         0.000935025
                  33            -0.00228         0.000755758           0.0009112
                  34            0.003508         0.000836706         0.000887693
                  35           -0.001436         0.000771771         0.000864399
                  36           -0.007744         0.000535222         0.000872715
                  37           -0.000532         0.000506378          0.00084929
                  38            0.003896         0.000595579         0.000831437
                  39             -0.0012         0.000549538         0.000811145
                  40           -0.005816           0.0003904         0.000806464
