                   1            0.337978            0.337978                   0
                   2            0.355824            0.346901          0.00892276
                   3            0.337608            0.343803          0.00601121
                   4            0.345045            0.344114          0.00426189
                   5            0.345527            0.344396          0.00331333
                   6            0.339165            0.343524          0.00284236
                   7            0.344354            0.343643          0.00240516
                   8             0.34316            0.343583           0.0020838
                   9            0.342657             0.34348          0.00184062
                  10             0.35213            0.344345          0.00185972
                  11            0.344338            0.344344          0.00168218
                  12            0.334061            0.343487          0.00175855
                  13             0.34825            0.343854           0.0016586
                  14            0.344571            0.343905          0.00153642
                  15            0.335825            0.343366           0.0015284
                  16            0.351433             0.34387          0.00151598
                  17             0.34876            0.344158          0.00145278
                  18             0.34538            0.344226          0.00137137
                  19            0.351081            0.344587          0.00134643
                  20            0.345398            0.344627          0.00127798
                  21            0.343422             0.34457          0.00121696
                  22            0.341591            0.344434          0.00116819
                  23            0.347338            0.344561          0.00112336
                  24            0.340179            0.344378          0.00109092
                  25            0.345891            0.344439          0.00104813
                  26            0.349559            0.344636          0.00102609
                  27             0.33913            0.344432          0.00100819
                  28              0.3382            0.344209         0.000996683
                  29             0.34429            0.344212         0.000961705
                  30            0.347218            0.344312         0.000934485
                  31            0.336764            0.344069         0.000936058
                  32            0.341598            0.343991         0.000909617
                  33            0.328354            0.343518           0.0010009
                  34            0.346568            0.343607         0.000975151
                  35            0.338844            0.343471         0.000956609
                  36            0.340607            0.343392         0.000933055
                  37            0.349516            0.343557         0.000922459
                  38            0.339616            0.343453         0.000903825
                  39            0.351536            0.343661         0.000904408
                  40            0.348563            0.343783         0.000889986
                   1            0.344196            0.344196                   0
                   2            0.351708            0.347952          0.00375629
                   3            0.337352            0.344418          0.00414587
                   4            0.348275            0.345383          0.00308602
                   5            0.344783            0.345263          0.00239342
                   6            0.348153            0.345744           0.0020127
                   7             0.34251            0.345282          0.00176269
                   8            0.346289            0.345408          0.00153171
                   9            0.336635            0.344433          0.00166584
                  10            0.348567            0.344847          0.00154626
                  11            0.343513            0.344725          0.00140389
                  12            0.337643            0.344135          0.00141096
                  13            0.341629            0.343942          0.00131214
                  14            0.353581            0.344631          0.00139634
                  15            0.338243            0.344205          0.00136791
                  16            0.349865            0.344559          0.00132756
                  17            0.353769            0.345101          0.00135964
                  18            0.343294               0.345           0.0012858
                  19            0.350266            0.345277          0.00124743
                  20            0.343138             0.34517          0.00118824
                  21            0.347543            0.345283          0.00113587
                  22            0.343134            0.345186          0.00108741
                  23            0.347573             0.34529          0.00104423
                  24            0.344217            0.345245          0.00100077
                  25            0.341272            0.345086         0.000972971
                  26            0.347595            0.345182         0.000939769
                  27            0.339766            0.344982         0.000926274
                  28            0.337501            0.344715         0.000931713
                  29            0.351112            0.344935         0.000925682
                  30            0.355399            0.345284         0.000959911
                  31            0.339404            0.345094         0.000947609
                  32            0.341173            0.344972         0.000925666
                  33            0.332076            0.344581         0.000978595
                  34            0.347675            0.344672         0.000953727
                  35            0.335157              0.3444         0.000965153
                  36            0.343311             0.34437         0.000938447
                  37             0.35233            0.344585         0.000937745
                  38            0.341609            0.344507         0.000916086
                  39             0.35663            0.344818         0.000944888
                  40            0.352788            0.345017         0.000942274
