                   1            0.009788            0.009788                   0
                   2               0.001            0.005394            0.004394
                   3            -0.01532         -0.00151067          0.00735596
                   4            0.000408           -0.001031          0.00522352
                   5           -0.022764          -0.0053776          0.00593835
                   6            0.001888         -0.00416667          0.00499757
                   7            -0.01534         -0.00576286          0.00451527
                   8           -0.001392          -0.0052165          0.00394832
                   9           -0.009712           -0.005716          0.00351773
                  10           -0.003052          -0.0054496          0.00315761
                  11           -0.032784         -0.00793455          0.00378585
                  12             0.00852         -0.00656333          0.00371808
                  13           -0.006168         -0.00653292          0.00342027
                  14            0.019724         -0.00465743          0.00368029
                  15           -0.003312         -0.00456773          0.00342734
                  16            0.009564          -0.0036845          0.00332542
                  17           -0.010656         -0.00409459          0.00315049
                  18             1.2e-05         -0.00386644          0.00297906
                  19           -0.001928         -0.00376442          0.00281976
                  20           -0.015372          -0.0043448          0.00273729
                  21           -0.027884         -0.00546571          0.00283472
                  22             0.02176         -0.00422818          0.00297264
                  23           -0.028364         -0.00527757           0.0030281
                  24           -0.014768           -0.005673          0.00292603
                  25             0.01458         -0.00486288          0.00292113
                  26             0.01654         -0.00403969          0.00292477
                  27              0.0186         -0.00320119          0.00293662
                  28            0.007656         -0.00281343          0.00285624
                  29             3.2e-05         -0.00271531          0.00275773
                  30           -0.007296           -0.002868          0.00266859
                  31              0.0018         -0.00271742          0.00258546
                  32            0.010028         -0.00231913          0.00253485
                  33           -0.001872         -0.00230558          0.00245688
                  34            0.010488         -0.00192929          0.00241304
                  35           -0.011352         -0.00219851           0.0023585
                  36            -0.01788         -0.00263411          0.00233307
                  37            0.008352         -0.00233719          0.00228848
                  38            0.004624           -0.002154          0.00223497
                  39            0.011236         -0.00181067          0.00220381
                  40           -0.009352          -0.0019992          0.00215627
                   1            0.006564            0.006564                   0
                   2             0.00086            0.003712            0.002852
                   3           -0.014848         -0.00247467          0.00640204
                   4           -0.000972           -0.002099          0.00454249
                   5            -0.02368          -0.0064152          0.00556867
                   6            0.001664         -0.00506867            0.004742
                   7           -0.015736         -0.00659257          0.00428767
                   8           -0.001132            -0.00591          0.00377545
                   9             -0.0091         -0.00626444          0.00334844
                  10           -0.002356          -0.0058736          0.00302033
                  11           -0.032684         -0.00831091          0.00366118
                  12             0.00858         -0.00690333           0.0036265
                  13            -0.00766         -0.00696154           0.0033364
                  14            0.020236         -0.00501886          0.00364902
                  15           -0.004132         -0.00495973          0.00339757
                  16             0.00854           -0.004116          0.00328823
                  17           -0.011328         -0.00454024          0.00311775
                  18            0.001116           -0.004226          0.00295619
                  19           -0.003348         -0.00417979          0.00279666
                  20           -0.016204           -0.004781          0.00272041
                  21             -0.0281         -0.00589143          0.00281582
                  22            0.021068           -0.004666          0.00295122
                  23           -0.027948         -0.00567826          0.00299617
                  24           -0.015372         -0.00608217          0.00289691
                  25            0.014504         -0.00525872          0.00289806
                  26            0.016724         -0.00441323          0.00290991
                  27            0.017976           -0.003584          0.00292027
                  28               0.008         -0.00317029          0.00284429
                  29            0.001228         -0.00301862          0.00274865
                  30           -0.006344         -0.00312947          0.00265776
                  31             0.00242         -0.00295045          0.00257682
                  32              0.0098           -0.002552          0.00252661
                  33           -0.003412         -0.00257806          0.00244899
                  34            0.010868         -0.00218259          0.00240856
                  35           -0.011424         -0.00244663          0.00235359
                  36           -0.017892         -0.00287567          0.00232717
                  37            0.008916         -0.00255697          0.00228572
                  38            0.003712           -0.002392          0.00223087
                  39             0.01146         -0.00203682          0.00220175
                  40           -0.010416          -0.0022463           0.0021562
