                   1             70.1324             70.1324                   0
                   2             84.9614             77.5469             7.41451
                   3             55.8288             70.3075             8.41033
                   4             72.6514             70.8935              5.9758
                   5             74.6343             71.6416              4.6889
                   6             72.8268             71.8392             3.83357
                   7             72.0324             71.8668             3.24007
                   8             76.1451             72.4016             2.85649
                   9             75.0685             72.6979             2.53656
                  10             50.3058             70.4587             3.18769
                  11              62.748             69.7577             2.96736
                  12             70.5728             69.8256             2.70967
                  13             77.4578             70.4127             2.56074
                  14              68.916             70.3058             2.37319
                  15             68.9372             70.2146             2.21121
                  16             67.6008             70.0512             2.07483
                  17             59.3847             69.4238             2.04748
                  18             71.6125             69.5454             1.93421
                  19             75.8458              69.877             1.85938
                  20             55.1546             69.1409              1.9114
                  21             81.3402             69.7218             1.90866
                  22              44.066             68.5556             2.16142
                  23             75.3175             68.8496             2.08613
                  24             72.3766             68.9966             2.00272
                  25             76.1976             69.2846             1.94241
                  26             78.3973             69.6351             1.89884
                  27             79.7556             70.0099             1.86521
                  28             58.1492             69.5863              1.8466
                  29             66.2128               69.47             1.78558
                  30             69.6716             69.4767             1.72505
                  31             70.1889             69.4997             1.66863
                  32             39.5716             68.5644             1.86682
                  33             49.3964             67.9836             1.90031
                  34             73.3495             68.1414             1.85032
                  35             31.4059             67.0918             2.08078
                  36             54.4636              66.741             2.05236
                  37              61.541             66.6005             2.00106
                  38             63.3203             66.5142              1.9496
                  39             75.6131             66.7475             1.91323
                  40             68.5668              66.793             1.86534
                   1             70.3691             70.3691                   0
                   2              84.994             77.6816             7.31244
                   3             55.8102             70.3911             8.42464
                   4             72.6826              70.964              5.9846
                   5             74.6328             71.6977             4.69336
                   6             72.8229             71.8853              3.8367
                   7             72.0065             71.9026             3.24265
                   8             76.1696              72.436             2.85842
                   9             75.0818             72.7299             2.53798
                  10             50.3062             70.4876             3.19082
                  11              62.759              69.785             2.97049
                  12             70.5519             69.8489             2.71243
                  13              77.461             70.4344             2.56286
                  14             68.9115             70.3256             2.37524
                  15             68.8887             70.2299              2.2133
                  16             67.6397              70.068             2.07667
                  17             59.4076             69.4409             2.04901
                  18             71.6414             69.5631             1.93569
                  19             75.8213             69.8925             1.86037
                  20             55.1415              69.155             1.91281
                  21             81.3556             69.7359             1.90996
                  22             44.0744             68.5695             2.16261
                  23             75.2983             68.8621             2.08705
                  24              72.396             69.0093             2.00361
                  25             76.2232             69.2979             1.94334
                  26             78.4242             69.6489             1.89981
                  27             79.7344             70.0224             1.86587
                  28             58.1577             69.5987             1.84725
                  29              66.283             69.4844             1.78608
                  30             69.6692             69.4905             1.72553
                  31             70.1857             69.5129             1.66909
                  32             39.5806             68.5776             1.86727
                  33             49.3761             67.9957             1.90103
                  34              73.366             68.1536             1.85103
                  35             31.4139             67.1039             2.08144
                  36             54.4794             66.7533             2.05297
                  37             61.5361             66.6123             2.00168
                  38             63.3123             66.5254             1.95023
                  39              75.583             66.7577             1.91371
                  40             68.5984             66.8037             1.86582
