                   1            -0.01712            -0.01712                   0
                   2            0.020464            0.001672            0.018792
                   3            0.081676             0.02834           0.0287905
                   4           -0.015408            0.017403           0.0231099
                   5             -0.0568           0.0025624           0.0232526
                   6            0.029356            0.007028           0.0195038
                   7           -0.069548         -0.00391143           0.0197834
                   8            0.131004            0.012953           0.0240405
                   9            0.024088           0.0141902           0.0212378
                  10             0.08462           0.0212332           0.0202593
                  11             0.06602           0.0253047           0.0187721
                  12           -0.060336            0.018168           0.0185632
                  13           -0.086888           0.0100868           0.0188914
                  14           -0.011492          0.00854543           0.0175578
                  15            0.041024           0.0107107           0.0164882
                  16             0.05798            0.013665           0.0157037
                  17           -0.004432           0.0126005           0.0147894
                  18           -0.149144          0.00361467           0.0165882
                  19            0.012736          0.00409474           0.0156982
                  20            0.127756           0.0102778           0.0161252
                  21           -0.018744          0.00889581           0.0154002
                  22           -0.012412          0.00792727           0.0147155
                  23            0.048052          0.00967183           0.0141689
                  24            0.185024           0.0169782           0.0154081
                  25           -0.021276            0.015448            0.014858
                  26           -0.128776          0.00990092            0.015315
                  27            0.079612           0.0124828           0.0149613
                  28             0.11994           0.0163206           0.0149191
                  29           -0.062068           0.0136175           0.0146471
                  30           -0.067112           0.0109265            0.014404
                  31            -0.05944          0.00865665           0.0141153
                  32           -0.094108          0.00544525           0.0140393
                  33            0.100332          0.00832061           0.0139077
                  34            -0.04168             0.00685           0.0135724
                  35            0.039948          0.00779566           0.0132128
                  36            0.015992          0.00802333           0.0128425
                  37             0.03872          0.00885297           0.0125181
                  38           -0.013212          0.00827232           0.0121981
                  39            0.044836          0.00920985           0.0119181
                  40            -0.01384           0.0086336           0.0116306
                   1           -0.018768           -0.018768                   0
                   2            0.020008             0.00062            0.019388
                   3            0.081044            0.027428           0.0290511
                   4            -0.01592            0.016591           0.0232255
                   5           -0.055828           0.0021072           0.0230962
                   6            0.028396          0.00648867           0.0193603
                   7           -0.070816         -0.00455486           0.0197405
                   8            0.130404            0.012315           0.0240179
                   9            0.023948           0.0136076           0.0212212
                  10            0.084996           0.0207464           0.0202789
                  11            0.066168           0.0248756            0.018802
                  12           -0.060072           0.0177967           0.0185663
                  13           -0.086176          0.00979877           0.0188585
                  14           -0.011124          0.00830429           0.0175234
                  15            0.041192           0.0104968           0.0164601
                  16            0.058296           0.0134842           0.0156841
                  17           -0.004064            0.012452           0.0147688
                  18           -0.149348          0.00346311           0.0165735
                  19            0.012608          0.00394442           0.0156844
                  20            0.127716            0.010133           0.0161152
                  21           -0.018364            0.008776           0.0153885
                  22           -0.012012          0.00783109           0.0147028
                  23             0.04814          0.00958365           0.0141579
                  24             0.18498           0.0168918           0.0153997
                  25            -0.02096           0.0153778           0.0148483
                  26           -0.128132          0.00985815           0.0152963
                  27              0.0798           0.0124486           0.0149451
                  28            0.120156           0.0162953           0.0149064
                  29           -0.062716           0.0135708           0.0146389
                  30           -0.067252           0.0108767           0.0143969
                  31           -0.059088          0.00861974           0.0141064
                  32           -0.094008          0.00541262             0.01403
                  33            0.099976          0.00827818           0.0138968
                  34           -0.041456          0.00681541            0.013561
                  35            0.039224          0.00774137           0.0132004
                  36            0.016048          0.00797211           0.0128306
                  37            0.038432          0.00879535           0.0125061
                  38           -0.013292          0.00821411           0.0121864
                  39             0.04544          0.00916862           0.0119081
                  40           -0.013168           0.0086102             0.01162
