                   1             10.0284             10.0284                   0
                   2             10.7228             10.3756            0.347212
                   3             10.4005             10.3839            0.200635
                   4             10.4559             10.4019            0.143008
                   5             11.1255             10.5466            0.182247
                   6             9.82545             10.4264            0.191284
                   7             9.63951              10.314            0.196909
                   8             9.25415             10.1815            0.215943
                   9             11.0913             10.2826            0.215607
                  10             10.3312             10.2875            0.192906
                  11             9.95442             10.2572            0.177098
                  12             10.8427              10.306            0.168871
                  13             9.14533             10.2167            0.179168
                  14             10.6946             10.2509            0.169354
                  15             10.8309             10.2895            0.162333
                  16             10.6802             10.3139            0.153799
                  17             11.0261             10.3558            0.150421
                  18             10.1338             10.3435            0.142354
                  19             10.3064             10.3415            0.134667
                  20             9.54171             10.3016             0.13387
                  21              11.113             10.3402            0.133069
                  22              9.9635             10.3231            0.128026
                  23             10.6063             10.3354            0.122952
                  24             10.3023              10.334            0.117725
                  25             10.5683             10.3434            0.113306
                  26             10.7196             10.3578            0.109819
                  27             11.0196             10.3824            0.108479
                  28             9.72297             10.3588            0.107152
                  29              9.0997             10.3154            0.112138
                  30             9.85026             10.2999            0.109439
                  31             9.72306             10.2813            0.107473
                  32             9.86635             10.2683            0.104865
                  33             9.51062             10.2454            0.104199
                  34             10.8382             10.2628            0.102581
                  35             10.4762             10.2689           0.0997932
                  36              10.683             10.2804           0.0976615
                  37             10.5192             10.2868           0.0952043
                  38             11.2798              10.313            0.096279
                  39             10.7158             10.3233           0.0943451
                  40             11.2759             10.3471             0.09499
                   1             9.61364             9.61364                   0
                   2             10.7328             10.1732            0.559586
                   3             10.4282             10.2582            0.334069
                   4              10.449             10.3059            0.240988
                   5             11.1257             10.4699            0.248447
                   6             9.78945             10.3565            0.232402
                   7             9.64806             10.2553            0.220954
                   8             9.24446             10.1289            0.229302
                   9             11.1224             10.2393            0.230393
                  10             10.3473             10.2501            0.206352
                  11             9.92326             10.2204            0.189003
                  12             10.8726             10.2747            0.180895
                  13             9.13551             10.1871            0.188064
                  14             10.6817             10.2224            0.177661
                  15             10.8415             10.2637            0.170465
                  16             10.6513             10.2879            0.161285
                  17             11.0518             10.3329            0.158024
                  18             10.0946             10.3196            0.149573
                  19             10.2766             10.3174              0.1415
                  20             9.61251             10.2821            0.138788
                  21             11.0942             10.3208            0.137561
                  22             9.98225             10.3054            0.132059
                  23             10.6255             10.3193            0.126952
                  24             10.2945             10.3183            0.121552
                  25             10.5819             10.3288            0.117064
                  26             10.6658             10.3418            0.113216
                  27             11.0499              10.368            0.112055
                  28             9.71181             10.3446            0.110493
                  29             9.08877             10.3013            0.115073
                  30             9.86797             10.2868            0.112106
                  31             9.71856             10.2685            0.109968
                  32             9.89054             10.2567            0.107129
                  33             9.59106             10.2365            0.105773
                  34             10.8726             10.2552            0.104306
                  35             10.4647             10.2612            0.101459
                  36             10.6599             10.2723           0.0992204
                  37             10.5313             10.2793            0.096755
                  38              11.276             10.3055           0.0977592
                  39             10.6909             10.3154           0.0957309
                  40             11.2721             10.3393           0.0963233
