                   1            0.015548            0.015548                   0
                   2            0.006828            0.011188             0.00436
                   3            0.008592           0.0103227          0.00266183
                   4           -0.008984            0.005496          0.00518067
                   5           -0.019728           0.0004512          0.00644621
                   6           -0.009648           -0.001232           0.0055259
                   7            0.006264        -0.000161143          0.00479144
                   8           -0.014256           -0.001923          0.00450805
                   9            0.013232        -0.000239111          0.00431763
                  10            0.021336           0.0019184          0.00442362
                  11            0.006664          0.00234982           0.0040245
                  12           -0.022948         0.000241667          0.00423574
                  13               0.011          0.00106923          0.00398323
                  14            -0.00226         0.000831429          0.00369541
                  15           -0.009212         0.000161867          0.00350479
                  16           -0.003192          -4.775e-05          0.00328513
                  17           -0.000112        -5.15294e-05          0.00308584
                  18            0.018848         0.000998444          0.00309303
                  19              0.0033          0.00111958          0.00292822
                  20            0.015336           0.0018304          0.00286745
                  21           -0.031472         0.000244571          0.00315501
                  22             -0.0303         -0.00114382          0.00331312
                  23           -0.033236         -0.00253913          0.00345965
                  24            0.014888           -0.001813          0.00339102
                  25           -0.000584         -0.00176384          0.00325292
                  26            0.010048         -0.00130954          0.00315815
                  27            0.009404        -0.000912741          0.00306473
                  28            0.026052         5.02857e-05           0.0031063
                  29           -0.001284         4.27586e-06          0.00299762
                  30             0.01068         0.000360133          0.00291776
                  31            -0.01708        -0.000202452           0.0028776
                  32            0.027132          0.00065175          0.00291423
                  33            -0.02578        -0.000149212          0.00293591
                  34             0.00734         7.10588e-05          0.00285675
                  35           -0.000504         5.46286e-05          0.00277398
                  36             -0.0271        -0.000699667          0.00279936
                  37            0.015764        -0.000254703          0.00275877
                  38            0.009616         5.05263e-06          0.00269773
                  39           -0.012624        -0.000318769          0.00264752
                  40            0.008088          -0.0001086          0.00258903
                   1           -0.015316           -0.015316                   0
                   2           -0.007076           -0.011196             0.00412
                   3           -0.008692          -0.0103613          0.00252087
                   4            0.009324            -0.00544          0.00523421
                   5            0.018888          -0.0005744          0.00633342
                   6            0.010428          0.00125933          0.00548672
                   7           -0.006292         0.000180571          0.00476095
                   8            0.014096             0.00192          0.00447499
                   9           -0.012688         0.000296889          0.00426731
                  10           -0.021376          -0.0018704           0.0043892
                  11           -0.006836         -0.00232182          0.00399576
                  12            0.023424        -0.000176333          0.00423181
                  13           -0.011048         -0.00101262          0.00398152
                  14             0.00236        -0.000771714          0.00369403
                  15             0.00858        -0.000148267          0.00349501
                  16            0.002456            1.45e-05          0.00327333
                  17            0.001032         7.43529e-05          0.00307534
                  18           -0.017712        -0.000913778          0.00306321
                  19           -0.004352         -0.00109474          0.00290316
                  20           -0.015352          -0.0018076          0.00284493
                  21            0.030528         -0.00026781          0.00311348
                  22            0.030552          0.00113309          0.00328254
                  23            0.034608          0.00258852           0.0034578
                  24           -0.015008          0.00185533          0.00339081
                  25           -0.000676          0.00175408          0.00325392
                  26           -0.009644          0.00131569          0.00315686
                  27           -0.009472         0.000916148          0.00306385
                  28           -0.026772        -7.27143e-05           0.0031136
                  29            0.001224            -2.8e-05          0.00300465
                  30            -0.01058        -0.000379733            0.002924
                  31            0.016692         0.000170968          0.00288122
                  32           -0.026952        -0.000676625          0.00291565
                  33            0.026216         0.000138303          0.00294107
                  34           -0.008212        -0.000107294          0.00286381
                  35           -0.000348        -0.000114171          0.00278079
                  36             0.02694         0.000637333          0.00280499
                  37             -0.0145         0.000228216          0.00275863
                  38           -0.008912        -1.23158e-05          0.00269581
                  39             0.01404            0.000348          0.00265038
                  40           -0.009396           0.0001044          0.00259473
