                   1            0.308763            0.308763                   0
                   2            0.317439            0.313101          0.00433784
                   3            0.313553            0.313251          0.00250898
                   4            0.320456            0.315053          0.00252816
                   5            0.319604            0.315963          0.00215954
                   6             0.30733            0.314524          0.00227583
                   7            0.308413            0.313651          0.00211226
                   8            0.317352            0.314114          0.00188687
                   9            0.309667             0.31362          0.00173587
                  10            0.314318            0.313689          0.00155418
                  11            0.322632            0.314502          0.00162394
                  12            0.313406            0.314411          0.00148526
                  13            0.323869            0.315139          0.00154787
                  14            0.320788            0.315542          0.00148878
                  15            0.311616             0.31528          0.00141047
                  16            0.322238            0.315715          0.00138919
                  17            0.324568            0.316236          0.00140498
                  18            0.311641            0.315981            0.001349
                  19            0.314695            0.315913          0.00127782
                  20            0.315541            0.315894          0.00121239
                  21            0.316931            0.315944          0.00115427
                  22            0.324603            0.316337          0.00116882
                  23            0.319405            0.316471          0.00112478
                  24            0.314132            0.316373           0.0010813
                  25            0.312965            0.316237          0.00104607
                  26            0.330685            0.316793          0.00114843
                  27            0.316591            0.316785           0.0011051
                  28            0.308448            0.316487          0.00110575
                  29            0.320327             0.31662          0.00107512
                  30            0.306728             0.31629          0.00108975
                  31             0.31855            0.316363          0.00105653
                  32            0.312689            0.316248           0.0010294
                  33              0.3146            0.316198         0.000998967
                  34            0.327024            0.316517          0.00102011
                  35            0.315204            0.316479         0.000991242
                  36            0.306299            0.316196          0.00100396
                  37            0.314431            0.316149         0.000977617
                  38            0.312977            0.316065         0.000955196
                  39            0.315158            0.316042         0.000930673
                  40            0.324615            0.316256         0.000932086
                   1            0.311753            0.311753                   0
                   2            0.315789            0.313771          0.00201804
                   3             0.31889            0.315477          0.00206621
                   4            0.322532            0.317241          0.00229024
                   5            0.317365            0.317266          0.00177418
                   6            0.312361            0.316448          0.00166332
                   7            0.313329            0.316003          0.00147469
                   8            0.316632            0.316081          0.00127954
                   9            0.308346            0.315222          0.00141851
                  10             0.31442            0.315142          0.00127129
                  11            0.316486            0.315264           0.0011564
                  12              0.3126            0.315042          0.00107873
                  13             0.32047            0.315459          0.00107655
                  14             0.32325            0.316016           0.0011415
                  15            0.315957            0.316012          0.00106269
                  16            0.324462             0.31654          0.00112565
                  17            0.329779            0.317319          0.00131321
                  18            0.313591            0.317112          0.00125531
                  19            0.315692            0.317037          0.00118975
                  20            0.306259            0.316498          0.00125075
                  21            0.321144            0.316719          0.00121009
                  22            0.323324             0.31702          0.00119219
                  23            0.316295            0.316988          0.00113962
                  24            0.313561            0.316845          0.00110041
                  25            0.313123            0.316696          0.00106592
                  26            0.330326            0.317221          0.00115048
                  27            0.317686            0.317238          0.00110718
                  28            0.310123            0.316984          0.00109675
                  29            0.323522            0.317209            0.001082
                  30            0.315487            0.317152          0.00104689
                  31            0.319683            0.317233          0.00101584
                  32            0.314695            0.317154         0.000986775
                  33            0.315947            0.317117         0.000957105
                  34            0.322637             0.31728         0.000942612
                  35            0.314211            0.317192         0.000919475
                  36            0.302766            0.316791         0.000979313
                  37            0.321348            0.316915         0.000960405
                  38            0.310728            0.316752         0.000948861
                  39            0.312823            0.316651         0.000929685
                  40            0.328097            0.316937         0.000950254
