                   1            0.160959            0.160959                   0
                   2            0.152385            0.156672          0.00428668
                   3             0.15933            0.157558          0.00262874
                   4            0.156878            0.157388          0.00186655
                   5            0.156029            0.157116          0.00147115
                   6            0.158219              0.1573          0.00121517
                   7            0.154512            0.156902          0.00110156
                   8            0.154252            0.156571          0.00100983
                   9            0.157434            0.156667         0.000895738
                  10            0.155843            0.156584         0.000805394
                  11            0.161547            0.157035         0.000856877
                  12            0.154342            0.156811         0.000813771
                  13            0.160917            0.157127         0.000812464
                  14             0.15351            0.156868         0.000795312
                  15            0.160564            0.157115          0.00078031
                  16            0.162693            0.157463         0.000808891
                  17            0.154391            0.157283         0.000781013
                  18            0.155698            0.157195         0.000741589
                  19            0.160287            0.157357         0.000720108
                  20            0.163382            0.157659         0.000746615
                  21            0.153945            0.157482         0.000731862
                  22            0.155888            0.157409         0.000701554
                  23              0.1561            0.157352         0.000672773
                  24            0.156103              0.1573         0.000646232
                  25            0.158978            0.157367         0.000623467
                  26            0.158126            0.157397         0.000599718
                  27            0.160598            0.157515         0.000589135
                  28            0.156984            0.157496         0.000568022
                  29            0.156104            0.157448         0.000550182
                  30            0.155076            0.157369         0.000537377
                  31            0.155719            0.157316         0.000522473
                  32            0.156059            0.157277         0.000507405
                  33            0.153737            0.157169         0.000503353
                  34            0.153228            0.157054         0.000501894
                  35            0.155278            0.157003         0.000489977
                  36            0.158633            0.157048          0.00047832
                  37             0.16121            0.157161          0.00047862
                  38            0.154149            0.157081         0.000472548
                  39            0.158587             0.15712         0.000461888
                  40            0.156401            0.157102         0.000450551
                   1            0.159818            0.159818                   0
                   2            0.154786            0.157302          0.00251566
                   3            0.155918            0.156841          0.00152389
                   4            0.158798             0.15733          0.00118349
                   5            0.155653            0.156995          0.00097619
                   6            0.155027            0.156667         0.000861871
                   7            0.156771            0.156682         0.000728566
                   8            0.155194            0.156496         0.000657772
                   9            0.157952            0.156658         0.000602236
                  10            0.155156            0.156507         0.000559188
                  11            0.158213            0.156662         0.000529049
                  12            0.157244            0.156711         0.000485379
                  13             0.15872            0.156865         0.000472468
                  14            0.155771            0.156787          0.00044435
                  15            0.155308            0.156689          0.00042526
                  16            0.158145             0.15678         0.000408074
                  17            0.157246            0.156807         0.000384299
                  18            0.159254            0.156943          0.00038698
                  19            0.159051            0.157054         0.000382486
                  20            0.161056            0.157254         0.000414385
                  21            0.153247            0.157063         0.000437924
                  22             0.15747            0.157082         0.000417952
                  23            0.162017            0.157296         0.000453363
                  24            0.159093            0.157371         0.000440471
                  25            0.156309            0.157329         0.000424615
                  26            0.156838             0.15731         0.000408394
                  27            0.157179            0.157305         0.000393007
                  28            0.157096            0.157298         0.000378785
                  29            0.157761            0.157314          0.00036584
                  30            0.159193            0.157376         0.000358944
                  31            0.156099            0.157335         0.000349607
                  32             0.15562            0.157281         0.000342722
                  33            0.155243             0.15722         0.000337867
                  34            0.154965            0.157153         0.000334416
                  35            0.158571            0.157194         0.000327237
                  36            0.159332            0.157253         0.000323515
                  37            0.157275            0.157254         0.000314651
                  38            0.157332            0.157256         0.000306266
                  39            0.154159            0.157176         0.000308697
                  40              0.1544            0.157107         0.000308782
