                   1           -0.461072           -0.461072                   0
                   2           -0.464176           -0.462624            0.001552
                   3           -0.461696           -0.462315         0.000947939
                   4            -0.45804           -0.461246          0.00126148
                   5           -0.459968            -0.46099          0.00101002
                   6           -0.462968            -0.46132         0.000888103
                   7           -0.462848           -0.461538         0.000781681
                   8            -0.46156           -0.461541         0.000676961
                   9           -0.465184           -0.461946         0.000721306
                  10           -0.461416           -0.461893         0.000647327
                  11           -0.461584           -0.461865         0.000586202
                  12           -0.461976           -0.461874         0.000535207
                  13           -0.463024           -0.461962         0.000500203
                  14           -0.464712           -0.462159         0.000503022
                  15            -0.46508           -0.462354         0.000507167
                  16           -0.463104           -0.462401         0.000476724
                  17            -0.46172            -0.46236          0.00044959
                  18           -0.463656           -0.462432         0.000429945
                  19           -0.460896           -0.462352         0.000414648
                  20            -0.46016           -0.462242         0.000408347
                  21           -0.464752           -0.462362          0.00040639
                  22            -0.46128           -0.462312         0.000390584
                  23           -0.461968           -0.462297         0.000373516
                  24            -0.46288           -0.462322         0.000358437
                  25           -0.463872           -0.462384         0.000349349
                  26           -0.460248           -0.462302         0.000345549
                  27           -0.462696           -0.462316         0.000332825
                  28           -0.463816            -0.46237         0.000325161
                  29           -0.460544           -0.462307         0.000320002
                  30           -0.462344           -0.462308         0.000309154
                  31           -0.461064           -0.462268         0.000301696
                  32            -0.46408           -0.462325         0.000297554
                  33           -0.463512            -0.46236         0.000290633
                  34            -0.46196           -0.462349         0.000282201
                  35           -0.462984           -0.462367          0.00027462
                  36           -0.465104           -0.462443         0.000277502
                  37            -0.46244           -0.462443         0.000269897
                  38           -0.461152           -0.462409         0.000264886
                  39           -0.460416           -0.462358         0.000263016
                  40           -0.463432           -0.462385         0.000257759
                   1           -0.461672           -0.461672                   0
                   2           -0.463496           -0.462584            0.000912
                   3           -0.462008           -0.462392         0.000560457
                   4           -0.458624            -0.46145          0.00102197
                   5           -0.459872           -0.461134         0.000852206
                   6            -0.46316           -0.461472         0.000773398
                   7            -0.46228           -0.461587         0.000663754
                   8            -0.46152           -0.461579          0.00057489
                   9           -0.465264           -0.461988         0.000651689
                  10           -0.459352           -0.461725          0.00063974
                  11           -0.463944           -0.461927         0.000612827
                  12           -0.461304           -0.461875         0.000561832
                  13           -0.465256           -0.462135         0.000578572
                  14           -0.463304           -0.462218         0.000542126
                  15           -0.464448           -0.462367         0.000526127
                  16           -0.464696           -0.462512         0.000513223
                  17           -0.460592             -0.4624         0.000495149
                  18             -0.4626           -0.462411         0.000466964
                  19            -0.46192           -0.462385         0.000442458
                  20           -0.459616           -0.462246         0.000441993
                  21              -0.465           -0.462378         0.000440393
                  22           -0.460392           -0.462287         0.000429488
                  23            -0.46244           -0.462294         0.000410444
                  24           -0.463784           -0.462356         0.000397844
                  25            -0.46256           -0.462364         0.000381686
                  26           -0.459824           -0.462266         0.000379503
                  27            -0.46044           -0.462199          0.00037139
                  28           -0.464584           -0.462284         0.000367879
                  29           -0.459616           -0.462192         0.000366695
                  30           -0.462568           -0.462205         0.000354483
                  31           -0.460776           -0.462158          0.00034594
                  32           -0.463416           -0.462198         0.000337253
                  33           -0.462544           -0.462208         0.000327042
                  34           -0.461176           -0.462178         0.000318726
                  35           -0.461912            -0.46217         0.000309579
                  36           -0.465952           -0.462275         0.000318669
                  37            -0.46152           -0.462255         0.000310608
                  38           -0.460552            -0.46221         0.000305627
                  39            -0.46036           -0.462163         0.000301443
                  40            -0.46324            -0.46219         0.000295043
