                   1             0.00808             0.00808                   0
                   2             0.00488             0.00648              0.0016
                   3           -0.006488          0.00215733          0.00442027
                   4            0.001596            0.002017          0.00312875
                   5            0.000404           0.0016944           0.0024449
                   6            0.008176          0.00277467           0.0022698
                   7            0.001288          0.00256229          0.00193005
                   8             0.00174           0.0024595          0.00167463
                   9           -0.001808          0.00198533          0.00155114
                  10            0.009792            0.002766          0.00159194
                  11           -0.004196          0.00213309          0.00157291
                  12            0.004148            0.002301          0.00144565
                  13            0.007428          0.00269538          0.00138706
                  14            0.005696          0.00290971          0.00130193
                  15           -0.006984          0.00225013          0.00137988
                  16             0.00412            0.002367          0.00129604
                  17            0.005232          0.00253553          0.00122902
                  18            0.002128          0.00251289          0.00115896
                  19            -0.01028          0.00183958          0.00128652
                  20            -0.00412           0.0015416          0.00125635
                  21           -0.000304          0.00145371          0.00119825
                  22             3.2e-05          0.00138909          0.00114432
                  23            0.005524          0.00156887          0.00110811
                  24            -0.00164          0.00143517          0.00106933
                  25            0.006376           0.0016328          0.00104453
                  26           -0.006548          0.00131815          0.00105172
                  27            0.000372          0.00128311          0.00101263
                  28            -0.00148          0.00118443          0.00098077
                  29            0.005328          0.00132731         0.000957072
                  30           -0.003252          0.00117467         0.000937135
                  31            0.003236          0.00124116         0.000908836
                  32            0.002516            0.001281         0.000880878
                  33           -0.003108            0.001148         0.000864065
                  34              -0.002          0.00105541         0.000843364
                  35           -0.000704          0.00100514         0.000820455
                  36              0.0021          0.00103556         0.000797919
                  37           -0.004836         0.000876865         0.000792112
                  38             0.00112         0.000883263         0.000771012
                  39            0.001748         0.000905436          0.00075131
                  40            0.002292           0.0009401         0.000733106
                   1             0.00492             0.00492                   0
                   2            0.005808            0.005364            0.000444
                   3           -0.005688             0.00168          0.00369291
                   4             8.8e-05            0.001282          0.00264144
                   5            0.000436           0.0011128          0.00205303
                   6            0.008264          0.00230467          0.00205682
                   7            0.001116          0.00213486           0.0017466
                   8            0.001148           0.0020115          0.00151763
                   9           -0.003716          0.00137511          0.00148201
                  10            0.010544            0.002292          0.00161176
                  11            -0.00442          0.00168182          0.00158043
                  12            0.003084          0.00179867          0.00144746
                  13              0.0078          0.00226031          0.00140922
                  14            0.004928          0.00245086          0.00131853
                  15           -0.005568          0.00191627          0.00133884
                  16            0.003368            0.002007          0.00125566
                  17            0.007884          0.00235271           0.0012291
                  18            0.000544          0.00225222          0.00116316
                  19           -0.010876          0.00156126          0.00129921
                  20            -0.00366           0.0013002          0.00125988
                  21            0.000492          0.00126171          0.00119901
                  22           -0.001348          0.00114309          0.00114935
                  23            0.005292          0.00132348          0.00111295
                  24             -0.0025          0.00116417          0.00107742
                  25            0.007532          0.00141888          0.00106435
                  26           -0.006108          0.00112938          0.00106278
                  27            0.001948           0.0011597          0.00102311
                  28            0.000136          0.00112314         0.000986572
                  29            0.006688          0.00131503         0.000971092
                  30           -0.003436          0.00115667         0.000951437
                  31            0.003416          0.00122955         0.000923116
                  32            0.001744          0.00124563         0.000893947
                  33            -0.00276          0.00112424         0.000874896
                  34             1.2e-05          0.00109153         0.000849404
                  35           -0.001544          0.00101623         0.000828209
                  36            0.001844          0.00103922         0.000805202
                  37           -0.006324         0.000840216         0.000808027
                  38            0.001284         0.000851895         0.000786563
                  39            0.003164         0.000911179          0.00076842
                  40            0.002076           0.0009403         0.000749529
