                   1            0.872899            0.872899                   0
                   2            0.905668            0.889283           0.0163846
                   3            0.906236            0.894934            0.011019
                   4            0.878385            0.890797          0.00882188
                   5            0.883242            0.889286          0.00699845
                   6            0.892076            0.889751           0.0057331
                   7            0.886089            0.889228          0.00487352
                   8            0.900945            0.890692          0.00446749
                   9            0.917634            0.893686          0.00494818
                  10              0.9253            0.896847          0.00543895
                  11            0.875897            0.894943          0.00527552
                  12            0.886523            0.894241          0.00486672
                  13            0.912934            0.895679            0.004702
                  14            0.916949            0.897198           0.0046107
                  15            0.901205            0.897465          0.00430064
                  16            0.912817            0.898425          0.00413571
                  17            0.866024            0.896519          0.00432718
                  18            0.880119            0.895608           0.0041802
                  19            0.909365            0.896332          0.00401982
                  20            0.871239            0.895077          0.00401463
                  21            0.916583            0.896101          0.00395361
                  22             0.90708              0.8966           0.0038025
                  23            0.910061            0.897186          0.00368025
                  24            0.901467            0.897364          0.00352808
                  25            0.866213            0.896118          0.00360613
                  26            0.883629            0.895638           0.0034978
                  27            0.893302            0.895551          0.00336687
                  28             0.88858            0.895302          0.00325393
                  29             0.87986             0.89477          0.00318456
                  30            0.870807            0.893971          0.00317857
                  31            0.898459            0.894116          0.00307774
                  32            0.908961             0.89458           0.0030159
                  33            0.880001            0.894138          0.00295628
                  34            0.879469            0.893706          0.00290028
                  35            0.868921            0.892998          0.00290387
                  36            0.894277            0.893034          0.00282227
                  37            0.904531            0.893344          0.00276247
                  38            0.894727            0.893381          0.00268904
                  39            0.883227             0.89312          0.00263209
                  40            0.913089             0.89362          0.00261356
                   1            0.860678            0.860678                   0
                   2            0.897524            0.879101           0.0184229
                   3            0.886658             0.88162           0.0109307
                   4            0.889496            0.883589          0.00797604
                   5             0.89289            0.885449          0.00645216
                   6            0.882108            0.884892          0.00529752
                   7            0.890902            0.885751           0.0045588
                   8            0.902308             0.88782          0.00445761
                   9            0.913646             0.89069          0.00486709
                  10            0.904483            0.892069          0.00456656
                  11            0.865783             0.88968          0.00477206
                  12            0.895061            0.890128          0.00437929
                  13            0.921086            0.892509          0.00467959
                  14             0.89967            0.893021          0.00436255
                  15            0.904157            0.893763           0.0041286
                  16            0.910002            0.894778          0.00399309
                  17            0.880358             0.89393          0.00384557
                  18            0.886346            0.893509          0.00365003
                  19            0.908155            0.894279          0.00353759
                  20            0.868419            0.892986          0.00359653
                  21            0.892958            0.892985          0.00342098
                  22            0.900156            0.893311          0.00327803
                  23            0.910729            0.894068          0.00322251
                  24            0.893198            0.894032          0.00308554
                  25            0.855406            0.892487          0.00333857
                  26            0.875012            0.891815          0.00327725
                  27            0.897847            0.892038          0.00316144
                  28            0.889524            0.891949          0.00304776
                  29            0.880747            0.891562          0.00296605
                  30            0.866397            0.890723          0.00298573
                  31            0.907219            0.891256          0.00293643
                  32            0.908324            0.891789          0.00289279
                  33            0.892597            0.891813          0.00280386
                  34            0.896593            0.891954          0.00272378
                  35            0.867221            0.891247          0.00273759
                  36            0.890444            0.891225          0.00266055
                  37            0.898696            0.891427          0.00259551
                  38            0.889257             0.89137          0.00252693
                  39             0.89882            0.891561          0.00246869
                  40            0.909664            0.892013          0.00244837
