                   1             3.03831             3.03831                   0
                   2             2.85102             2.94466           0.0936481
                   3             2.96928             2.95287           0.0546868
                   4             2.91662             2.94381           0.0397168
                   5             2.90744             2.93653           0.0316128
                   6             2.92205             2.93412           0.0259244
                   7             3.06238             2.95244           0.0285624
                   8             2.88388             2.94387           0.0261784
                   9             2.93708             2.94312           0.0230995
                  10             2.68587             2.91739           0.0329945
                  11             2.98593             2.92362           0.0304882
                  12             3.01433             2.93118           0.0288401
                  13             2.94856             2.93252           0.0265627
                  14             2.90551             2.93059           0.0246678
                  15             2.90915             2.92916           0.0230089
                  16             3.06107             2.93741           0.0230478
                  17             2.80279             2.92949           0.0230523
                  18             2.91039             2.92843           0.0217598
                  19             2.89599             2.92672           0.0206534
                  20             2.94719             2.92774           0.0196203
                  21             2.97115             2.92981           0.0187768
                  22             2.89359             2.92816           0.0179785
                  23             2.88592             2.92633           0.0172769
                  24             2.98369             2.92872           0.0167132
                  25              2.9885             2.93111           0.0162081
                  26             2.98095             2.93302           0.0156897
                  27             2.79281             2.92783           0.0159656
                  28             3.00287             2.93051           0.0156165
                  29              2.6317             2.92021           0.0182544
                  30              2.9752             2.92204           0.0177305
                  31             2.91232             2.92173           0.0171518
                  32             2.90305             2.92114           0.0166174
                  33             2.87276             2.91968           0.0161726
                  34             2.96572             2.92103           0.0157481
                  35             3.06889             2.92526           0.0158643
                  36             2.95403             2.92606           0.0154381
                  37              2.9489             2.92667           0.0150277
                  38             2.94471             2.92715           0.0146346
                  39             2.81417             2.92425           0.0145458
                  40             2.85264             2.92246           0.0142901
                   1             3.03795             3.03795                   0
                   2             2.85632             2.94714           0.0908148
                   3             2.98701             2.96043           0.0540905
                   4             2.93448             2.95394           0.0387939
                   5             2.93335             2.94982           0.0303306
                   6             2.92118             2.94505           0.0252209
                   7             3.08634             2.96523           0.0293557
                   8             2.88417              2.9551           0.0273679
                   9             2.94044             2.95347           0.0241911
                  10             2.68743             2.92687           0.0342922
                  11             2.96494             2.93033            0.031211
                  12             3.03895             2.93938            0.029895
                  13             2.92039             2.93792           0.0275381
                  14             2.89208             2.93464           0.0257047
                  15             2.92333             2.93389           0.0239416
                  16             3.08675             2.94344           0.0243481
                  17              2.8313             2.93685           0.0238034
                  18             2.91005             2.93536           0.0224913
                  19             2.90009              2.9335           0.0213555
                  20             2.95858             2.93476           0.0202984
                  21              2.9157             2.93385           0.0193289
                  22             2.90132             2.93237           0.0184887
                  23             2.89213             2.93062            0.017753
                  24             2.98141             2.93274           0.0171284
                  25              2.9453             2.93324           0.0164367
                  26             2.97692             2.93492           0.0158809
                  27             2.80692             2.93018           0.0159999
                  28             2.99523              2.9325           0.0155919
                  29             2.63784             2.92234           0.0181544
                  30             2.96269             2.92369           0.0175903
                  31             2.92176             2.92362           0.0170136
                  32             2.89195             2.92263            0.016503
                  33             2.87804             2.92128           0.0160521
                  34             2.96087             2.92245           0.0156163
                  35             3.07626             2.92684           0.0157876
                  36             2.93764             2.92714           0.0153457
                  37             2.95117             2.92779           0.0149393
                  38             2.91348             2.92741           0.0145457
                  39             2.79176             2.92394           0.0145886
                  40             2.86637              2.9225           0.0142918
