                   1            -0.48216            -0.48216                   0
                   2           -0.484328           -0.483244            0.001084
                   3           -0.483128           -0.483205         0.000627041
                   4           -0.479544            -0.48229          0.00101707
                   5           -0.480408           -0.481914         0.000873116
                   6           -0.483752            -0.48222         0.000775953
                   7            -0.48488             -0.4826          0.00075794
                   8           -0.482808           -0.482626          0.00065691
                   9           -0.484888           -0.482877         0.000631509
                  10           -0.482392           -0.482829          0.00056692
                  11           -0.480136           -0.482584         0.000568233
                  12           -0.480656           -0.482423         0.000543036
                  13           -0.485512           -0.482661         0.000553145
                  14           -0.484864           -0.482818         0.000535745
                  15           -0.484048             -0.4829         0.000505444
                  16           -0.481536           -0.482815         0.000480427
                  17           -0.481592           -0.482743         0.000456981
                  18            -0.48252           -0.482731         0.000431024
                  19           -0.481672           -0.482675         0.000411498
                  20           -0.479688           -0.482526         0.000417973
                  21           -0.485768            -0.48268         0.000426501
                  22           -0.479664           -0.482543         0.000429139
                  23           -0.482344           -0.482534         0.000410148
                  24           -0.484856           -0.482631         0.000404427
                  25            -0.48344           -0.482663          0.00038926
                  26           -0.481528            -0.48262          0.00037653
                  27           -0.484096           -0.482674         0.000366418
                  28           -0.483064           -0.482688         0.000353364
                  29           -0.480632           -0.482617         0.000348256
                  30           -0.482192           -0.482603         0.000336746
                  31           -0.481496           -0.482567         0.000327654
                  32           -0.485008           -0.482644         0.000326288
                  33           -0.483776           -0.482678         0.000318102
                  34           -0.480688            -0.48262         0.000314106
                  35             -0.4818           -0.482596         0.000305897
                  36            -0.48296           -0.482606          0.00029745
                  37           -0.482912           -0.482614         0.000289417
                  38           -0.483808           -0.482646         0.000283444
                  39           -0.481664           -0.482621         0.000277226
                  40           -0.483928           -0.482653         0.000272176
                   1           -0.483296           -0.483296                   0
                   2           -0.484408           -0.483852            0.000556
                   3           -0.482536           -0.483413         0.000543575
                   4           -0.479792           -0.482508         0.000983547
                   5           -0.480528           -0.482112         0.000858624
                   6           -0.485464           -0.482671         0.000896437
                   7           -0.484752           -0.482968         0.000813883
                   8             -0.4824           -0.482897         0.000708411
                   9           -0.485672           -0.483205         0.000696702
                  10           -0.481056            -0.48299         0.000659175
                  11             -0.4824           -0.482937         0.000598657
                  12            -0.48108           -0.482782         0.000567978
                  13           -0.486648           -0.483079          0.00060117
                  14           -0.483832           -0.483133         0.000559166
                  15           -0.483096           -0.483131         0.000520561
                  16           -0.481664           -0.483039         0.000495493
                  17           -0.480776           -0.482906         0.000484097
                  18           -0.482312           -0.482873         0.000457602
                  19           -0.482056            -0.48283         0.000434978
                  20            -0.48012           -0.482694         0.000434332
                  21           -0.485688           -0.482837         0.000437035
                  22           -0.479424           -0.482682         0.000444637
                  23           -0.483448           -0.482715          0.00042617
                  24           -0.485392           -0.482827         0.000422996
                  25           -0.481488           -0.482773         0.000409242
                  26           -0.482176            -0.48275         0.000393857
                  27           -0.482536           -0.482742         0.000379072
                  28             -0.4838            -0.48278         0.000367231
                  29           -0.479848           -0.482679         0.000368484
                  30           -0.481928           -0.482654         0.000356868
                  31           -0.481304            -0.48261           0.0003479
                  32            -0.48364           -0.482642         0.000338386
                  33           -0.484136           -0.482688         0.000331079
                  34            -0.47984           -0.482604         0.000331935
                  35           -0.481112           -0.482561         0.000325119
                  36           -0.483992           -0.482601         0.000318448
                  37           -0.483016           -0.482612         0.000309925
                  38           -0.483008           -0.482623         0.000301838
                  39           -0.481784           -0.482601         0.000294782
                  40             -0.4828           -0.482606         0.000287361
