                   1             43.1757             43.1757                   0
                   2             39.5252             41.3504             1.82525
                   3              49.385             44.0286             2.87806
                   4             39.6386             42.9311             2.31217
                   5             36.5592             41.6567             2.19813
                   6             37.6545             40.9897             1.91471
                   7             37.0377             40.4251             1.71388
                   8             40.8753             40.4814             1.48533
                   9              41.946             40.6441             1.32001
                  10             35.4504             40.1248             1.28984
                  11             44.7755             40.5476             1.24095
                  12             44.8894             40.9094              1.1892
                  13             42.4283             41.0262             1.10013
                  14             38.3877             40.8378             1.03581
                  15             44.0103             41.0493            0.987211
                  16             37.6618             40.8375            0.947409
                  17             44.2159             41.0363            0.911855
                  18             46.1474             41.3202            0.905384
                  19             50.6038             41.8088            0.985989
                  20             43.0981             41.8733             0.93761
                  21             36.7684             41.6302            0.924381
                  22             39.5846             41.5372            0.886254
                  23             48.1026             41.8227             0.89366
                  24             45.0033             41.9552            0.865817
                  25             43.4924             42.0167            0.832736
                  26             47.2048             42.2162            0.824575
                  27             43.1865             42.2522            0.794261
                  28               36.21             42.0364            0.795208
                  29             40.5633             41.9856            0.768977
                  30             41.9247             41.9835            0.742905
                  31             45.2098             42.0876            0.726039
                  32             48.1027             42.2756            0.727681
                  33             42.3392             42.2775            0.705288
                  34             40.5815             42.2276            0.686046
                  35             38.2862              42.115            0.675608
                  36             42.3722             42.1222            0.656612
                  37             46.7236             42.2465            0.650616
                  38             39.5293              42.175            0.637287
                  39             45.4537             42.2591            0.626399
                  40             43.0765             42.2795             0.61088
                   1             42.8284             42.8284                   0
                   2             39.5643             41.1964             1.63204
                   3              49.394             43.9289             2.89043
                   4             39.6333              42.855              2.3088
                   5             36.5909             41.6022             2.18355
                   6              37.617              40.938             1.90256
                   7             37.0268             40.3793             1.70227
                   8             40.8521             40.4384              1.4754
                   9             41.9198              40.603             1.31155
                  10             35.4218             40.0849             1.28241
                  11             44.7963             40.5132             1.23653
                  12              44.839             40.8737             1.18496
                  13             42.3447             40.9868             1.09586
                  14             38.3742             40.8002             1.03159
                  15             43.9906             41.0129            0.983628
                  16             37.6941             40.8055            0.943191
                  17             44.2082             41.0056            0.908302
                  18               46.12             41.2898            0.902261
                  19             50.6252             41.7811            0.984782
                  20             43.1259             41.8483            0.936663
                  21             36.7688             41.6064            0.923195
                  22             39.6056             41.5155            0.884918
                  23             48.0594                41.8            0.892153
                  24             45.0159              41.934            0.864618
                  25             43.4708             41.9955            0.831587
                  26             47.2304             42.1968            0.823942
                  27             43.1648             42.2327            0.793649
                  28             36.1802             42.0165             0.79474
                  29             40.5522              41.966            0.768507
                  30             41.9243             41.9646            0.742449
                  31             45.2151             42.0695            0.725715
                  32             48.0947             42.2578             0.72746
                  33             42.3088             42.2593            0.705073
                  34             40.5916             42.2103            0.685778
                  35             38.2488             42.0971            0.675447
                  36             42.4022             42.1056            0.656471
                  37             46.7301             42.2305            0.650601
                  38             39.5014             42.1587            0.637308
                  39             45.4383             42.2428            0.626421
                  40             43.0908              42.264            0.610928
