                   1             15.3575             15.3575                   0
                   2             15.1681             15.2628           0.0947185
                   3             15.3319             15.2858           0.0593361
                   4             14.0973             14.9887            0.300079
                   5             15.5035             15.0917            0.254219
                   6              15.228             15.1144            0.208809
                   7             15.4425             15.1613            0.182595
                   8             16.2003             15.2911            0.204632
                   9               15.31             15.2932            0.180481
                  10             16.4187             15.4058            0.196785
                  11             14.6559             15.3376            0.190607
                  12             17.2506              15.497            0.235986
                  13             14.3557             15.4092            0.234156
                  14             14.7066              15.359             0.22252
                  15              15.439             15.3644            0.207223
                  16             17.4003             15.4916            0.231872
                  17             15.2513             15.4775            0.218264
                  18             13.8102             15.3849            0.225668
                  19             14.4914             15.3378            0.218578
                  20             15.5332             15.3476            0.207592
                  21             14.0667             15.2866            0.206665
                  22             16.8427             15.3573            0.209358
                  23              14.861             15.3358            0.201209
                  24             12.8459              15.232            0.218802
                  25             16.0394             15.2643            0.212338
                  26             15.0563             15.2563            0.204165
                  27             14.2217              15.218             0.20016
                  28             14.7253             15.2004             0.19368
                  29             16.0177             15.2286            0.188995
                  30             14.5747             15.2068            0.183883
                  31              16.435             15.2464            0.182212
                  32             15.3215             15.2487            0.176442
                  33             14.4799             15.2254            0.172592
                  34             15.1123             15.2221            0.167472
                  35             14.8369             15.2111            0.162988
                  36             16.8326             15.2561            0.164676
                  37             15.6778             15.2675            0.160568
                  38              15.819             15.2821            0.156958
                  39             16.1533             15.3044            0.154504
                  40             14.6008             15.2868            0.151615
                   1             15.4463             15.4463                   0
                   2             15.1525             15.2994            0.146901
                   3             15.3645             15.3211           0.0875401
                   4             14.0956             15.0147            0.312567
                   5             15.5002             15.1118            0.260855
                   6             15.1953             15.1257            0.213441
                   7             15.4431             15.1711            0.186002
                   8             16.2103              15.301            0.206939
                   9             15.3064             15.3016            0.182504
                  10             16.4028             15.4117            0.196911
                  11              14.648             15.3423            0.191165
                  12             17.2384             15.5003            0.235413
                  13             14.3855             15.4145            0.232908
                  14             14.7326             15.3658            0.221065
                  15             15.4907             15.3741            0.205968
                  16             17.4055             15.5011            0.230734
                  17             15.2401             15.4858             0.21728
                  18             13.7891             15.3915            0.225499
                  19             14.5095             15.3451            0.218293
                  20             15.5297             15.3543            0.207297
                  21             14.0705             15.2932            0.206438
                  22             16.8198             15.3626            0.208705
                  23             14.8639             15.3409              0.2006
                  24             12.8701             15.2379            0.217911
                  25             16.0575             15.2707            0.211567
                  26             15.0853             15.2636            0.203393
                  27             14.1645             15.2229            0.199903
                  28             14.6766             15.2034            0.193617
                  29             15.9998             15.2308            0.188829
                  30             14.6246             15.2106            0.183542
                  31             16.5056             15.2524            0.182371
                  32             15.2917             15.2536            0.176585
                  33             14.4985             15.2307            0.172673
                  34             15.1337             15.2279            0.167542
                  35             14.8123              15.216            0.163117
                  36             16.8014             15.2601            0.164525
                  37             15.6538             15.2707             0.16037
                  38             15.8813             15.2868            0.156918
                  39             16.1599             15.3092            0.154472
                  40             14.5719             15.2907            0.151685
