                   1           -0.442744           -0.442744                   0
                   2           -0.443712           -0.443228            0.000484
                   3           -0.442528           -0.442995         0.000364046
                   4           -0.439504           -0.442122         0.000909842
                   5           -0.442464            -0.44219         0.000708072
                   6            -0.44248           -0.442239          0.00058015
                   7             -0.4448           -0.442605         0.000611797
                   8           -0.442152           -0.442548         0.000532844
                   9            -0.44516           -0.442838          0.00055232
                  10           -0.444048           -0.442959         0.000508607
                  11           -0.442424           -0.442911         0.000462618
                  12            -0.44352           -0.442961         0.000425354
                  13           -0.443224           -0.442982          0.00039179
                  14           -0.448088           -0.443346         0.000514404
                  15           -0.444592           -0.443429         0.000486032
                  16           -0.443912            -0.44346         0.000455641
                  17           -0.444704           -0.443533         0.000434215
                  18              -0.444           -0.443559         0.000410205
                  19           -0.443088           -0.443534         0.000388805
                  20           -0.441864            -0.44345         0.000378185
                  21           -0.444008           -0.443477         0.000360704
                  22            -0.44296           -0.443453         0.000344719
                  23            -0.44336           -0.443449         0.000329416
                  24           -0.444864           -0.443508         0.000320852
                  25           -0.446736           -0.443637         0.000333735
                  26           -0.442088           -0.443578         0.000326133
                  27           -0.445592           -0.443652         0.000322566
                  28           -0.442928           -0.443627         0.000311907
                  29           -0.443504           -0.443622          0.00030099
                  30           -0.441056           -0.443537         0.000303106
                  31           -0.443048           -0.443521         0.000293589
                  32           -0.442472           -0.443488          0.00028615
                  33           -0.446432           -0.443577         0.000291336
                  34           -0.441656           -0.443521         0.000288232
                  35           -0.442448            -0.44349          0.00028155
                  36           -0.447808            -0.44361         0.000298749
                  37            -0.44356           -0.443609         0.000290566
                  38           -0.442504            -0.44358         0.000284307
                  39           -0.440768           -0.443508         0.000286152
                  40             -0.4436            -0.44351         0.000278916
                   1           -0.442432           -0.442432                   0
                   2           -0.443416           -0.442924            0.000492
                   3           -0.443648           -0.443165         0.000372733
                   4           -0.440984            -0.44262         0.000605684
                   5           -0.441536           -0.442403         0.000516831
                   6           -0.443568           -0.442597         0.000464504
                   7           -0.444736           -0.442903         0.000497455
                   8           -0.443224           -0.442943         0.000432675
                   9             -0.4452           -0.443194         0.000456613
                  10           -0.441008           -0.442975          0.00046322
                  11           -0.444792            -0.44314         0.000450376
                  12           -0.443048           -0.443133         0.000411207
                  13           -0.444432           -0.443233         0.000391238
                  14            -0.44672           -0.443482         0.000439603
                  15           -0.444128           -0.443525          0.00041151
                  16            -0.44504           -0.443619          0.00039641
                  17           -0.443544           -0.443615         0.000372389
                  18           -0.443688           -0.443619         0.000351115
                  19           -0.444128           -0.443646           0.0003332
                  20           -0.441856           -0.443556         0.000328526
                  21           -0.442624           -0.443512         0.000315629
                  22            -0.44264           -0.443472         0.000303539
                  23           -0.442944           -0.443449          0.00029095
                  24           -0.445048           -0.443516         0.000286416
                  25           -0.444624            -0.44356         0.000278273
                  26           -0.441072           -0.443465         0.000283969
                  27           -0.443936           -0.443482         0.000273807
                  28           -0.443432            -0.44348         0.000263853
                  29           -0.442504           -0.443447         0.000256808
                  30            -0.44176            -0.44339          0.00025439
                  31           -0.442512           -0.443362         0.000247674
                  32           -0.442528           -0.443336         0.000241221
                  33           -0.445272           -0.443395         0.000241046
                  34           -0.440168             -0.4433         0.000252372
                  35           -0.442088           -0.443265         0.000247489
                  36           -0.448304           -0.443405         0.000278279
                  37           -0.443192           -0.443399         0.000270714
                  38             -0.4414           -0.443347         0.000268696
                  39            -0.44004           -0.443262         0.000275107
                  40           -0.443736           -0.443274         0.000268403
