                   1            0.437041            0.437041                   0
                   2            0.432089            0.434565          0.00247633
                   3            0.411862            0.426998          0.00770143
                   4            0.472789            0.438445            0.012677
                   5            0.416778            0.434112           0.0107333
                   6            0.420001             0.43176           0.0090738
                   7            0.412646            0.429029          0.00814039
                   8            0.439936            0.430393           0.0071804
                   9            0.451075            0.432691          0.00673658
                  10            0.406669            0.430089          0.00656326
                  11            0.422817            0.429427          0.00597339
                  12            0.436483            0.430015          0.00548454
                  13            0.421145            0.429333          0.00509097
                  14             0.44785            0.430656          0.00489538
                  15            0.407121            0.429087          0.00481988
                  16            0.406834            0.427696          0.00471822
                  17            0.447874            0.428883          0.00458818
                  18             0.43645            0.429303          0.00434616
                  19            0.443208            0.430035          0.00417568
                  20            0.463002            0.431683          0.00429065
                  21            0.417526            0.431009          0.00413653
                  22            0.420667            0.430539          0.00397195
                  23            0.425388            0.430315          0.00380193
                  24            0.418244            0.429812          0.00367466
                  25            0.395199            0.428428          0.00378679
                  26            0.434967            0.428679          0.00364692
                  27            0.414307            0.428147          0.00354939
                  28            0.421385            0.427905          0.00342879
                  29            0.439076            0.428291          0.00333079
                  30            0.436254            0.428556          0.00322878
                  31              0.3664            0.426551          0.00371115
                  32            0.446635            0.427179           0.0036477
                  33            0.443395             0.42767          0.00356943
                  34            0.452519            0.428401          0.00353914
                  35            0.405105            0.427735           0.0035004
                  36            0.450245             0.42836          0.00345877
                  37            0.470832            0.429508          0.00355444
                  38            0.449061            0.430023          0.00349769
                  39            0.426817            0.429941          0.00340782
                  40            0.461022            0.430718          0.00341121
                   1            0.436475            0.436475                   0
                   2            0.428883            0.432679          0.00379585
                   3            0.420036            0.428465          0.00475019
                   4            0.473363            0.439689           0.0117162
                   5            0.412214            0.434194           0.0106094
                   6            0.422011            0.432164          0.00889732
                   7            0.410631            0.429088          0.00812443
                   8            0.441423             0.43063          0.00720294
                   9            0.452065            0.433011           0.0067842
                  10            0.407532            0.430463          0.00658119
                  11            0.423352            0.429817          0.00598792
                  12            0.436361            0.430362          0.00549334
                  13            0.418722            0.429467          0.00513186
                  14            0.452685            0.431125          0.00503231
                  15            0.405815            0.429438          0.00497944
                  16            0.405339            0.427932          0.00489532
                  17            0.444764            0.428922          0.00470375
                  18            0.440088            0.429542          0.00447791
                  19             0.44486            0.430348          0.00431172
                  20            0.466764            0.432169          0.00447739
                  21            0.415339            0.431368           0.0043336
                  22            0.422683            0.430973          0.00415074
                  23            0.425057            0.430716           0.0039745
                  24            0.420257             0.43028          0.00383017
                  25            0.393531             0.42881          0.00395694
                  26            0.433301            0.428983          0.00380563
                  27            0.415069            0.428467          0.00369805
                  28            0.422452            0.428252             0.00357
                  29             0.43916            0.428629          0.00346517
                  30             0.43507            0.428843          0.00335455
                  31            0.368913             0.42691          0.00377682
                  32            0.443239             0.42742          0.00369233
                  33            0.448151            0.428049          0.00363341
                  34             0.45138            0.428735           0.0035911
                  35            0.411367            0.428239          0.00352212
                  36             0.44971            0.428835          0.00347446
                  37            0.476143            0.430114          0.00361305
                  38            0.448496            0.430597           0.0035498
                  39            0.427954             0.43053          0.00345824
                  40            0.458851            0.431238          0.00344424
