                   1            0.188599            0.188599                   0
                   2            0.176823            0.182711          0.00588758
                   3            0.187588            0.184337          0.00376799
                   4            0.188079            0.185272          0.00282384
                   5            0.185938            0.185405          0.00219138
                   6            0.183194            0.185037          0.00182683
                   7            0.178489            0.184101           0.0018052
                   8            0.184365            0.184134           0.0015637
                   9            0.177875            0.183439           0.0015445
                  10            0.181206            0.183215          0.00139937
                  11            0.181332            0.183044          0.00127731
                  12            0.180554            0.182837          0.00118434
                  13            0.182805            0.182834          0.00108943
                  14             0.18086            0.182693          0.00101843
                  15            0.187073            0.182985         0.000992055
                  16            0.184229            0.183063         0.000931234
                  17            0.177541            0.182738         0.000933096
                  18            0.179643            0.182566         0.000896383
                  19            0.184461            0.182666         0.000853741
                  20            0.183913            0.182728         0.000812328
                  21            0.179431            0.182571         0.000788466
                  22            0.183411             0.18261         0.000752741
                  23            0.181641            0.182567         0.000720501
                  24            0.185143            0.182675         0.000698126
                  25            0.185768            0.182798         0.000680952
                  26            0.188083            0.183002         0.000685082
                  27            0.179738            0.182881         0.000670212
                  28            0.181947            0.182847         0.000646692
                  29            0.177958            0.182679         0.000646372
                  30             0.17955            0.182575         0.000633104
                  31            0.185212             0.18266         0.000618221
                  32            0.182926            0.182668         0.000598648
                  33            0.182141            0.182652         0.000580443
                  34            0.181063            0.182605         0.000565049
                  35            0.178537            0.182489         0.000560844
                  36            0.183167            0.182508         0.000545368
                  37             0.18037             0.18245         0.000533562
                  38             0.17606            0.182282         0.000545882
                  39            0.182139            0.182278         0.000531713
                  40            0.178371            0.182181         0.000527375
                   1            0.185344            0.185344                   0
                   2            0.180309            0.182826          0.00251788
                   3            0.183113            0.182922          0.00145683
                   4            0.179225            0.181998           0.0013839
                   5            0.185646            0.182727          0.00129671
                   6            0.179027            0.182111          0.00122531
                   7            0.179178            0.181692          0.00111711
                   8             0.17832             0.18127          0.00105525
                   9            0.178777            0.180993         0.000970984
                  10            0.184137            0.181308         0.000923633
                  11            0.180877            0.181268         0.000836374
                  12            0.180597            0.181212         0.000765551
                  13            0.180603            0.181166         0.000705765
                  14            0.180647            0.181129          0.00065446
                  15            0.181024            0.181122         0.000609309
                  16            0.182322            0.181197         0.000574876
                  17            0.182258            0.181259         0.000543597
                  18            0.177878            0.181071         0.000545854
                  19            0.183477            0.181198         0.000531621
                  20            0.182992            0.181287         0.000512259
                  21            0.182373            0.181339         0.000489988
                  22            0.183736            0.181448          0.00047972
                  23            0.182411             0.18149         0.000460294
                  24            0.188482            0.181781         0.000528292
                  25            0.181381            0.181765         0.000506972
                  26            0.182641            0.181799         0.000488246
                  27            0.179242            0.181704         0.000479265
                  28            0.183718            0.181776         0.000467396
                  29            0.185435            0.181902         0.000468302
                  30            0.178134            0.181777         0.000469532
                  31            0.184498            0.181865          0.00046254
                  32            0.181087             0.18184         0.000448512
                  33            0.181229            0.181822         0.000435103
                  34            0.180702            0.181789         0.000423395
                  35             0.18325            0.181831         0.000413235
                  36            0.181364            0.181818         0.000401802
                  37            0.181109            0.181798          0.00039126
                  38            0.174048            0.181594         0.000432007
                  39            0.180383            0.181563          0.00042193
                  40            0.177278            0.181456         0.000424969
