                   1            -0.00018            -0.00018                   0
                   2            -0.00246            -0.00132             0.00114
                   3             0.00292         9.33333e-05          0.00155907
                   4             0.00032             0.00015          0.00110389
                   5             0.00236            0.000592         0.000962551
                   6             0.00928             0.00204          0.00164754
                   7            0.004584          0.00240343          0.00143907
                   8            0.005496             0.00279          0.00130485
                   9            0.007444          0.00330711          0.00126161
                  10            0.001636             0.00314          0.00114073
                  11            0.002692          0.00309927          0.00103263
                  12           -0.005392          0.00239167          0.00117869
                  13            -0.00196          0.00205692          0.00113474
                  14            0.000292          0.00193086           0.0010581
                  15           -0.002052          0.00166533           0.0010202
                  16            0.001372            0.001647         0.000954481
                  17           -0.001104          0.00148518         0.000911066
                  18           -0.002848          0.00124444         0.000892057
                  19            0.001516          0.00125874         0.000843923
                  20            -0.00112           0.0011398         0.000809401
                  21           -0.001688          0.00100514         0.000781582
                  22           -0.006568         0.000660909         0.000820873
                  23            0.003344         0.000777565         0.000792999
                  24            0.002816           0.0008625         0.000763975
                  25           -0.003028          0.00070688         0.000749121
                  26           -0.002192         0.000595385         0.000728317
                  27            0.007728         0.000859556         0.000748959
                  28            -0.00712         0.000574571         0.000775944
                  29            0.001952         0.000622069         0.000750214
                  30           -0.001684           0.0005452         0.000728841
                  31           -0.004264         0.000390065         0.000721806
                  32           -0.000652           0.0003575         0.000699644
                  33            0.005348         0.000508727          0.00069477
                  34           -0.004612         0.000358118         0.000690647
                  35           -0.001076         0.000317143         0.000671875
                  36           -0.002728         0.000232556         0.000658401
                  37            0.005012          0.00036173         0.000653258
                  38             0.00118         0.000383263         0.000636199
                  39           -0.001172         0.000343385         0.000620954
                  40            0.003336           0.0004182         0.000609837
                   1           -0.000428           -0.000428                   0
                   2            0.002148             0.00086            0.001288
                   3           -0.002808        -0.000362667          0.00143105
                   4           -0.000748           -0.000459          0.00101648
                   5           -0.001496          -0.0006664         0.000814218
                   6            -0.00782         -0.00185867          0.00136509
                   7            -0.00506           -0.002316          0.00124105
                   8            -0.00564          -0.0027315           0.0011523
                   9           -0.006508         -0.00315111          0.00109945
                  10           -0.002188          -0.0030548         0.000988087
                  11            -0.00362         -0.00310618         0.000895234
                  12            0.006688            -0.00229            0.001155
                  13            0.002932         -0.00188831          0.00113585
                  14           -0.002772         -0.00195143          0.00105348
                  15              0.0031         -0.00161467          0.00103695
                  16           -0.001228          -0.0015905         0.000970274
                  17            0.002436         -0.00135365         0.000941687
                  18            0.002524         -0.00113822         0.000913593
                  19            -0.00452         -0.00131621         0.000882312
                  20             0.00184          -0.0011584         0.000851781
                  21            0.000956         -0.00105771         0.000816437
                  22            0.005908        -0.000741091         0.000840371
                  23           -0.003128         -0.00084487         0.000809681
                  24           -0.003932          -0.0009735         0.000785809
                  25             0.00524         -0.00072496         0.000793643
                  26            0.002064        -0.000617692         0.000770015
                  27           -0.007512        -0.000873037         0.000783712
                  28            0.006808        -0.000598714         0.000803483
                  29           -0.000296        -0.000588276         0.000775352
                  30            0.002036          -0.0005008         0.000754152
                  31             0.00344        -0.000373677         0.000740414
                  32           -0.001684        -0.000414625         0.000718071
                  33           -0.003232             -0.0005         0.000701188
                  34            0.004412        -0.000355529         0.000695424
                  35            0.000636          -0.0003272         0.000675857
                  36            0.003028           -0.000234         0.000663394
                  37           -0.004824        -0.000358054         0.000657033
                  38             7.6e-05        -0.000346632         0.000639611
                  39             0.00088        -0.000315179         0.000623788
                  40           -0.003228           -0.000388         0.000612339
