                   1            -0.71628            -0.71628                   0
                   2           -0.724888           -0.720584            0.004304
                   3           -0.724928           -0.722032          0.00287602
                   4           -0.719888           -0.721496          0.00210311
                   5           -0.719136           -0.721024          0.00169606
                   6           -0.721792           -0.721152          0.00139073
                   7            -0.72028           -0.721027          0.00118196
                   8           -0.722496           -0.721211          0.00103994
                   9           -0.720728           -0.721157          0.00091871
                  10           -0.723984            -0.72144         0.000868978
                  11           -0.717952           -0.721123          0.00084757
                  12           -0.719384           -0.720978         0.000787175
                  13           -0.721424           -0.721012         0.000724908
                  14             -0.7222           -0.721097         0.000676475
                  15           -0.719184            -0.72097         0.000642549
                  16           -0.718528           -0.720817         0.000620119
                  17           -0.718392           -0.720674         0.000599712
                  18           -0.720648           -0.720673         0.000565416
                  19           -0.719864            -0.72063         0.000536522
                  20           -0.721072           -0.720652         0.000509468
                  21           -0.721624           -0.720699         0.000486805
                  22           -0.720824           -0.720704         0.000464185
                  23           -0.721944           -0.720758         0.000446807
                  24           -0.720072            -0.72073         0.000428739
                  25           -0.725792           -0.720932         0.000458384
                  26           -0.720728           -0.720924         0.000440471
                  27           -0.716768            -0.72077         0.000450932
                  28           -0.721984           -0.720814         0.000436686
                  29           -0.724008           -0.720924         0.000435517
                  30           -0.719832           -0.720887         0.000422321
                  31            -0.71976           -0.720851         0.000410087
                  32           -0.724376           -0.720961         0.000412061
                  33           -0.716744           -0.720833         0.000419327
                  34            -0.72104            -0.72084         0.000406852
                  35           -0.718536           -0.720774         0.000400502
                  36            -0.72024           -0.720759           0.0003895
                  37            -0.72288           -0.720816          0.00038314
                  38            -0.72208           -0.720849         0.000374401
                  39           -0.721072           -0.720855         0.000364719
                  40           -0.720056           -0.720835         0.000356045
                   1           -0.715648           -0.715648                   0
                   2           -0.724648           -0.720148              0.0045
                   3           -0.724784           -0.721693          0.00302292
                   4            -0.72016            -0.72131          0.00217163
                   5           -0.720072           -0.721062          0.00170026
                   6           -0.721312           -0.721104          0.00138888
                   7           -0.720408           -0.721005          0.00117802
                   8           -0.722648            -0.72121          0.00104067
                   9           -0.720664           -0.721149         0.000919791
                  10            -0.72348           -0.721382         0.000855063
                  11           -0.718416           -0.721113         0.000819099
                  12           -0.720056           -0.721025         0.000752899
                  13           -0.720896           -0.721015         0.000692637
                  14           -0.721712           -0.721065         0.000643188
                  15           -0.719216           -0.720941         0.000611327
                  16           -0.718128           -0.720765         0.000598266
                  17           -0.719136            -0.72067         0.000570089
                  18           -0.720432           -0.720656         0.000537647
                  19           -0.720912            -0.72067         0.000508741
                  20           -0.721768           -0.720725         0.000485747
                  21            -0.72172           -0.720772         0.000464462
                  22            -0.72016           -0.720744         0.000443721
                  23           -0.722248            -0.72081            0.000429
                  24           -0.719816           -0.720768         0.000412818
                  25           -0.725784           -0.720969         0.000443888
                  26            -0.72024           -0.720941         0.000427394
                  27            -0.71704           -0.720796           0.0004359
                  28            -0.72104           -0.720805         0.000420134
                  29           -0.724944           -0.720948         0.000429777
                  30           -0.718608            -0.72087         0.000422466
                  31           -0.719864           -0.720837         0.000409897
                  32            -0.72504           -0.720969         0.000418046
                  33           -0.717392            -0.72086         0.000419426
                  34           -0.720448           -0.720848         0.000407084
                  35           -0.718672           -0.720786         0.000400142
                  36           -0.720752           -0.720785          0.00038887
                  37           -0.722896           -0.720842         0.000382492
                  38           -0.721184           -0.720851         0.000372399
                  39           -0.720672           -0.720847         0.000362754
                  40           -0.719776            -0.72082         0.000354581
