                   1           -0.001892           -0.001892                   0
                   2              0.0021            0.000104            0.001996
                   3            0.003144          0.00111733          0.00153455
                   4           -0.005988           -0.000659          0.00208153
                   5             0.00282            3.68e-05          0.00175608
                   6           -0.000412            -3.8e-05          0.00143578
                   7           -0.001096        -0.000189143          0.00122283
                   8            0.011044            0.001215          0.00175872
                   9           -0.009916        -2.17778e-05          0.00198378
                  10             -0.0089          -0.0009096          0.00198407
                  11            0.006988        -0.000191636          0.00193294
                  12           -0.004096           -0.000517          0.00179427
                  13            0.003536        -0.000205231          0.00167968
                  14            0.012792         0.000723143          0.00181112
                  15           -0.003996         0.000408533          0.00171516
                  16            -0.00772           -9.95e-05           0.0016829
                  17           -0.003104        -0.000276235          0.00159066
                  18            0.008928         0.000235111          0.00158447
                  19           -0.002592         8.63158e-05          0.00150612
                  20            0.007532           0.0004586          0.00147654
                  21           -0.007092         9.90476e-05          0.00144976
                  22            0.002924         0.000227455          0.00138824
                  23            0.000752         0.000250261          0.00132671
                  24           -0.007176        -5.91667e-05          0.00130737
                  25            0.000932          -1.952e-05          0.00125461
                  26              0.0029         9.27692e-05          0.00121061
                  27            0.001256         0.000135852          0.00116571
                  28           -0.003736        -2.42857e-06          0.00113179
                  29            0.005988         0.000204138          0.00111143
                  30             0.00406         0.000332667           0.0010814
                  31           -0.012884        -9.36774e-05          0.00112949
                  32           -0.000456           -0.000105          0.00109369
                  33           -0.003872        -0.000219152          0.00106616
                  34           -0.000464        -0.000226353          0.00103435
                  35           -0.005428        -0.000374971           0.0010153
                  36           -0.013924        -0.000751333          0.00105603
                  37            -0.00238        -0.000795351          0.00102804
                  38            0.007288        -0.000582632          0.00102298
                  39            0.004992        -0.000439692          0.00100661
                  40            0.002716          -0.0003608         0.000984284
                   1            -0.00076            -0.00076                   0
                   2              -0.002            -0.00138             0.00062
                   3           -0.004468         -0.00240933           0.0010898
                   4            0.006912            -7.9e-05          0.00245444
                   5           -0.002676          -0.0005984          0.00197087
                   6           -0.000164           -0.000526          0.00161084
                   7            0.001552        -0.000229143           0.0013934
                   8            -0.00908          -0.0013355          0.00163713
                   9              0.0083        -0.000264889          0.00179744
                  10             0.01024           0.0007856          0.00192046
                  11           -0.005488         0.000215273          0.00182835
                  12            0.004548         0.000576333          0.00170766
                  13           -0.001608         0.000408308          0.00157978
                  14           -0.012748        -0.000531429          0.00173847
                  15            0.004816        -0.000174933          0.00165722
                  16            0.006632           0.0002505          0.00160751
                  17            0.003396         0.000435529          0.00152129
                  18            -0.00928        -0.000104222          0.00153248
                  19             0.00202         7.57895e-06          0.00145389
                  20           -0.006804           -0.000333           0.0014207
                  21            0.007592          4.4381e-05          0.00140306
                  22           -0.003848        -0.000132545          0.00134942
                  23            0.000492        -0.000105391           0.0012897
                  24             0.00734         0.000204833          0.00127317
                  25           -0.000136           0.0001912          0.00122125
                  26           -0.003188         6.12308e-05          0.00118052
                  27           -0.002656        -3.94074e-05           0.0011404
                  28            0.005088         0.000143714          0.00111407
                  29           -0.006112            -7.2e-05           0.0010964
                  30           -0.003512        -0.000186667          0.00106541
                  31            0.014084         0.000273677          0.00112862
                  32           -0.000296         0.000255875          0.00109293
                  33             0.00488            0.000396          0.00106852
                  34           -0.000152         0.000379882          0.00103674
                  35            0.006372         0.000551086          0.00102114
                  36            0.016148         0.000984333          0.00108282
                  37             0.00216          0.00101611          0.00105363
                  38            -0.00826            0.000772          0.00105418
                  39           -0.005084         0.000621846          0.00103771
                  40           -0.002524           0.0005432          0.00101449
