                   1             7.22627             7.22627                   0
                   2             7.40231             7.31429           0.0880194
                   3             7.54721             7.39193           0.0927921
                   4             7.05305             7.30721            0.107156
                   5             7.46237             7.33824           0.0886141
                   6             7.59383             7.38084           0.0839614
                   7             7.93791             7.46042            0.106624
                   8             7.84469             7.50845            0.104085
                   9             7.43453             7.50024           0.0921611
                  10             7.53287              7.5035            0.082496
                  11             7.50811             7.50392           0.0746216
                  12             7.58257             7.51048           0.0684344
                  13             7.16961             7.48425           0.0681929
                  14                7.05             7.45324           0.0703426
                  15             6.85598             7.41342           0.0766404
                  16             7.42663             7.41425           0.0716953
                  17             7.61031             7.42578           0.0683264
                  18              7.3027             7.41894           0.0647806
                  19             7.43982             7.42004           0.0612862
                  20             7.78477             7.43828           0.0609341
                  21             7.35361             7.43424           0.0580999
                  22             7.23305              7.4251           0.0561459
                  23             7.68261              7.4363           0.0548051
                  24             7.12756             7.42343           0.0540258
                  25             7.57427             7.42946           0.0521698
                  26             6.86461             7.40774           0.0546288
                  27             7.53909              7.4126           0.0527912
                  28             7.37433             7.41124           0.0508893
                  29             7.88077             7.42743           0.0517036
                  30             8.14279             7.45127           0.0553502
                  31             7.24344             7.44457           0.0539531
                  32             7.47716             7.44559           0.0522498
                  33             7.44877             7.44568           0.0506418
                  34             7.15609             7.43717           0.0498626
                  35             7.41478             7.43653           0.0484212
                  36              7.3957             7.43539           0.0470706
                  37             7.70191              7.4426            0.046344
                  38             7.54979             7.44542            0.045196
                  39             7.45133             7.44557           0.0440222
                  40             7.73888              7.4529           0.0435296
                   1             7.23898             7.23898                   0
                   2              7.4206             7.32979           0.0908072
                   3             7.56818             7.40926            0.095201
                   4             7.09645             7.33105            0.103185
                   5             7.46161             7.35717           0.0840838
                   6             7.59068             7.39608           0.0789183
                   7             7.96757             7.47772            0.105422
                   8             7.87582             7.52749            0.103979
                   9             7.43461             7.51717           0.0922795
                  10             7.53256             7.51871           0.0825516
                  11             7.48799             7.51591            0.074723
                  12             7.60605             7.52343           0.0686247
                  13             7.16509             7.49586           0.0688814
                  14             7.03077             7.46264            0.071906
                  15             6.85288             7.42199           0.0783171
                  16             7.46186             7.42448           0.0733013
                  17             7.61959             7.43596           0.0698045
                  18             7.34604             7.43096           0.0660017
                  19             7.46581              7.4328           0.0624583
                  20             7.75128             7.44872           0.0613557
                  21             7.33365             7.44324           0.0586175
                  22             7.24076             7.43404           0.0566424
                  23             7.64712              7.4433           0.0549108
                  24              7.1466             7.43094           0.0540071
                  25             7.59182             7.43738              0.0522
                  26             6.85801             7.41509           0.0548797
                  27             7.54769                7.42           0.0530359
                  28             7.34578             7.41735           0.0511754
                  29             7.82263             7.43133           0.0513187
                  30             8.15802             7.45555           0.0551796
                  31             7.25296             7.44901           0.0537686
                  32             7.52453             7.45137           0.0521146
                  33             7.39162             7.44956           0.0505432
                  34              7.1312              7.4402           0.0499201
                  35              7.4045             7.43918           0.0484836
                  36             7.41791             7.43859           0.0471213
                  37              7.7099             7.44592           0.0464129
                  38              7.5661             7.44908           0.0452856
                  39             7.45748              7.4493           0.0441097
                  40             7.73039             7.45633           0.0435633
                   1             7.22627             7.22627                   0
                   2             7.40231             7.31429           0.0880194
                   3             7.54721             7.39193           0.0927921
                   4             7.05305             7.30721            0.107156
                   5             7.46237             7.33824           0.0886141
                   6             7.59383             7.38084           0.0839614
                   7             7.93791             7.46042            0.106624
                   8             7.84469             7.50845            0.104085
                   9             7.43453             7.50024           0.0921611
                  10             7.53287              7.5035            0.082496
                  11             7.50811             7.50392           0.0746216
                  12             7.58257             7.51048           0.0684344
                  13             7.16961             7.48425           0.0681929
                  14                7.05             7.45324           0.0703426
                  15             6.85598             7.41342           0.0766404
                  16             7.42663             7.41425           0.0716953
                  17             7.61031             7.42578           0.0683264
                  18              7.3027             7.41894           0.0647806
                  19             7.43982             7.42004           0.0612862
                  20             7.78477             7.43828           0.0609341
                  21             7.35361             7.43424           0.0580999
                  22             7.23305              7.4251           0.0561459
                  23             7.68261              7.4363           0.0548051
                  24             7.12756             7.42343           0.0540258
                  25             7.57427             7.42946           0.0521698
                  26             6.86461             7.40774           0.0546288
                  27             7.53909              7.4126           0.0527912
                  28             7.37433             7.41124           0.0508893
                  29             7.88077             7.42743           0.0517036
                  30             8.14279             7.45127           0.0553502
                  31             7.24344             7.44457           0.0539531
                  32             7.47716             7.44559           0.0522498
                  33             7.44877             7.44568           0.0506418
                  34             7.15609             7.43717           0.0498626
                  35             7.41478             7.43653           0.0484212
                  36              7.3957             7.43539           0.0470706
                  37             7.70191              7.4426            0.046344
                  38             7.54979             7.44542            0.045196
                  39             7.45133             7.44557           0.0440222
                  40             7.73888              7.4529           0.0435296
