                   1            0.232073            0.232073                   0
                   2            0.230121            0.231097         0.000975807
                   3            0.228815            0.230336         0.000946572
                   4            0.226143            0.229288           0.0012438
                   5            0.234819            0.230394          0.00146701
                   6            0.228939            0.230152          0.00122212
                   7             0.23133             0.23032          0.00104651
                   8            0.223859            0.229512          0.00121393
                   9            0.229147            0.229472          0.00107136
                  10            0.229778            0.229502         0.000958737
                  11            0.227522            0.229322         0.000885711
                  12            0.227938            0.229207         0.000816734
                  13            0.229764             0.22925         0.000752506
                  14            0.228817            0.229219         0.000697371
                  15            0.230457            0.229301         0.000654441
                  16             0.22991            0.229339         0.000613354
                  17            0.227515            0.229232          0.00058606
                  18            0.226862              0.2291         0.000568011
                  19            0.229186            0.229105         0.000537303
                  20            0.229715            0.229135         0.000510644
                  21            0.227924            0.229078         0.000489132
                  22            0.229548            0.229099          0.00046686
                  23            0.231696            0.229212         0.000460164
                  24            0.236742            0.229526          0.00054086
                  25            0.227044            0.229427         0.000528185
                  26            0.235169            0.229647         0.000553449
                  27            0.225888            0.229508         0.000550455
                  28            0.233564            0.229653         0.000549856
                  29            0.225284            0.229502         0.000551531
                  30            0.225461            0.229368         0.000549592
                  31            0.226551            0.229277         0.000539278
                  32            0.232649            0.229382         0.000532684
                  33            0.227817            0.229335         0.000518465
                  34            0.227389            0.229278          0.00050623
                  35            0.221591            0.229058         0.000538382
                  36            0.229522            0.229071         0.000523372
                  37            0.226724            0.229007         0.000512966
                  38            0.226939            0.228953         0.000502242
                  39            0.227939            0.228927         0.000489885
                  40             0.23097            0.228978         0.000480205
                   1            0.235445            0.235445                   0
                   2             0.23382            0.234633         0.000812346
                   3            0.229531            0.232932          0.00176412
                   4            0.227421            0.231554          0.00185858
                   5            0.231182             0.23148          0.00144157
                   6            0.232666            0.231677          0.00119353
                   7            0.233128            0.231885           0.0010298
                   8            0.227422            0.231327          0.00105193
                   9            0.231324            0.231327         0.000927713
                  10            0.237447            0.231939          0.00103106
                  11            0.226584            0.231452          0.00105203
                  12            0.229627              0.2313         0.000972336
                  13            0.228897            0.231115         0.000913319
                  14            0.231891             0.23117         0.000847382
                  15            0.229365             0.23105            0.000798
                  16            0.229888            0.230977         0.000749983
                  17             0.22734            0.230763         0.000736262
                  18            0.225703            0.230482         0.000748921
                  19            0.229001            0.230404         0.000712683
                  20            0.231854            0.230477         0.000679987
                  21            0.225454            0.230238         0.000689606
                  22            0.231826             0.23031         0.000661468
                  23            0.233092            0.230431         0.000643526
                  24            0.233551            0.230561         0.000629696
                  25            0.226304            0.230391         0.000627525
                  26            0.235333            0.230581         0.000632169
                  27            0.231247            0.230605         0.000608805
                  28            0.233092            0.230694         0.000593343
                  29            0.232321             0.23075         0.000575258
                  30            0.234988            0.230892         0.000573427
                  31            0.223967            0.230668         0.000597909
                  32            0.230325            0.230657         0.000579022
                  33            0.229095             0.23061         0.000563194
                  34             0.22786            0.230529         0.000552331
                  35            0.222922            0.230312         0.000578691
                  36            0.233918            0.230412         0.000571239
                  37            0.228648            0.230364         0.000557628
                  38            0.228671             0.23032         0.000544581
                  39            0.229252            0.230292         0.000531139
                  40            0.223529            0.230123         0.000544606
