                   1            0.150089            0.150089                   0
                   2            0.146285            0.148187          0.00190175
                   3            0.145203            0.147192          0.00148163
                   4            0.149172            0.147687          0.00115872
                   5            0.145426            0.147235          0.00100503
                   6            0.148456            0.147439         0.000845465
                   7            0.145955            0.147227         0.000745303
                   8             0.14614            0.147091         0.000659579
                   9            0.148364            0.147232         0.000598634
                  10            0.149897            0.147499         0.000598061
                  11            0.148486            0.147589         0.000548361
                  12            0.146125            0.147467         0.000515233
                  13            0.148176            0.147521         0.000477081
                  14            0.143256            0.147217          0.00053655
                  15            0.149088            0.147341         0.000514852
                  16            0.146778            0.147306         0.000482886
                  17             0.14995            0.147462         0.000479521
                  18            0.145323            0.147343         0.000467453
                  19            0.147908            0.147373         0.000443166
                  20            0.149766            0.147492         0.000437127
                  21             0.14741            0.147488         0.000415809
                  22            0.145975            0.147419         0.000402384
                  23             0.14672            0.147389         0.000385692
                  24            0.144471            0.147267         0.000388768
                  25            0.150897            0.147413         0.000400156
                  26            0.147733            0.147425         0.000384655
                  27            0.147137            0.147414         0.000370287
                  28            0.146082            0.147367         0.000359974
                  29            0.146286            0.147329         0.000349335
                  30            0.144524            0.147236         0.000350207
                  31            0.149206              0.1473         0.000344633
                  32            0.146088            0.147262         0.000335829
                  33            0.144956            0.147192         0.000332911
                  34            0.143212            0.147075         0.000343524
                  35            0.143858            0.146983         0.000345995
                  36            0.149307            0.147047         0.000342388
                  37            0.147618            0.147063         0.000333363
                  38            0.145287            0.147016         0.000327818
                  39            0.146677            0.147007          0.00031942
                  40            0.145429            0.146968         0.000313822
                   1            0.145469            0.145469                   0
                   2            0.146336            0.145903         0.000433804
                   3            0.144464            0.145423         0.000540946
                   4            0.146659            0.145732         0.000491672
                   5            0.149393            0.146464         0.000825284
                   6            0.146587            0.146485         0.000674151
                   7            0.148107            0.146716         0.000615102
                   8            0.147447            0.146808         0.000540467
                   9            0.145548            0.146668          0.00049677
                  10            0.147404            0.146741         0.000450382
                  11             0.14472            0.146558          0.00044691
                  12            0.148611            0.146729         0.000442411
                  13            0.149053            0.146908         0.000444505
                  14            0.147867            0.146976         0.000417203
                  15            0.145979             0.14691          0.00039404
                  16            0.146469            0.146882         0.000369618
                  17            0.149065            0.147011         0.000370169
                  18            0.146333            0.146973         0.000351023
                  19            0.145811            0.146912         0.000337623
                  20            0.146164            0.146874          0.00032247
                  21            0.145038            0.146787         0.000318954
                  22            0.148631            0.146871         0.000315453
                  23            0.152844             0.14713         0.000397878
                  24            0.145113            0.147046         0.000390106
                  25            0.146444            0.147022         0.000374953
                  26            0.145743            0.146973          0.00036359
                  27            0.147257            0.146984         0.000350022
                  28            0.145901            0.146945         0.000339497
                  29            0.147121            0.146951         0.000327637
                  30            0.146665            0.146941         0.000316671
                  31            0.147037            0.146945         0.000306301
                  32            0.146355            0.146926         0.000297146
                  33            0.144256            0.146845         0.000299148
                  34            0.143027            0.146733         0.000311185
                  35            0.147047            0.146742         0.000302296
                  36            0.149584            0.146821         0.000304201
                  37            0.147193            0.146831         0.000296036
                  38            0.147263            0.146842         0.000288364
                  39            0.143597            0.146759          0.00029294
                  40            0.146046            0.146741         0.000286079
