                   1           -0.804112           -0.804112                   0
                   2           -0.804664           -0.804388            0.000276
                   3           -0.807456           -0.805411          0.00103501
                   4           -0.801456           -0.804422          0.00123007
                   5           -0.805688           -0.804675          0.00098588
                   6           -0.804984           -0.804727         0.000806611
                   7              -0.803            -0.80448         0.000724965
                   8             -0.8062           -0.804695         0.000663631
                   9           -0.802136           -0.804411         0.000650679
                  10           -0.804864           -0.804456         0.000583748
                  11           -0.801072           -0.804148         0.000611102
                  12           -0.811608            -0.80477         0.000835246
                  13           -0.801376           -0.804509         0.000811461
                  14            -0.80956            -0.80487          0.00083341
                  15            -0.80144           -0.804641         0.000808852
                  16           -0.806016           -0.804727         0.000761476
                  17           -0.804288           -0.804701         0.000715749
                  18           -0.802288           -0.804567         0.000688003
                  19           -0.804496           -0.804563         0.000650796
                  20           -0.808168           -0.804744         0.000643168
                  21           -0.804864           -0.804749         0.000611802
                  22           -0.800488           -0.804556         0.000614648
                  23            -0.80732           -0.804676         0.000599489
                  24           -0.806952           -0.804771          0.00058175
                  25           -0.806208           -0.804828         0.000560949
                  26           -0.808448           -0.804967         0.000556635
                  27           -0.807912           -0.805076         0.000546612
                  28            -0.79924           -0.804868         0.000566473
                  29           -0.805128           -0.804877         0.000546664
                  30           -0.803632           -0.804835         0.000529756
                  31           -0.800584           -0.804698         0.000530419
                  32           -0.810168           -0.804869         0.000541273
                  33           -0.802696           -0.804803         0.000528732
                  34           -0.803592           -0.804768         0.000514181
                  35           -0.802816           -0.804712         0.000502379
                  36           -0.805288           -0.804728         0.000488486
                  37            -0.80572           -0.804755         0.000475856
                  38           -0.807352           -0.804823          0.00046818
                  39           -0.803848           -0.804798         0.000456703
                  40           -0.804008           -0.804778         0.000445577
                   1           -0.803616           -0.803616                   0
                   2           -0.804952           -0.804284            0.000668
                   3           -0.807016           -0.805195         0.000988967
                   4           -0.801168           -0.804188          0.00122573
                   5            -0.80588           -0.804526          0.00100795
                   6           -0.804584           -0.804536         0.000823042
                   7            -0.80336           -0.804368         0.000715597
                   8           -0.806064            -0.80458         0.000654984
                   9           -0.802008           -0.804294         0.000644467
                  10           -0.804632           -0.804328         0.000577418
                  11           -0.801632           -0.804083         0.000576941
                  12           -0.811664           -0.804715         0.000822497
                  13             -0.8014            -0.80446         0.000798396
                  14           -0.809016           -0.804785         0.000807646
                  15           -0.801856            -0.80459         0.000776822
                  16           -0.805768           -0.804663         0.000730372
                  17           -0.805144           -0.804692         0.000686647
                  18           -0.801776            -0.80453         0.000667335
                  19           -0.805024           -0.804556         0.000631772
                  20             -0.8082           -0.804738         0.000626437
                  21           -0.804768           -0.804739         0.000595862
                  22           -0.799976           -0.804523         0.000607992
                  23           -0.807304           -0.804644         0.000593407
                  24           -0.807376           -0.804758         0.000579437
                  25            -0.80608           -0.804811         0.000558287
                  26           -0.807872           -0.804928         0.000549157
                  27           -0.808256           -0.805052         0.000542609
                  28           -0.798936           -0.804833         0.000566656
                  29            -0.80528           -0.804849         0.000546984
                  30           -0.803792           -0.804813         0.000529609
                  31           -0.801136           -0.804695         0.000525796
                  32            -0.81096           -0.804891         0.000545451
                  33           -0.803056           -0.804835         0.000531578
                  34           -0.803808           -0.804805          0.00051659
                  35           -0.802504           -0.804739         0.000505902
                  36           -0.805664           -0.804765          0.00049232
                  37           -0.805152           -0.804775         0.000478943
                  38           -0.806936           -0.804832         0.000469625
                  39           -0.803952           -0.804809         0.000457981
                  40              -0.804           -0.804789         0.000446843
