-0.0132526   -0.165403   -0.423959
0.153845   0.385111   0.00100052
-0.0365068   0.401627   -0.223946
-0.265059   0.133834   -0.329024
0.0412072   -0.307055   -0.485943
0.356819   0.486234   -0.137591
-0.458181   0.293426   -0.0351116
-0.316881   0.177943   -0.383054
-0.271409   0.168276   -0.237826
0.0159109   -0.0948445   -0.394218
-0.0126164   0.167506   -0.444153
-0.171886   -0.0552405   0.262073
-0.360502   -0.452757   0.16979
-0.0920436   -0.341077   -0.422084
-0.492339   0.000202757   0.312315
-0.145131   -0.0315094   -0.223841
0.253964   0.387043   -0.34807
0.418557   -0.0789688   0.339713
0.384913   -0.116157   0.183414
0.371532   0.34144   0.282763
-0.0875783   -0.236096   0.117023
0.378073   0.498294   0.35217
-0.286825   0.256417   0.433714
-0.0562016   -0.00763599   -0.447694
0.3432   0.206674   0.129603
-0.179748   0.450088   0.394584
-0.174882   -0.187569   0.218161
-0.449196   0.470887   -0.472957
0.496667   0.415481   0.209748
0.353424   -0.0175332   0.289171
-0.301091   -0.327326   -0.12482
-0.0692059   0.232173   0.413716
-0.173136   0.29153   -0.10905
0.122288   0.260591   0.0172098
0.0941815   0.284705   -0.159663
-0.415186   -0.0468452   -0.49397
0.0363161   0.346192   -0.14661
-0.495771   -0.106446   -0.144567
-0.141767   -0.278227   0.17027
0.179944   -0.0853941   0.0785813
0.281792   -0.368957   -0.0350924
0.182264   -0.356583   -0.0378956
-0.466868   0.379062   0.487599
0.407221   -0.0837766   -0.286596
-0.237255   -0.0303407   -0.166377
0.251021   -0.461079   -0.418573
-0.176252   0.181767   -0.344948
-0.1238   0.403692   0.44145
-0.221729   -0.00751908   0.342661
-0.28281   -0.206619   0.394574
-0.347653   -0.0711228   -0.234267
0.373458   -0.330719   0.0217239
-0.498902   -0.42923   0.438275
0.226238   -0.297891   0.173793
-0.089662   0.174823   -0.385376
0.0811091   -0.0261446   -0.000483747
-0.0601914   -0.330005   0.096103
-0.350179   0.195292   -0.282273
-0.377574   0.348215   -0.151295
0.359989   -0.14665   -0.0455362
-0.432891   -0.037498   -0.133104
0.342598   0.211294   -0.240872
-0.259112   -0.0198557   -0.24651
-0.0231066   0.332169   0.141687
-0.074021   0.338794   0.282295
-0.220612   -0.346402   0.251995
0.158975   -0.437044   -0.0956619
-0.416109   0.0401808   0.301427
0.286637   0.408174   0.112708
0.200674   -0.482102   0.233137
-0.109397   -0.296274   0.0027148
-0.2128   0.199761   0.0779203
-0.0597888   0.0994996   -0.435759
0.0525162   0.492586   0.169819
-0.0404395   0.028169   0.286947
-0.207683   -0.0409306   0.161323
-0.371409   -0.106092   0.0379395
0.000207358   0.210762   0.349698
-0.267619   -0.1757   -0.131298
0.0372173   -0.206017   -0.16509
0.0754526   -0.192345   -0.094121
0.340424   0.403494   -0.45383
-0.287691   0.0806012   -0.216518
0.427676   -0.45213   0.401228
0.0193092   0.257101   -0.062773
-0.45263   0.125102   0.177736
-0.307462   -0.285524   -0.0181576
0.4485   -0.433568   -0.39698
-0.327689   0.0641857   0.29309
0.0753665   -0.18239   0.207704
0.0571913   0.19394   -0.0298043
-0.129667   0.0691405   0.220121
-0.255959   0.395373   0.384372
-0.187556   -0.174952   0.123327
0.309956   0.139586   0.417608
0.00269402   0.305092   -0.333576
-0.1388   -0.0252029   -0.0908066
-0.115407   -0.0934051   0.0528635
0.238915   0.124648   0.0138321
-0.218769   -0.299672   0.308393
-0.347869   0.106924   -0.137531
-0.0937273   0.46571   0.345644
-0.333613   -0.419329   0.462374
-0.290244   0.183094   0.470895
0.0923953   0.246642   -0.339366
0.377777   -0.386618   0.447314
0.0165208   0.382949   -0.0401436
-0.136122   -0.482164   0.238424
