           1   -0.415472   -0.415472           0
           2   -0.416169    -0.41582 0.000348317
           3   -0.416456   -0.416032 0.000292004
           4   -0.410618   -0.414679   0.0013692
           5    -0.41894   -0.415531  0.00136062
           6   -0.409934   -0.414598  0.00145059
           7   -0.405584    -0.41331  0.00177799
           8   -0.408789   -0.412745  0.00164023
           9   -0.422821   -0.413865  0.00182913
          10   -0.407922    -0.41327  0.00174062
          11   -0.409056   -0.412887  0.00162039
          12   -0.427843   -0.414134  0.00193424
          13   -0.416863   -0.414344  0.00179159
          14   -0.413696   -0.414297  0.00165934
          15   -0.410469   -0.414042   0.0015657
          16   -0.417927   -0.414285  0.00148456
          17   -0.417279   -0.414461  0.00140558
          18   -0.408421   -0.414126  0.00136702
          19   -0.423537   -0.414621   0.0013847
          20   -0.408229   -0.414301  0.00135196
          21   -0.405103   -0.413863  0.00135852
          22   -0.422118   -0.414238  0.00134855
          23    -0.40373   -0.413782  0.00136719
          24   -0.423895   -0.414203  0.00137514
          25   -0.414066   -0.414197    0.001319
          26   -0.410414   -0.414052  0.00127558
          27   -0.420527   -0.414292  0.00125064
          28   -0.410892    -0.41417  0.00121125
          29    -0.41182   -0.414089  0.00117154
          30   -0.411014   -0.413987  0.00113645
