           1    0.048313    0.048313           0
           2    0.048963    0.048638 0.000324977
           3   0.0495794   0.0489518 0.000365628
           4   0.0493595   0.0490537 0.000277902
           5   0.0492093   0.0490848 0.000217498
           6   0.0486748   0.0490165  0.00019028
           7   0.0496085   0.0491011 0.000181699
           8   0.0495349   0.0491553 0.000166439
           9   0.0483071   0.0490611 0.000174434
          10   0.0492243   0.0490774  0.00015687
          11   0.0497286   0.0491366 0.000153749
          12   0.0484744   0.0490814 0.000150812
          13    0.048603   0.0490446 0.000143524
          14   0.0488423   0.0490302 0.000133661
          15   0.0492284   0.0490434 0.000125132
          16   0.0485525   0.0490127 0.000121004
          17   0.0483264   0.0489723  0.00012062
          18   0.0486927   0.0489568 0.000114778
          19    0.048136   0.0489136 0.000116848
          20   0.0502679   0.0489813 0.000129897
          21   0.0489074   0.0489778 0.000123607
          22   0.0482956   0.0489468 0.000121866
          23   0.0494808     0.04897  0.00011874
          24   0.0485858    0.048954 0.000114806
          25    0.048818   0.0489485 0.000110252
          26   0.0492238   0.0489591 0.000106455
          27   0.0494507   0.0489773 0.000104042
          28   0.0487933   0.0489708 0.000100472
          29   0.0487899   0.0489645 9.71462e-05
          30   0.0501394   0.0490037 0.000101695
