0.493971   -0.498796   0.497126
-0.332039   -0.344129   -0.496456
0.487676   -0.329421   -0.335249
-0.341926   -0.492285   -0.325219
-0.167866   0.491718   0.49284
-0.000179534   -0.364615   0.490455
-0.168126   -0.306652   -0.332573
-0.00683459   -0.489666   -0.335743
0.172662   0.479991   -0.493435
0.336617   -0.347847   -0.497494
0.175236   -0.33103   -0.351064
0.331639   0.493136   -0.322338
-0.481465   -0.167813   0.495316
-0.330387   0.000846757   -0.496236
-0.496105   -0.00885327   -0.332201
-0.332563   -0.165114   -0.32228
-0.183417   -0.169703   0.495032
-0.00418986   -0.0116686   -0.491536
-0.166428   0.00155396   -0.342682
-0.00126384   -0.184673   -0.351675
0.19488   -0.160928   -0.496949
0.342116   0.00282619   -0.493896
0.16821   -0.0202271   -0.343054
0.343739   -0.167326   -0.327493
0.48748   0.164025   -0.487085
-0.346449   0.343187   -0.476042
0.493423   0.323188   -0.334295
-0.347077   0.16543   -0.34368
-0.181993   0.163287   0.499124
-0.00084345   0.335906   0.499299
-0.175918   0.304167   -0.324352
0.00357996   0.15833   -0.326414
0.163595   0.16237   0.495681
0.32103   0.321031   0.499194
0.169932   0.322098   -0.325835
0.318104   0.165659   -0.330422
0.487362   0.497405   -0.162398
-0.327918   -0.323021   -0.160763
0.493526   -0.348571   -0.00211524
-0.32759   -0.479364   0.0136378
-0.177517   -0.498632   -0.185602
-0.0127697   -0.335279   -0.177835
-0.159021   -0.318973   0.0340117
-0.0120016   -0.488279   -0.00807533
0.145569   0.492989   -0.163975
0.335267   -0.331292   -0.153749
0.16693   -0.343546   0.00651007
0.351424   -0.492812   0.00698918
0.497728   -0.160081   -0.173614
-0.336491   -0.000309984   -0.186293
-0.497545   0.00277691   -0.00353024
-0.328882   -0.169801   -0.00548593
-0.169667   -0.170299   -0.146288
-0.000656653   -0.0215497   -0.17304
-0.166757   0.00256615   0.00177886
0.0159764   -0.171104   -0.00395408
0.171432   -0.164348   -0.172501
0.346319   -0.00341332   -0.168019
0.161511   0.00571695   -0.00349676
0.35395   -0.164341   -0.00223381
0.49464   0.171002   -0.175697
-0.349479   0.339265   -0.183654
-0.495751   0.340637   -0.00031361
-0.319776   0.16686   0.00455102
-0.168229   0.142065   -0.16482
-0.0199545   0.326535   -0.169232
-0.183787   0.351033   -0.0170641
-0.00479362   0.145703   -0.0165755
0.16997   0.160323   -0.184882
0.31437   0.345026   -0.150669
0.152826   0.32618   0.00145299
0.356735   0.162585   -0.0178759
-0.496791   0.497302   0.160845
-0.34348   -0.315502   0.17124
0.491309   -0.346323   0.34611
-0.329212   -0.492534   0.33925
-0.157619   0.493258   0.164149
0.029404   -0.316322   0.18531
-0.1622   -0.340661   0.327616
0.00758545   0.49729   0.329571
0.156919   0.485872   0.173975
0.335626   -0.337018   0.175242
0.174507   -0.34649   0.352499
0.335974   0.485109   0.317542
0.496233   -0.165614   0.158221
-0.325766   -0.000814662   0.15793
0.497713   -0.0175366   0.322448
-0.315652   -0.160231   0.31269
-0.158381   -0.15412   0.157596
-0.00370067   0.00645852   0.157479
-0.147843   0.0026891   0.332174
0.0237393   -0.167928   0.353354
0.19371   -0.164112   0.172507
0.340614   -0.00254894   0.142583
0.160171   0.0108196   0.342106
0.336675   -0.163447   0.336948
0.490859   0.184248   0.168209
-0.32271   0.328921   0.172973
-0.491952   0.339916   0.333217
-0.34718   0.154926   0.338981
-0.149816   0.172035   0.165814
0.00336283   0.335155   0.156402
-0.193187   0.340076   0.348172
-0.00203564   0.188327   0.33226
0.165244   0.165862   0.164185
0.327376   0.326305   0.147457
0.150131   0.331461   0.33569
0.326741   0.14243   0.324003
