0.802337
0.806283
0.810683
0.813509
0.812767
0.80729
0.797206
0.783939
0.770048
0.758679
0.752569
0.752828
0.758243
0.765771
0.772163
0.77557
0.776007
0.774852
0.773903
0.774422
0.776529
0.779369
0.781585
0.781956
0.779801
0.775248
0.769161
0.762727
0.756919
0.752225
0.748673
0.745915
0.743406
0.740569
0.73685
0.732156
0.727275
0.724071
0.72496
0.731734
0.744379
0.760954
0.77851
0.79422
0.806113
0.813289
0.815726
0.81393
0.808785
0.801298
0.79251
0.783491
0.77533
0.769111
0.765759
0.765776
0.768896
0.774109
0.779956
0.784902
0.787728
0.787693
0.784581
0.778745
0.771051
0.762762
0.755274
0.74983
0.747267
0.747963
0.751935
0.759021
0.768778
0.780329
0.79202
0.801674
0.80717
0.80699
0.800693
0.788906
0.773198
0.755955
0.740211
0.729517
0.727289
0.735283
0.752091
0.773322
0.793381
0.807576
0.813198
0.80981
0.799007
0.784047
0.769252
0.758924
0.75585
0.760323
0.770546
0.784051
0.798664
0.812717
0.825065
0.834956
0.842016
0.846167
0.847532
0.846301
0.842616
0.836447
0.827636
0.816054
0.801828
0.785428
0.767831
0.750377
0.734555
0.72173
0.712962
0.708692
0.708569
0.711555
0.716108
0.720715
0.724218
0.726092
0.726492
0.725989
0.725338
0.725204
0.726053
0.728232
0.73191
0.737414
0.745212
0.755755
0.769109
0.784527
0.800329
0.814096
0.823261
0.825783
0.820743
0.808924
0.792882
0.776358
0.763014
0.755204
0.753498
0.756923
0.763624
0.771589
0.779246
0.785838
0.791328
0.79606
0.800253
0.803812
0.806562
0.808535
0.809896
0.810726
0.810846
0.809881
0.807444
0.803128
0.796354
0.786481
0.773061
0.756522
0.738596
0.722051
0.709835
0.703828
0.704174
0.709362
0.717074
0.725212
0.732584
0.738896
0.744574
0.750287
0.756496
0.763374
0.770772
0.778349
0.785661
0.792479
0.798611
0.803834
0.807734
0.809617
0.808676
0.804256
0.796221
0.785189
0.772661
0.760807
0.751913
0.747519
0.747876
0.751964
0.758051
0.764289
0.769111
0.771457
0.770975
0.768021
0.763694
0.759533
0.757088
0.757244
0.759801
0.763597
0.76677
0.767362
0.763774
0.755368
0.74275
0.728025
0.714306
0.704691
0.701285
0.704626
0.713711
0.726394
0.74007
0.752604
0.762959
0.771244
0.778333
0.78524
0.792547
0.80028
0.808081
0.815513
0.82237
0.828638
0.834255
0.83878
0.84144
0.841402
0.838227
0.832263
0.824637
0.816929
0.810412
0.805496
0.801569
0.797517
0.792241
0.785007
0.775621
0.764473
0.752414
0.740758
0.73116
0.72532
0.724332
0.727961
0.73453
0.74172
0.747717
0.751806
0.754333
0.756128
0.757968
0.760355
0.763663
0.76819
0.774079
0.781139
0.788801
0.796215
0.802462
0.806663
0.807933
0.805361
0.798016
0.785418
0.768112
0.748018
0.728457
0.713406
0.706317
0.708808
0.720171
0.737918
0.758755
0.779416
0.79722
0.81032
0.817824
0.8198
0.817202
0.811496
0.804187
0.796204
0.787523
0.77752
0.765624
0.752061
0.737997
0.725224
0.715661
0.71105
0.712612
0.720861
0.735362
0.754601
0.776166
0.797235
0.815298
0.828728
0.837004
0.840687
0.841174
0.840289
0.839747
0.840706
0.843542
0.847753
0.852229
0.855331
0.85525
0.850296
0.839265
0.821855
0.798925
0.772527
0.745725
0.721954
0.704266
0.69453
0.693082
0.698803
0.709502
0.722389
0.734602
0.743701
0.748024
0.746976
0.741128
0.732039
0.721755
0.712179
0.704876
0.70107
0.701601
0.706935
0.716948
0.730861
0.747477
0.765608
0.784254
0.802508
0.819499
0.834266
0.845786
0.853066
0.855468
0.852848
0.845744
0.835512
0.824097
0.813669
0.806031
0.801968
0.800979
0.801472
0.801382
0.798951
0.793569
0.785958
0.77781
0.770953
0.766355
0.763721
0.761991
0.760148
0.758043
0.756498
0.756821
0.760011
0.766241
0.774817
0.784385
0.793239
0.799951
0.803886
0.805443
0.805816
0.806356
0.807926
0.810411
0.812783
0.813538
0.811419
0.805894
0.797337
0.786766
0.775351
0.763954
0.75315
0.743462
0.735745
0.731225
0.731097
0.735673
0.743818
0.753126
0.76098
0.765498
0.766001
0.762977
0.757591
0.751276
0.745419
0.741316
0.740007
0.742071
0.747306
0.75448
0.761577
0.766292
0.766949
0.763158
0.756091
0.748141
0.742163
0.740397
0.743851
0.752076
0.763612
0.776663
0.789647
0.801336
0.810944
0.817961
0.822014
0.82274
0.820065
0.814216
0.80579
0.795664
0.784828
0.774203
0.764595
0.756558
0.750354
0.745945
0.74307
0.741493
0.741404
0.743432
0.748412
0.756793
0.768156
0.781219
0.794246
0.805584
0.814084
0.81934
0.821505
0.820983
0.818244
0.813723
0.80786
0.801335
0.795098
0.790083
0.786802
0.784986
0.783679
0.781628
0.777995
0.772829
0.767131
0.762501
0.760475
0.761937
0.766711
0.773663
0.781005
0.786839
0.789677
0.788827
0.784532
0.777933
0.770657
0.764106
0.758789
0.754296
0.749788
0.744705
0.739075
0.733421
0.728657
0.725875
0.726061
0.72989
0.737504
0.748468
0.761673
0.775519
0.78821
0.798147
0.804265
0.8063
0.804555
0.799747
0.792631
0.783949
0.774397
0.764722
0.755849
0.748952
0.745441
0.74642
0.752223
0.762186
0.77483
0.788308
0.800886
0.811046
0.81758
0.81979
0.8175
0.810977
0.800931
0.788413
0.774934
0.7624
0.752957
0.748578
0.750504
0.758942
0.772846
0.789946
0.807082
0.820941
0.828784
0.828962
0.821222
0.806725
0.787908
0.767992
0.750164
0.736866
0.72942
0.728067
0.732309
0.741157
0.753274
0.766979
0.78038
0.791457
0.798415
0.800028
0.796008
0.787102
0.774727
0.76072
0.746925
0.734866
0.725606
0.719783
0.71771
0.719573
0.725502
0.735573
0.749444
0.766083
0.783847
0.800867
0.815731
0.827803
0.837031
0.843511
0.847296
0.848344
0.846733
0.842684
0.836354
0.827949
0.817659
0.805887
0.793376
0.781176
0.770246
0.761098
0.753511
0.746687
0.739656
0.73196
0.72401
0.717006
0.712366
0.710966
0.712687
0.716574
0.721286
0.725536
0.728417
0.729479
0.728842
0.727072
0.725009
0.72366
0.723955
0.726729
0.732495
0.741187
0.752077
0.764037
0.775913
0.78687
0.796527
0.804726
0.811441
0.816826
0.82127
0.825444
0.830097
0.835821
0.842725
0.850274
0.857365
0.862514
0.864181
0.861191
0.853006
0.839882
0.823039
0.804418
0.786321
0.770864
0.759381
0.752048
0.748001
0.745819
0.74413
0.741943
0.738752
0.734749
0.731185
0.730228
0.734232
0.744769
0.761724
0.78338
0.806995
0.829578
0.84842
0.861349
0.866868
0.864249
0.853647
0.83619
0.813705
0.788423
0.762611
0.738336
0.717408
0.70142
0.69169
0.689067
0.69372
0.704988
0.721316
0.74062
0.760533
0.778787
0.79352
0.803441
0.808083
0.807802
0.803602
0.796864
0.788958
0.780814
0.772889
0.765326
0.758234
0.75209
0.747795
0.746294
0.748205
0.753368
0.760775
0.768783
0.775517
0.779179
0.778615
0.77375
0.765734
0.756764
0.749541
0.746442
0.749004
0.757655
0.771775
0.789828
0.8096
0.828548
0.844241
0.854605
0.858226
0.854393
0.843069
0.824853
0.801053
0.773742
0.745627
0.719674
0.698632
0.684546
0.678409
0.679857
0.686948
0.696605
0.706145
0.714617
0.723156
0.733937
0.748521
0.766283
0.784551
0.800025
0.810291
0.814262
0.812166
0.805013
0.794431
0.782509
0.771639
0.764383
0.762907
0.768277
0.780127
0.796705
0.815542
0.834061
0.850042
0.861765
0.86815
0.868697
0.863476
0.853158
0.839095
0.823275
0.808019
0.795455
0.786911
0.782521
0.781049
0.780285
0.777726
0.771413
0.760409
0.745095
0.72705
0.708551
0.691868
0.678668
0.66977
0.665191
0.664527
0.66733
0.673324
0.682471
0.694692
0.709773
0.727184
0.745953
0.764945
0.783001
0.799205
0.812956
0.824094
0.832751
0.8392
0.843606
0.84601
0.846408
0.844782
0.841166
0.835731
0.828756
0.820557
0.811399
0.801439
0.790832
0.77983
0.768866
0.758594
0.749861
0.743559
0.740268
0.740029
0.742147
0.745453
0.748629
0.75055
0.750498
0.748364
0.744649
0.740424
0.737075
0.735966
0.737997
0.743288
0.751191
0.760416
0.769481
0.777023
0.782122
0.78462
0.784967
0.784105
0.783185
0.783181
0.784627
0.787555
0.791498
0.795826
0.799871
0.803298
0.806085
0.80847
0.810588
0.812295
0.813114
0.812146
0.808457
0.801511
0.791393
0.778978
0.765849
0.753865
0.744718
0.739429
0.738053
0.739638
0.742478
0.744711
0.744716
0.741592
0.735416
0.727098
0.718176
0.71027
0.704647
0.702098
0.703103
0.708186
0.717942
0.732605
0.751485
0.772944
0.794848
0.815302
0.832987
0.847067
0.856945
0.862047
0.861785
0.855695
0.843703
0.82649
0.805673
0.783867
0.764405
0.750612
0.745005
0.748432
0.759798
0.776412
0.794759
0.81121
0.822746
0.827431
0.824624
0.815052
0.800536
0.783493
0.766334
0.75095
0.738399
0.72896
0.722419
0.718382
0.716476
0.7165
0.718422
0.7222
0.727541
0.733921
0.740728
0.747611
0.754773
0.762941
0.772804
0.784499
0.79743
0.8105
0.822672
0.833062
0.841017
0.845845
0.84678
0.842972
0.833969
0.820181
0.803015
0.784615
0.767183
0.752437
0.741512
0.735033
0.733377
0.736765
0.745071
0.757591
0.772864
0.788639
0.802401
0.811981
0.816087
0.81441
0.807565
0.796799
0.783663
0.769672
0.755998
0.74332
0.73215
0.723289
0.718182
0.718813
0.726963
0.743123
0.766063
0.793021
0.820471
0.844989
0.863825
0.875189
0.878197
0.872903
0.860304
0.842214
0.821146
0.799918
0.780914
0.765393
0.753457
0.744435
0.73741
0.731737
0.727072
0.723361
0.720619
0.718995
0.718794
0.720388
0.723999
0.729548
0.736616
0.744745
0.753538
0.76266
0.771582
0.779508
0.785727
0.78991
0.792139
0.792683
0.791698
0.789203
0.785288
0.780334
0.77505
0.770304
0.766818
0.765067
0.765197
0.766969
0.769903
0.773544
0.777529
0.781668
0.785816
0.78974
0.793056
0.795466
0.796815
0.79703
0.796051
0.793836
