-6.73808
-6.74594
-6.75125
-6.75517
-6.75535
-6.74713
-6.73168
-6.70951
-6.68964
-6.67291
-6.66277
-6.66381
-6.67129
-6.68064
-6.68958
-6.69372
-6.69567
-6.69328
-6.69251
-6.69361
-6.69741
-6.7007
-6.70176
-6.70135
-6.70038
-6.69452
-6.68668
-6.67768
-6.66994
-6.66192
-6.6566
-6.65311
-6.6487
-6.64315
-6.63951
-6.63409
-6.62676
-6.62163
-6.62361
-6.63474
-6.65403
-6.67566
-6.70135
-6.72589
-6.74567
-6.75676
-6.76042
-6.75772
-6.74838
-6.73683
-6.72429
-6.71076
-6.69917
-6.6879
-6.68255
-6.68225
-6.68499
-6.69378
-6.70093
-6.7077
-6.71259
-6.71157
-6.70658
-6.69944
-6.68984
-6.67967
-6.67038
-6.66189
-6.65707
-6.65779
-6.66278
-6.67373
-6.68545
-6.70181
-6.71838
-6.73351
-6.74208
-6.7431
-6.7343
-6.71759
-6.6937
-6.66719
-6.6426
-6.62396
-6.61932
-6.63229
-6.65621
-6.68838
-6.72172
-6.74204
-6.75144
-6.74604
-6.73177
-6.70998
-6.68746
-6.67488
-6.66929
-6.67536
-6.6894
-6.7103
-6.73255
-6.75266
-6.77183
-6.78602
-6.79467
-6.80445
-6.8065
-6.8053
-6.79978
-6.7902
-6.77698
-6.75799
-6.73568
-6.71043
-6.68436
-6.65688
-6.63476
-6.61196
-6.59913
-6.59273
-6.59352
-6.598
-6.60677
-6.61498
-6.62024
-6.62531
-6.62397
-6.62354
-6.62191
-6.62301
-6.62428
-6.62723
-6.63404
-6.64229
-6.65593
-6.67239
-6.69081
-6.71296
-6.73699
-6.757
-6.77042
-6.77486
-6.766
-6.74827
-6.72485
-6.70168
-6.68166
-6.66962
-6.66739
-6.6735
-6.68161
-6.69583
-6.70634
-6.71526
-6.72576
-6.73383
-6.74044
-6.74352
-6.74699
-6.74574
-6.74681
-6.74773
-6.74791
-6.74679
-6.74346
-6.73666
-6.72748
-6.71202
-6.69221
-6.66902
-6.64148
-6.61666
-6.59899
-6.58836
-6.58985
-6.59731
-6.6105
-6.6227
-6.63085
-6.64032
-6.64786
-6.65513
-6.6638
-6.67412
-6.68522
-6.69593
-6.70917
-6.72005
-6.72989
-6.74032
-6.74682
-6.75126
-6.74791
-6.74031
-6.72793
-6.71073
-6.69356
-6.6748
-6.66179
-6.6539
-6.65346
-6.66122
-6.66776
-6.67841
-6.6837
-6.6882
-6.68909
-6.68563
-6.67881
-6.67322
-6.66825
-6.66816
-6.672
-6.68029
-6.68505
-6.68497
-6.67894
-6.66471
-6.6474
-6.62725
-6.60667
-6.59354
-6.58681
-6.5915
-6.60416
-6.62221
-6.64305
-6.66185
-6.67933
-6.69273
-6.70497
-6.71371
-6.725
-6.73822
-6.75121
-6.76236
-6.77297
-6.77784
-6.78529
-6.79143
-6.79445
-6.79375
-6.78898
-6.77874
-6.76827
-6.7593
-6.74952
-6.7415
-6.73529
-6.7263
-6.71838
-6.70721
-6.69216
-6.67608
-6.6567
-6.64051
-6.62773
-6.61767
-6.61651
-6.62163
-6.63343
-6.6439
-6.65451
-6.66226
-6.6667
-6.66939
-6.67312
-6.67767
-6.68296
-6.68749
-6.69438
-6.70561
-6.71549
-6.72499
-6.73469
-6.74196
-6.74516
-6.73774
-6.7277
-6.7101
-6.68381
-6.65302
-6.62497
-6.60045
-6.5924
-6.59679
-6.61383
-6.64208
-6.67366
-6.7053
-6.73201
-6.75392
-6.76388
-6.76814
-6.76424
-6.75536
-6.74342
-6.7308
-6.7181
-6.7018
-6.68267
-6.66265
-6.64543
-6.62595
-6.60901
-6.60209
-6.60444
-6.61519
-6.63727
-6.66678
-6.70075
-6.733
-6.76074
-6.78121
-6.79298
-6.7998
-6.79923
-6.79822
-6.79677
-6.79853
-6.80343
-6.81072
-6.81679
-6.82176
-6.8197
-6.8113
-6.79475
-6.77058
-6.73618
-6.69788
-6.65379
-6.61619
-6.58771
-6.57311
-6.57094
-6.57887
-6.59395
-6.61426
-6.63452
-6.6485
-6.65563
-6.6547
-6.64658
-6.63132
-6.61687
-6.60283
-6.59414
-6.58907
-6.58857
-6.5956
-6.60998
-6.63117
-6.65707
-6.68265
-6.71126
-6.738
-6.76413
-6.78693
-6.80324
-6.81611
-6.81906
-6.81481
-6.8035
-6.7901
-6.77459
-6.75862
-6.74328
-6.73686
-6.73473
-6.73483
-6.73632
-6.73397
-6.72363
-6.71286
-6.69804
-6.69099
-6.68507
-6.68047
-6.67594
-6.67414
-6.67001
-6.66737
-6.66785
-6.67199
-6.68295
-6.69647
-6.71179
-6.72604
-6.73773
-6.74234
-6.7424
-6.74167
-6.74377
-6.74677
-6.7505
-6.75536
-6.75649
-6.75299
-6.74438
-6.73187
-6.71504
-6.69565
-6.67952
-6.6617
-6.64975
-6.63656
-6.62848
-6.62958
-6.6358
-6.64705
-6.66166
-6.67604
-6.6812
-6.68066
-6.6758
-6.66707
-6.65986
-6.6514
-6.64427
-6.64328
-6.64896
-6.65779
-6.66758
-6.67855
-6.68401
-6.68402
-6.67768
-6.66773
-6.65612
-6.64489
-6.64191
-6.64677
-6.65879
-6.67836
-6.69729
-6.71774
-6.7343
-6.74968
-6.76345
-6.76888
-6.76997
-6.76563
-6.75621
-6.74292
-6.72643
-6.70597
-6.68971
-6.67918
-6.66583
-6.65685
-6.65186
-6.64787
-6.64421
-6.64602
-6.64809
-6.65815
-6.67331
-6.69003
-6.70995
-6.73143
-6.74844
-6.76152
-6.77005
-6.77297
-6.77024
-6.76549
-6.75774
-6.74862
-6.73851
-6.7298
-6.72454
-6.71995
-6.71625
-6.713
-6.70992
-6.70415
-6.69672
-6.68688
-6.67961
-6.67365
-6.6752
-6.68301
-6.69279
-6.70315
-6.71061
-6.71713
-6.71716
-6.70812
-6.6966
-6.68601
-6.67586
-6.66853
-6.66179
-6.65503
-6.64709
-6.64058
-6.63404
-6.62884
-6.62402
-6.62494
-6.63101
-6.6434
-6.65855
-6.67998
-6.7014
-6.72205
-6.73469
-6.74484
-6.7453
-6.74204
-6.73709
-6.72383
-6.71404
-6.70101
-6.68649
-6.67383
-6.66154
-6.65498
-6.65548
-6.66224
-6.67848
-6.69745
-6.71702
-6.73524
-6.74951
-6.75996
-6.76263
-6.75984
-6.75167
-6.73466
-6.71459
-6.69404
-6.67589
-6.66366
-6.65547
-6.65642
-6.66876
-6.69156
-6.71656
-6.74356
-6.76436
-6.77677
-6.77736
-6.76543
-6.74562
-6.71739
-6.68752
-6.66109
-6.64179
-6.62868
-6.62633
-6.63366
-6.64564
-6.66446
-6.6847
-6.70383
-6.72078
-6.73089
-6.73072
-6.72534
-6.71263
-6.69438
-6.67337
-6.65268
-6.63491
-6.62134
-6.61164
-6.60885
-6.61294
-6.62216
-6.63694
-6.6571
-6.68109
-6.70936
-6.73618
-6.75978
-6.77756
-6.79205
-6.80306
-6.81004
-6.81128
-6.80854
-6.80215
-6.79297
-6.77713
-6.75975
-6.74144
-6.72235
-6.7047
-6.6896
-6.67588
-6.66612
-6.65588
-6.64598
-6.63153
-6.6196
-6.60877
-6.60472
-6.59971
-6.60261
-6.61039
-6.61616
-6.61833
-6.62362
-6.62554
-6.62361
-6.62193
-6.61851
-6.6181
-6.62049
-6.624
-6.63233
-6.64633
-6.6617
-6.68094
-6.69875
-6.7168
-6.73096
-6.74391
-6.75431
-6.76141
-6.76905
-6.77531
-6.78488
-6.79282
-6.80188
-6.8132
-6.82352
-6.83156
-6.83536
-6.8312
-6.8173
-6.79761
-6.77041
-6.74215
-6.71532
-6.69052
-6.67459
-6.6623
-6.6559
-6.65198
-6.65107
-6.64941
-6.64398
-6.63797
-6.6323
-6.63119
-6.63849
-6.65494
-6.68038
-6.71222
-6.74699
-6.78022
-6.80687
-6.82497
-6.83519
-6.83191
-6.81698
-6.7895
-6.75512
-6.71622
-6.67686
-6.64174
-6.61229
-6.58571
-6.57112
-6.56589
-6.5719
-6.59042
-6.61653
-6.64743
-6.67828
-6.70728
-6.72614
-6.74167
-6.74831
-6.74918
-6.7432
-6.73115
-6.71865
-6.70546
-6.69552
-6.68644
-6.67418
-6.66561
-6.65755
-6.65433
-6.65784
-6.66591
-6.6767
-6.69001
-6.69979
-6.70528
-6.70282
-6.69617
-6.68317
-6.67101
-6.65823
-6.6552
-6.65742
-6.67299
-6.6932
-6.72093
-6.75123
-6.78095
-6.8032
-6.8181
-6.82515
-6.82038
-6.80306
-6.77606
-6.73971
-6.69389
-6.64848
-6.61084
-6.57863
-6.55814
-6.54764
-6.55305
-6.56563
-6.58077
-6.5954
-6.61038
-6.62092
-6.63774
-6.65961
-6.68561
-6.71139
-6.73299
-6.74904
-6.75305
-6.74796
-6.73788
-6.72362
-6.70671
-6.68975
-6.68017
-6.67698
-6.68633
-6.70378
-6.7293
-6.76015
-6.78631
-6.81222
-6.82949
-6.83874
-6.84151
-6.83335
-6.81723
-6.79548
-6.77046
-6.74789
-6.73002
-6.71591
-6.709
-6.70744
-6.70403
-6.70117
-6.69202
-6.67325
-6.65028
-6.62353
-6.59611
-6.57205
-6.55322
-6.5402
-6.53366
-6.53202
-6.5346
-6.54327
-6.55667
-6.575
-6.59956
-6.62601
-6.65351
-6.682
-6.71038
-6.73501
-6.75661
-6.77396
-6.78662
-6.79824
-6.80485
-6.80781
-6.80678
-6.80467
-6.79827
-6.78947
-6.77934
-6.76768
-6.75136
-6.73933
-6.72148
-6.70368
-6.68756
-6.67215
-6.65937
-6.65056
-6.6479
-6.64592
-6.6478
-6.65308
-6.65623
-6.65814
-6.65806
-6.65648
-6.64929
-6.64392
-6.64116
-6.64144
-6.64351
-6.65113
-6.66331
-6.68071
-6.69463
-6.70465
-6.71327
-6.71572
-6.71656
-6.71559
-6.71227
-6.71064
-6.71411
-6.71656
-6.7215
-6.72864
-6.73568
-6.73888
-6.74079
-6.74243
-6.74593
-6.74557
-6.74777
-6.74665
-6.74338
-6.73069
-6.71649
-6.69851
-6.67623
-6.65922
-6.64647
-6.63854
-6.63647
-6.6395
-6.64473
-6.64905
-6.64842
-6.64599
-6.63641
-6.62231
-6.6086
-6.59771
-6.58993
-6.58643
-6.58826
-6.59556
-6.60987
-6.63122
-6.66051
-6.6927
-6.72491
-6.75754
-6.78439
-6.80648
-6.82195
-6.83057
-6.82921
-6.81942
-6.80306
-6.77659
-6.74471
-6.71362
-6.6841
-6.6647
-6.65564
-6.65949
-6.67751
-6.70082
-6.72673
-6.7527
-6.76968
-6.77639
-6.7725
-6.75782
-6.73183
-6.70756
-6.6802
-6.65713
-6.637
-6.62447
-6.61465
-6.60795
-6.60541
-6.60642
-6.60898
-6.6127
-6.62071
-6.6319
-6.64373
-6.6547
-6.66803
-6.68061
-6.6967
-6.71392
-6.73364
-6.75486
-6.77247
-6.78806
-6.7987
-6.80626
-6.80572
-6.79969
-6.78618
-6.76453
-6.73975
-6.71117
-6.68405
-6.66193
-6.64522
-6.63356
-6.63237
-6.63777
-6.64894
-6.66902
-6.6929
-6.71527
-6.73624
-6.7532
-6.75806
-6.75717
-6.7469
-6.72816
-6.70813
-6.68682
-6.66987
-6.65215
-6.63604
-6.62275
-6.61379
-6.61311
-6.62825
-6.65217
-6.68399
-6.72443
-6.76625
-6.80368
-6.82935
-6.84607
-6.8535
-6.84652
-6.82957
-6.80243
-6.77083
-6.73963
-6.70983
-6.68655
-6.66735
-6.65479
-6.64198
-6.63218
-6.62194
-6.61799
-6.61291
-6.61145
-6.61179
-6.6145
-6.6196
-6.62566
-6.63658
-6.6491
-6.66294
-6.67759
-6.69324
-6.70513
-6.71446
-6.72171
-6.72505
-6.72619
-6.72471
-6.72388
-6.71866
-6.70961
-6.70039
-6.69262
-6.68707
-6.68379
-6.68431
-6.68762
-6.69169
-6.69554
-6.70087
-6.70675
-6.71492
-6.72372
-6.72772
-6.73069
-6.73239
-6.73012
-6.72962
-6.72565
