-5.53458
-5.53652
-5.53523
-5.5349
-5.5362
-5.5362
-5.53587
-5.5336
-5.53457
-5.53489
-5.53392
-5.53457
-5.53392
-5.53198
-5.53134
-5.53036
-5.53166
-5.531
-5.53165
-5.53197
-5.53262
-5.53165
-5.52938
-5.52841
-5.53068
-5.53165
-5.53294
-5.53359
-5.53456
-5.53359
-5.53359
-5.53424
-5.53359
-5.53229
-5.53424
-5.53585
-5.53585
-5.53553
-5.53617
-5.53714
-5.53747
-5.53423
-5.53359
-5.53456
-5.5365
-5.53683
-5.53683
-5.53682
-5.53521
-5.53488
-5.53553
-5.53553
-5.53617
-5.53423
-5.53391
-5.53359
-5.53164
-5.53262
-5.531
-5.53035
-5.531
-5.53003
-5.5297
-5.53132
-5.53326
-5.53553
-5.53747
-5.53714
-5.53617
-5.53585
-5.53488
-5.5352
-5.53229
-5.53132
-5.53035
-5.531
-5.53132
-5.53262
-5.53326
-5.53423
-5.53391
-5.53325
-5.53228
-5.52969
-5.52839
-5.52936
-5.52807
-5.5284
-5.53164
-5.53067
-5.53165
-5.53132
-5.53326
-5.53391
-5.53358
-5.53649
-5.53552
-5.53487
-5.53358
-5.53423
-5.53455
-5.53358
-5.53423
-5.53358
-5.53164
-5.5352
-5.5352
-5.53585
-5.53585
-5.53553
-5.53553
-5.53391
-5.53293
-5.53229
-5.53261
-5.53131
-5.53293
-5.52937
-5.52969
-5.52969
-5.53067
-5.53067
-5.53261
-5.53391
-5.53391
-5.53617
-5.53423
-5.53455
-5.53391
-5.5352
-5.5352
-5.53488
-5.53617
-5.53617
-5.53812
-5.53876
-5.53714
-5.53617
-5.5365
-5.53585
-5.53553
-5.53618
-5.53489
-5.53488
-5.53553
-5.53715
-5.53714
-5.53682
-5.53714
-5.53812
-5.53618
-5.53844
-5.53747
-5.5365
-5.53877
-5.53974
-5.54006
-5.5378
-5.53715
-5.53294
-5.53197
-5.53164
-5.53164
-5.53197
-5.53229
-5.53197
-5.53294
-5.5323
-5.53262
-5.53424
-5.53359
-5.53359
-5.53423
-5.53261
-5.53359
-5.53326
-5.53488
-5.53489
-5.53197
-5.53197
-5.531
-5.5297
-5.52906
-5.52906
-5.52906
-5.52841
-5.53068
-5.53133
-5.53198
-5.53457
-5.53522
-5.53684
-5.5349
-5.53392
-5.5336
-5.53295
-5.53457
-5.53359
-5.53392
-5.53262
-5.53165
-5.53327
-5.53068
-5.53198
-5.53004
-5.53101
-5.53263
-5.5336
-5.53327
-5.53392
-5.53262
-5.5323
-5.5323
-5.53489
-5.53489
-5.53392
-5.53328
-5.53166
-5.53327
-5.53521
-5.53521
-5.5365
-5.53488
-5.53456
-5.53359
-5.53262
-5.53295
-5.53295
-5.53489
-5.53586
-5.53747
-5.53585
-5.53618
-5.5378
-5.53909
-5.53909
-5.53941
-5.53488
-5.53391
-5.53326
-5.53229
-5.53164
-5.53164
-5.53035
-5.53132
-5.5339
-5.5339
-5.53326
-5.53293
-5.53002
-5.53002
-5.5297
-5.52873
-5.52937
-5.52808
-5.52937
-5.53099
-5.52969
-5.53001
-5.52969
-5.53164
-5.53132
-5.53294
-5.53455
-5.5352
-5.5352
-5.53617
-5.53714
-5.53747
-5.5352
-5.53326
-5.5339
-5.53229
-5.53067
-5.53099
-5.53197
-5.53326
-5.5297
-5.53067
-5.53197
-5.53164
-5.53099
-5.53228
-5.53034
-5.53293
-5.53358
-5.53358
-5.5352
-5.53553
-5.53617
-5.53617
-5.53844
-5.53715
-5.53844
-5.53844
-5.53811
-5.53714
-5.53649
-5.53682
-5.53552
-5.53423
-5.53455
-5.53844
-5.53811
-5.53552
-5.53552
-5.53552
-5.5339
-5.53423
-5.53488
-5.5365
-5.53715
-5.5378
-5.53812
-5.53747
-5.53876
-5.53747
-5.53779
-5.53714
-5.53747
-5.53812
-5.53909
-5.53844
-5.53877
-5.53682
-5.53585
-5.53585
-5.5378
-5.5378
-5.53909
-5.5352
-5.53326
-5.53131
-5.53131
-5.53131
-5.53067
-5.5297
-5.53067
-5.53262
-5.53294
-5.53359
-5.53424
-5.53489
-5.53326
-5.53423
-5.53456
-5.53682
-5.53747
-5.53617
-5.5352
-5.53456
-5.53488
-5.53585
-5.53424
-5.53488
-5.53424
-5.53489
-5.53553
-5.53457
-5.53651
-5.53586
-5.53554
-5.53489
-5.53683
-5.53845
-5.53812
-5.53423
-5.53391
-5.53327
-5.53262
-5.53424
-5.53554
-5.53327
-5.53392
-5.53133
-5.53456
-5.53554
-5.53489
-5.53295
-5.53392
-5.53295
-5.53262
-5.53262
-5.53197
-5.53359
-5.53424
-5.53521
-5.53619
-5.53781
-5.53651
-5.53424
-5.53294
-5.53424
-5.53488
-5.53489
-5.53618
-5.53618
-5.53586
-5.53554
-5.53586
-5.53489
-5.53262
-5.53359
-5.53197
-5.53456
-5.53294
-5.53164
-5.53294
-5.53229
-5.53132
-5.53197
-5.53457
-5.53295
-5.53165
-5.53133
-5.53068
-5.53295
-5.53327
-5.5323
-5.53327
-5.53586
-5.53683
-5.53586
-5.53619
-5.53457
-5.5336
-5.53295
-5.53359
-5.53391
-5.53164
-5.53132
-5.53099
-5.53067
-5.53294
-5.5323
-5.53327
-5.5323
-5.53327
-5.5365
-5.53586
-5.53586
-5.53553
-5.53488
-5.53423
-5.53294
-5.52873
-5.5284
-5.53229
-5.53099
-5.53132
-5.53294
-5.53326
-5.53197
-5.53391
-5.53294
-5.53553
-5.53812
-5.5378
-5.53812
-5.54007
-5.54007
-5.54039
-5.54104
-5.54071
-5.53877
-5.53812
-5.53715
-5.53683
-5.5365
-5.53715
-5.53942
-5.53974
-5.53877
-5.53748
-5.53748
-5.53715
-5.53748
-5.53618
-5.53585
-5.53294
-5.53229
-5.53294
-5.53229
-5.53165
-5.53035
-5.53262
-5.53392
-5.53132
-5.5297
-5.53002
-5.5297
-5.53035
-5.53035
-5.53035
-5.53003
-5.53197
-5.53391
-5.53585
-5.5352
-5.53585
-5.53617
-5.53714
-5.53585
-5.53747
-5.53812
-5.53974
-5.53747
-5.53844
-5.53585
-5.5352
-5.53747
-5.53488
-5.53812
-5.53941
-5.53941
-5.54006
-5.53811
-5.53682
-5.53585
-5.5339
-5.5352
-5.5352
-5.53456
-5.53391
-5.53294
-5.53359
-5.53294
-5.53359
-5.53521
-5.53326
-5.53197
-5.53164
-5.53229
-5.53423
-5.53261
-5.53067
-5.53034
-5.53229
-5.53164
-5.53294
-5.53294
-5.53359
-5.53392
-5.53359
-5.53553
-5.53553
-5.53553
-5.53585
-5.53649
-5.53455
-5.53423
-5.5352
-5.53391
-5.53455
-5.53423
-5.53326
-5.53359
-5.53327
-5.53068
-5.53133
-5.53197
-5.53229
-5.53229
-5.53229
-5.53261
-5.53293
-5.53196
-5.53229
-5.53358
-5.53391
-5.53358
-5.53294
-5.53197
-5.53359
-5.53488
-5.53618
-5.53585
-5.5365
-5.5378
-5.53909
-5.53877
-5.53844
-5.53812
-5.53844
-5.5352
-5.53326
-5.53261
-5.53229
-5.53293
-5.53423
-5.53423
-5.53585
-5.53585
-5.5365
-5.53359
-5.53359
-5.53326
-5.53617
-5.53326
-5.53358
-5.53553
-5.53423
-5.53002
-5.531
-5.53132
-5.53035
-5.53132
-5.53099
-5.53261
-5.53455
-5.53391
-5.53358
-5.53455
-5.53358
-5.53488
-5.53488
-5.5365
-5.53617
-5.53682
-5.53714
-5.53617
-5.53714
-5.53714
-5.53973
-5.53909
-5.53779
-5.53779
-5.53747
-5.53779
-5.53909
-5.53941
-5.53779
-5.53779
-5.53585
-5.53552
-5.53584
-5.53422
-5.53552
-5.53422
-5.5339
-5.53326
-5.53488
-5.5365
-5.53585
-5.53585
-5.53552
-5.53585
-5.53714
-5.53779
-5.53779
-5.53715
-5.5365
-5.53586
-5.53424
-5.53295
-5.53489
-5.53554
-5.53651
-5.53521
-5.53456
-5.53359
-5.53294
-5.53423
-5.53617
-5.53358
-5.53358
-5.53229
-5.53132
-5.53294
-5.53456
-5.5365
-5.53748
-5.5391
-5.53586
-5.53651
-5.53618
-5.53748
-5.5378
-5.53586
-5.53521
-5.53424
-5.53618
-5.53845
-5.53683
-5.53748
-5.53586
-5.53489
-5.53553
-5.53586
-5.53554
-5.53683
-5.53651
-5.53652
-5.5349
-5.53554
-5.53457
-5.53586
-5.53392
-5.53554
-5.53391
-5.5365
-5.53554
-5.53618
-5.53683
-5.53813
-5.53684
-5.53619
-5.53781
-5.53878
-5.53846
-5.53878
-5.53813
-5.53327
-5.53003
-5.53133
-5.53068
-5.53132
-5.53003
-5.53327
-5.53521
-5.53586
-5.53619
-5.53845
-5.53618
-5.53683
-5.53683
-5.53618
-5.53457
-5.53295
-5.5336
-5.53166
-5.52971
-5.53036
-5.53198
-5.53295
-5.53229
-5.53359
-5.53262
-5.53391
-5.53359
-5.53424
-5.53683
-5.53522
-5.53716
-5.53684
-5.53652
-5.53846
-5.53814
-5.53749
-5.53684
-5.53554
-5.53587
-5.53684
-5.53554
-5.53522
-5.53587
-5.5336
-5.53458
-5.5349
-5.53264
-5.53264
-5.53296
-5.53328
-5.53425
-5.53522
-5.53555
-5.53587
-5.53523
-5.53361
-5.53328
-5.53296
-5.53296
-5.5349
-5.53523
-5.53458
-5.53458
-5.53588
-5.5362
-5.53717
-5.53782
-5.5375
-5.53944
-5.53944
-5.53879
-5.53717
-5.5375
-5.53652
-5.53588
-5.5362
-5.53685
-5.53426
-5.53717
-5.53523
-5.53393
-5.53426
-5.53426
-5.53458
-5.53523
-5.53749
-5.53587
-5.53458
-5.5349
-5.53329
-5.53231
-5.53231
-5.53393
-5.53231
-5.53328
-5.53555
-5.53749
-5.53652
-5.53619
-5.53652
-5.54008
-5.54041
-5.53912
-5.54009
-5.53879
-5.53911
-5.53944
-5.53749
-5.53587
-5.53717
-5.53522
-5.53425
-5.5349
-5.53587
-5.53393
-5.53167
-5.52972
-5.53005
-5.52713
-5.5281
-5.52843
-5.53069
-5.52843
-5.5294
-5.53005
-5.52745
-5.52842
-5.52939
-5.52939
-5.52939
-5.53004
-5.53101
-5.53199
-5.53134
-5.53361
-5.53328
-5.53166
-5.53134
-5.53231
-5.53296
-5.53328
-5.5336
-5.53328
-5.53295
-5.53231
-5.53328
-5.53328
-5.53264
-5.53458
-5.53491
-5.53588
-5.53653
-5.5375
-5.53653
-5.53588
-5.5375
-5.53685
-5.5362
-5.53782
-5.53749
-5.53878
-5.53814
-5.53684
-5.53781
-5.5362
-5.53459
-5.53588
-5.53556
-5.53524
-5.53556
-5.53524
-5.53103
-5.53232
-5.5307
-5.5307
-5.5294
-5.53102
-5.53103
-5.53038
-5.5307
-5.53167
-5.53135
-5.5294
-5.5294
-5.53102
-5.53264
-5.53328
-5.53587
-5.5362
-5.53749
-5.53717
-5.53749
-5.53911
-5.53847
-5.53847
-5.53717
-5.5375
-5.53555
-5.53523
-5.53523
-5.53425
-5.53522
-5.53425
-5.53328
-5.53328
-5.53295
-5.53101
-5.5323
-5.53263
-5.53133
-5.53263
-5.5336
-5.53231
-5.53264
-5.53523
-5.53393
-5.53555
-5.53555
-5.53296
-5.53263
-5.53231
-5.53587
-5.53717
-5.53781
-5.53781
-5.53652
-5.53489
-5.53781
-5.53748
-5.53489
-5.5349
-5.53555
-5.5362
-5.53361
-5.53329
-5.5362
-5.53717
-5.53911
-5.53911
-5.53911
-5.53975
-5.53846
-5.53846
-5.53716
-5.53813
-5.53587
-5.53457
-5.53133
-5.53295
-5.53198
-5.53295
-5.5336
-5.53392
-5.5336
-5.53133
-5.53166
-5.53198
-5.53263
-5.5336
-5.53587
-5.53587
-5.53587
-5.53684
-5.53684
-5.53717
-5.53717
-5.54008
-5.54073
-5.53911
-5.53781
-5.53716
-5.53684
-5.53619
-5.53651
-5.53716
-5.53684
-5.53522
-5.53457
-5.53425
-5.53619
-5.53911
-5.53814
-5.53749
-5.53716
-5.53457
-5.53555
-5.5349
