           1     7.44998     7.44998           0
           2     7.68955     7.56976    0.119784
           3     7.63911     7.59288   0.0729175
           4     7.49345     7.56802   0.0572397
           5     7.63072     7.58056   0.0460767
           6     7.52559      7.5714   0.0387208
           7     7.62967     7.57972   0.0337673
           8      7.4337     7.56147   0.0344723
           9     7.56107     7.56143   0.0304017
          10     7.61362     7.56665   0.0276885
          11     7.53761     7.56401   0.0251839
          12     7.69549     7.57496   0.0254671
          13     7.60076     7.57695   0.0235102
          14       7.573     7.57667    0.021768
          15      7.5507     7.57494   0.0203387
          16     7.56722     7.57445   0.0190313
          17     7.63247     7.57787   0.0181996
          18     7.58077     7.57803   0.0171595
          19     7.56609      7.5774   0.0162434
          20     7.50932     7.57399   0.0157814
          21     7.54488     7.57261    0.015075
          22     7.55295     7.57171   0.0144012
          23     7.47082     7.56733   0.0144431
          24     7.54083     7.56622   0.0138722
          25      7.6697     7.57036   0.0139346
          26     7.57362     7.57049   0.0133886
          27      7.6242     7.57248   0.0130358
          28     7.51546     7.57044   0.0127256
          29     7.69383      7.5747   0.0129952
          30     7.47172     7.57126   0.0130153
