           1    -7.57288    -7.57288           0
           2    -7.52852     -7.5507   0.0221781
           3     -7.5385    -7.54664   0.0134348
           4    -7.56544    -7.55134   0.0105992
           5    -7.53954    -7.54898  0.00854217
           6    -7.55808     -7.5505   0.0071377
           7    -7.54056    -7.54908  0.00619725
           8    -7.57442    -7.55224  0.00623245
           9     -7.5525    -7.55227  0.00549658
          10    -7.54171    -7.55122  0.00502854
          11    -7.55727    -7.55177  0.00458162
          12    -7.52802    -7.54979  0.00462694
          13    -7.54475     -7.5494  0.00427375
          14    -7.55102    -7.54951  0.00395841
          15    -7.55505    -7.54988  0.00370348
          16    -7.55139    -7.54998  0.00346557
          17    -7.53882    -7.54932  0.00332081
          18    -7.54846    -7.54927  0.00313125
          19    -7.55016    -7.54932  0.00296223
          20    -7.56212    -7.54996  0.00288216
          21    -7.55553    -7.55023   0.0027543
          22     -7.5531    -7.55036  0.00262938
          23    -7.56926    -7.55118  0.00264352
          24    -7.55575    -7.55137  0.00253812
          25    -7.53305    -7.55064  0.00254237
          26    -7.55067    -7.55064  0.00244263
          27    -7.54123    -7.55029  0.00237609
          28    -7.56121    -7.55068  0.00232263
          29    -7.52802     -7.5499  0.00237336
          30     -7.5691    -7.55054  0.00238051
