0  53.2295  45.4931
1  48.9566  42.2149
2  49.1015  40.1294
3  45.0442  40.1294
4  43.77  40.1294
5  43.0042  40.1294
6  40.8789  36.5613
7  39.9728  35.2376
8  39.4875  32.5703
9  37.1055  32.5703
10  35.3652  32.5703
11  33.3109  32.5703
12  32.9077  32.5703
13  32.5321  31.9595
14  32.3264  29.2339
15  31.8332  29.2009
16  31.5936  27.5128
17  30.3371  27.3559
18  28.3939  27.3559
19  27.8405  27.3559
20  28.0946  27.3559
21  27.6397  27.332
22  27.4913  27.332
23  27.3923  26.3519
24  27.1601  26.3519
25  27.1171  26.3519
26  26.7526  25.1226
27  25.8529  25.1226
28  25.3484  25.1226
29  24.9416  23.2375
30  24.3753  23.0563
31  23.3963  23.0563
32  23.4355  23.0563
33  23.3548  23.0563
34  23.4787  23.0563
35  23.268  21.8124
36  22.7951  21.4079
37  22.3434  20.6434
38  21.9978  20.6434
39  21.7436  20.6434
40  21.3686  20.6313
41  21.3346  20.6313
42  20.8777  20.6115
43  20.6406  20.2754
44  20.6824  20.2754
45  20.6555  20.2754
46  20.6952  20.2754
47  20.6434  20.2754
48  20.6598  20.2754
49  20.6231  20.2754
50  20.518  19.5392
51  20.4515  19.5392
52  20.2421  19.3026
53  19.6433  19.3026
54  19.4738  18.6206
55  19.3695  18.1486
56  19.2521  18.1998
57  19.1222  17.586
58  18.403  17.586
59  17.9027  17.4071
60  17.5699  17.3752
61  17.5596  17.3752
62  17.6204  17.3752
63  17.594  17.3752
64  17.5038  17.0922
65  17.5909  17.0922
66  17.4466  16.709
67  17.2652  16.709
68  17.1899  16.709
69  16.9713  16.709
70  16.8384  16.6718
71  16.918  16.6718
72  17.0498  16.6718
73  16.8967  16.709
74  16.9532  16.568
75  16.7907  16.4366
76  16.98  16.5831
77  16.9805  16.2265
78  16.4897  16.1652
79  16.4655  16.1652
80  16.4957  16.1652
81  16.4325  16.034
82  16.3603  16.034
83  16.3749  15.2821
84  16.3004  15.1425
85  15.9203  15.1425
86  15.1968  11.3578
87  15.0025  11.3578
88  14.5856  11.3578
89  13.793  11.3578
90  11.5519  11.1104
91  11.5997  10.7613
92  11.3859  11.0383
93  11.3985  11.0383
94  11.3305  11.0383
95  11.488  11.0383
96  11.5032  11.3578
97  11.3829  10.2765
98  11.1589  10.2765
99  10.8071  10.0291
100  11.2123  10.0291
101  11.2638  10.2765
102  11.0608  10.2765
103  10.6438  10.2765
104  10.3284  10.2765
105  10.3081  9.87994
106  10.2974  9.87994
107  10.2283  9.87994
108  10.2933  9.87994
109  10.3987  9.87994
110  9.918  9.87994
111  9.87994  9.87994
112  9.80323  8.56077
113  9.70646  8.56077
114  9.44775  8.56077
115  9.37389  8.56077
116  9.29699  8.56077
117  8.98137  7.88206
118  8.55994  7.88206
119  8.67714  7.88206
120  8.74327  7.88206
121  8.39074  7.88206
122  8.45513  7.88206
123  8.19453  7.88206
124  7.89111  7.88206
125  7.89206  7.88206
126  7.93059  7.88206
127  8.0869  7.88206
128  7.94988  7.88206
129  7.89159  7.88206
130  7.89199  7.88206
131  7.88897  7.84017
132  7.8954  7.84017
133  7.8954  7.84017
134  7.89255  7.84017
135  7.8935  7.84017
136  7.88905  7.84017
137  7.89318  7.2026
138  7.84847  7.2026
139  7.8927  7.2026
140  7.8935  7.81948
141  7.89255  7.84017
142  7.89255  7.61779
143  7.87946  7.61779
144  7.87793  7.61779
145  7.88354  7.61779
146  7.87817  7.71924
147  7.87372  7.48881
148  7.88618  7.71924
149  7.88903  7.71924
150  7.88023  7.71924
151  7.89731  7.71924
152  7.84183  7.36571
153  7.7535  7.36571
154  7.86462  7.36571
155  7.79527  7.49136
156  7.8475  7.49136
157  7.84844  7.49136
158  7.87287  7.49136
159  7.8757  7.53654
160  7.8757  7.53654
161  7.77426  7.01089
162  7.70571  6.8005
163  7.71728  6.8005
164  7.25977  5.91408
165  6.88595  5.91408
166  6.52349  5.91408
167  6.26918  5.91408
168  6.09511  5.91408
169  5.935  5.82779
170  5.91899  5.82779
171  5.88253  5.51755
172  5.86393  5.51755
173  5.81577  5.51755
174  5.84871  5.51755
175  5.85974  5.51755
176  5.82989  5.51755
177  5.82203  5.51755
178  5.80854  5.51755
179  5.83047  5.51755
180  5.86605  5.51755
181  5.83234  5.47819
182  5.83757  5.47819
183  5.84681  5.47819
184  5.87664  5.47819
185  5.8528  5.47819
186  5.8466  5.47819
187  5.82587  5.47819
188  5.77922  5.47819
189  5.70115  5.47819
190  5.83061  5.47819
191  5.68458  5.47819
192  5.70905  5.47819
193  5.75763  5.47819
194  5.76225  5.47819
195  5.75631  5.44174
196  5.72817  5.44174
197  5.69988  5.44174
198  5.73233  5.44174
199  5.67019  5.44174
200  5.73483  5.44174
201  5.73212  5.44174
202  5.80805  5.44174
203  5.74775  5.47467
204  5.74229  5.47467
205  5.78433  5.47238
206  5.78883  5.47238
207  5.8036  5.47238
208  5.68147  5.47238
209  5.78786  5.33584
210  5.62294  5.18265
211  5.4964  4.97329
212  5.18608  4.97329
213  5.18428  4.97329
214  4.97449  4.97329
215  4.97329  4.97329
216  4.97569  4.97329
217  4.97449  4.97329
218  4.97329  4.44996
219  4.97329  4.44996
220  4.92727  4.44996
221  4.87517  4.44996
222  4.88677  4.44996
223  4.9055  4.44996
224  4.80024  4.44996
225  4.85406  4.44996
226  4.88677  4.44996
227  4.91948  4.44996
228  4.87517  4.44996
229  4.87551  4.44996
230  4.81044  4.44996
231  4.81079  4.44996
232  4.74503  4.44996
233  4.79678  4.44996
234  4.78285  4.44996
235  4.75214  4.44996
236  4.68672  4.44996
237  4.80975  4.44996
238  4.75179  4.44996
239  4.8659  4.44996
240  4.77024  4.44996
241  4.74434  4.44996
242  4.71197  4.44996
243  4.67619  4.44996
244  4.65425  4.44996
245  4.63539  4.44996
246  4.68969  4.44996
247  4.6135  4.44996
248  4.78781  4.44996
249  4.73095  4.43935
250  4.62336  4.43935
251  4.65212  4.43935
252  4.67536  4.43935
253  4.67465  4.43935
254  4.67364  4.43935
255  4.67594  4.43935
256  4.61218  4.43935
257  4.60738  4.43935
258  4.57861  4.43935
259  4.66809  4.44996
260  4.54057  4.39294
261  4.5203  4.39294
262  4.52189  4.39294
263  4.57663  4.43887
264  4.55886  4.44996
265  4.57011  4.44996
266  4.67663  4.44996
267  4.6681  4.44996
268  4.53354  4.44645
269  4.54769  4.44996
270  4.60246  4.44996
271  4.5803  4.44996
272  4.61345  4.4316
273  4.55836  4.44996
274  4.51394  4.44996
275  4.58074  4.44996
276  4.58109  4.44996
277  4.63435  4.44996
278  4.54423  4.44996
279  4.53664  4.31981
280  4.53692  4.31981
281  4.57165  4.31981
282  4.6465  4.31981
283  4.59532  4.31981
284  4.57169  4.32051
285  4.51322  4.32051
286  4.51461  4.32051
287  4.59409  4.16253
288  4.50218  4.16253
289  4.60258  4.16253
290  4.5318  4.16253
291  4.53437  4.31981
292  4.59472  4.31981
293  4.52532  4.31981
294  4.5253  4.31981
295  4.51774  4.31981
296  4.55569  4.31981
297  4.56926  4.31981
298  4.57386  4.31981
299  4.56975  4.31981
300  4.53445  4.31981
301  4.56999  4.31981
302  4.51889  4.31981
303  4.4503  3.88907
304  4.41198  3.88907
305  4.26713  3.88907
306  4.06738  3.88907
307  3.88907  3.88907
308  3.86566  3.52339
309  3.84245  3.52339
310  3.83604  3.52339
311  3.82956  3.52339
312  3.84668  3.52339
313  3.85107  3.52339
314  3.81885  3.52339
315  3.80629  3.50814
316  3.8175  3.50814
317  3.82749  3.52339
318  3.83136  3.52339
319  3.82356  3.52339
320  3.87466  3.52339
321  3.88019  3.67923
322  3.86359  3.58688
323  3.87809  3.52339
324  3.83356  3.50814
325  3.83491  3.50814
326  3.86017  3.50814
327  3.80403  3.50814
328  3.85907  3.52339
329  3.88192  3.52339
330  3.84676  3.50814
331  3.83541  3.50814
332  3.79569  3.50814
333  3.78779  3.50814
334  3.76664  3.50814
335  3.75186  3.50814
336  3.68076  3.50814
337  3.68161  3.50814
338  3.71624  3.50814
339  3.7201  3.50814
340  3.70046  3.50814
341  3.67069  3.50814
342  3.6056  3.50814
343  3.74536  3.50814
344  3.63974  3.50814
345  3.62952  3.50814
346  3.65533  3.50814
347  3.62797  3.50814
348  3.66567  3.50814
349  3.70453  3.50814
350  3.62702  3.50814
351  3.75426  3.50814
352  3.62916  3.50814
353  3.62045  3.50814
354  3.68119  3.50814
355  3.69391  3.50814
356  3.62802  3.50814
357  3.68155  3.50814
358  3.67934  3.26883
359  3.62085  3.26883
360  3.66362  3.50814
361  3.67832  3.50814
362  3.76542  3.50814
363  3.68181  3.50814
364  3.68424  3.50814
365  3.68205  3.50814
366  3.70553  3.50814
367  3.66983  3.4201
368  3.6527  3.43534
369  3.65436  3.32017
370  3.69957  3.4724
371  3.77822  3.4724
372  3.63139  3.48765
373  3.73608  3.48765
374  3.68291  3.48765
375  3.73714  3.48765
376  3.75344  3.48765
377  3.67386  3.41538
378  3.67193  3.41538
379  3.72592  3.45112
380  3.71499  3.45112
381  3.74915  3.45112
382  3.74605  3.26315
383  3.69385  3.40331
384  3.7071  3.32017
385  3.58128  3.32017
386  3.58956  3.38806
387  3.65233  3.38806
388  3.61511  3.38806
389  3.53055  3.38806
390  3.68713  3.31953
391  3.6101  3.31953
392  3.55358  2.86227
393  3.55589  2.86227
394  3.33052  2.86227
395  2.89465  2.86227
396  2.88753  2.86227
397  2.89853  2.86227
398  2.89479  2.86227
399  2.8901  2.86227
400  2.89298  2.86227
401  2.87747  2.86227
402  2.87503  2.84927
403  2.86836  2.84927
404  2.8702  2.83996
405  2.86936  2.83996
406  2.86084  2.83996
407  2.87653  2.83996
408  2.87602  2.83996
409  2.86919  2.83996
410  2.86142  2.83996
411  2.86421  2.84927
412  2.86061  2.84927
413  2.87279  2.83996
414  2.87069  2.83996
415  2.87685  2.84927
416  2.88462  2.84927
417  2.87279  2.84927
418  2.88543  2.84927
419  2.87426  2.86227
420  2.87935  2.86227
421  2.87004  2.86227
422  2.87296  2.86227
423  2.87391  2.86227
424  2.87035  2.86227
425  2.87035  2.86227
426  2.86678  2.86227
427  2.86939  2.86227
428  2.87652  2.86227
429  2.87296  2.86227
430  2.87296  2.86227
431  2.86939  2.86227
432  2.87261  2.85674
433  2.87385  2.85674
434  2.87346  2.85674
435  2.86861  2.85674
436  2.8738  2.85674
437  2.8679  2.76234
438  2.86668  2.76234
439  2.8642  2.85674
440  2.86514  2.85674
441  2.86548  2.85674
442  2.86192  2.85674
443  2.86192  2.85674
444  2.86192  2.85674
445  2.86192  2.85674
446  2.86963  2.85674
447  2.86227  2.86227
448  2.86192  2.85674
449  2.86963  2.86227
450  2.86583  2.86227
451  2.86227  2.86227
452  2.8642  2.86227
453  2.86772  2.85118
454  2.86227  2.86227
455  2.86227  2.86227
456  2.86547  2.86227
457  2.86904  2.86227
458  2.86227  2.86227
459  2.86227  2.86227
460  2.86227  2.86227
461  2.86227  2.85113
462  2.86824  2.85113
463  2.87099  2.83996
464  2.87606  2.85113
465  2.86157  2.62469
466  2.87087  2.76234
467  2.8858  2.85113
468  2.87854  2.85113
469  2.88209  2.83996
470  2.87412  2.83996
471  2.86944  2.85118
472  2.86638  2.85118
473  2.86519  2.85118
474  2.87587  2.85118
475  2.87018  2.85118
476  2.86019  2.85118
477  2.87215  2.85118
478  2.88931  2.85118
479  2.88159  2.85118
480  2.86755  2.85118
481  2.89702  2.85118
482  2.88159  2.85118
483  2.90967  2.85118
484  2.903  2.85118
485  2.90583  2.85118
486  2.92274  2.85118
487  2.94512  2.85118
488  2.93983  2.85118
489  2.93957  2.85118
490  2.94058  2.85118
491  2.93232  2.85118
492  2.93316  2.85118
493  2.93775  2.85118
494  2.94058  2.85118
495  2.93005  2.85118
496  2.93391  2.85118
497  2.93564  2.85118
498  2.93812  2.85118
499  2.94197  2.85118
500  2.94581  2.85118
501  2.96615  2.85118
502  2.95424  2.85118
503  2.93176  2.85118
504  2.94965  2.85118
505  2.92371  2.85118
506  2.94336  2.85118
507  2.93949  2.85118
508  2.93882  2.85118
509  2.95071  2.85118
510  2.94176  2.85118
511  2.92793  2.85118
512  2.94968  2.85118
513  2.93202  2.85118
514  2.93425  2.85118
515  2.90602  2.85118
516  2.94369  2.85118
517  2.94577  2.85118
518  2.91211  2.85118
519  2.91156  2.85118
520  2.93064  2.85118
521  2.92753  2.85118
522  2.94949  2.85118
523  2.91914  2.86227
524  2.90124  2.85118
525  2.93792  2.85118
526  2.93723  2.86227
527  2.93846  2.75866
528  2.94463  2.86227
529  2.93742  2.86227
530  2.91824  2.86227
531  2.90707  2.85118
532  2.91655  2.85118
533  2.92585  2.85113
534  2.93792  2.84565
535  2.92195  2.85113
536  2.93337  2.85113
537  2.9041  2.85118
538  2.90832  2.85118
539  2.89008  2.85118
540  2.90076  2.85118
541  2.88947  2.85118
542  2.88918  2.85118
543  2.90742  2.85118
544  2.90798  2.85118
545  2.90727  2.85118
546  2.89517  2.85118
547  2.89046  2.85118
548  2.88649  2.64449
549  2.91078  2.64449
550  2.88641  2.78214
551  2.91119  2.78214
552  2.88461  2.61756
553  2.88743  2.61756
554  2.90604  2.61756
555  2.90211  2.61756
556  2.8836  2.61756
557  2.88939  2.85118
558  2.88083  2.85118
559  2.89144  2.85118
560  2.89263  2.85118
561  2.899  2.85118
562  2.91018  2.85118
563  2.89088  2.85118
564  2.89958  2.85118
565  2.90307  2.85118
566  2.8945  2.85118
567  2.89882  2.85118
568  2.90195  2.85118
569  2.89828  2.85118
570  2.89942  2.85118
571  2.90376  2.85118
572  2.89144  2.85118
573  2.90879  2.85118
574  2.91109  2.85118
575  2.89208  2.85118
576  2.89441  2.85118
577  2.90679  2.85118
578  2.90524  2.85118
579  2.90367  2.85118
580  2.9049  2.85118
581  2.90273  2.85118
582  2.89129  2.85118
583  2.89507  2.85118
584  2.8898  2.85118
585  2.88549  2.85118
586  2.88311  2.85118
587  2.88723  2.85118
588  2.87836  2.85118
589  2.87441  2.85118
590  2.88031  2.84932
591  2.87836  2.84932
592  2.8901  2.85118
593  2.89314  2.85118
594  2.89672  2.85118
595  2.8918  2.85118
596  2.89131  2.85118
597  2.88915  2.85118
598  2.91005  2.85118
599  2.89776  2.85118
600  2.90396  2.85118
601  2.8831  2.85118
602  2.89083  2.85118
603  2.88861  2.85118
604  2.8911  2.85118
605  2.88751  2.85118
606  2.8932  2.85118
607  2.88777  2.85118
608  2.89138  2.85118
609  2.88679  2.85118
610  2.88297  2.85118
611  2.88465  2.53855
612  2.88658  2.85118
613  2.89163  2.85118
614  2.89529  2.87085
615  2.89374  2.87085
616  2.89181  2.87023
617  2.88869  2.87023
618  2.89278  2.87023
619  2.88942  2.88207
620  2.88942  2.86643
621  2.89398  2.88207
622  2.89517  2.88207
623  2.89029  2.88207
624  2.89965  2.88207
625  2.90293  2.88207
626  2.89886  2.87023
627  2.90268  2.87023
628  2.90769  2.87023
629  2.91711  2.87023
630  2.90525  2.87023
631  2.90546  2.85118
632  2.89629  2.5844
633  2.90767  2.5844
634  2.92156  2.85118
635  2.90267  2.85118
636  2.90628  2.87023
637  2.90659  2.87023
638  2.91002  2.85118
639  2.91282  2.87023
640  2.90818  2.85118
641  2.91217  2.85118
642  2.9135  2.85118
643  2.90606  2.87023
644  2.90703  2.85118
645  2.91013  2.87023
646  2.91708  2.87023
647  2.90791  2.87023
648  2.91174  2.87023
649  2.92126  2.87023
650  2.92761  2.87023
651  2.92785  2.88207
652  2.93547  2.88132
653  2.94642  2.86227
654  2.9485  2.87023
655  2.93742  2.86813
656  2.93779  2.86813
657  2.92894  2.87023
658  2.93716  2.87023
659  2.93732  2.87023
660  2.91672  2.8012
661  2.91737  2.68148
662  2.9311  2.90112
663  2.93252  2.90112
664  2.94714  2.90112
665  2.95132  2.90112
666  2.96387  2.90112
667  2.95969  2.90112
668  2.96805  2.90112
669  2.95969  2.90112
670  2.94714  2.90112
671  2.95969  2.90112
672  2.9555  2.90112
673  2.94295  2.90112
674  2.94295  2.90112
675  2.94295  2.90112
676  2.95132  2.90112
677  2.95946  2.90112
678  2.95132  2.90112
679  2.93877  2.90112
680  2.95599  2.90112
681  2.94762  2.90112
682  2.95229  2.90112
683  2.96065  2.90112
684  2.96017  2.86813
685  2.96387  2.90112
686  2.95794  2.87322
687  2.95715  2.87322
688  2.95297  2.87322
689  2.94609  2.87322
690  2.9555  2.80629
691  2.95646  2.87322
692  2.94609  2.87322
693  2.95027  2.87322
694  2.94974  2.87322
695  2.94799  2.87322
696  2.95906  2.87322
697  2.95583  2.87322
698  2.95027  2.87322
699  2.95848  2.87322
700  2.95027  2.87322
701  2.92159  2.87322
702  2.92064  2.87322
703  2.95811  2.87322
704  2.96366  2.86726
705  2.94115  2.86726
706  2.94876  2.85502
707  2.9562  2.87322
708  2.96607  2.87322
709  2.96138  2.73048
710  2.95834  2.87322
711  2.96708  2.87322
712  2.9657  2.90745
713  2.9585  2.90745
714  2.9586  2.90112
715  2.96106  2.90112
716  2.95251  2.90112
717  2.94302  2.90112
718  2.95864  2.90745
719  2.9652  2.89575
720  2.96447  2.89575
721  2.95497  2.89575
722  2.95702  2.89575
723  2.96316  2.90559
724  2.95296  2.89575
725  2.96387  2.90745
726  2.95768  2.90745
727  2.96187  2.86813
728  2.96054  2.90745
729  2.96054  2.90745
730  2.96584  2.90745
731  2.94992  2.90112
732  2.94474  2.89869
733  2.95666  2.90745
734  2.94901  2.87656
735  2.96524  2.90745
736  2.95578  2.90745
737  2.95305  2.87656
738  2.97116  2.90745
739  2.96663  2.90745
740  2.96256  2.90745
741  2.96157  2.86813
742  2.9521  2.86813
743  2.95198  2.86217
744  2.95626  2.86813
745  2.95995  2.90267
746  2.95728  2.90745
747  2.95064  2.90745
748  2.93748  2.86813
749  2.94491  2.83363
750  2.94207  2.83363
751  2.93286  2.73048
752  2.93335  2.83128
753  2.95126  2.83128
754  2.94312  2.80753
755  2.92707  2.80753
756  2.93381  2.80753
757  2.95933  2.90745
758  2.95578  2.93355
759  2.96225  2.93355
760  2.95794  2.93355
761  2.95852  2.93355
762  2.96504  2.93355
763  2.9623  2.93355
764  2.95765  2.9082
765  2.95737  2.9082
766  2.95779  2.9082
767  2.95752  2.93355
768  2.9593  2.93355
769  2.95723  2.93909
770  2.95376  2.93909
771  2.95499  2.93909
772  2.95604  2.93909
773  2.95437  2.93909
774  2.95847  2.93909
775  2.95137  2.93355
776  2.9545  2.93355
777  2.95631  2.93355
778  2.95054  2.93355
779  2.94861  2.93355
780  2.94631  2.93355
781  2.94547  2.57651
782  2.95109  2.93909
783  2.9445  2.93909
784  2.94898  2.93909
785  2.95079  2.93723
786  2.95246  2.93723
787  2.95534  2.93909
788  2.94917  2.93909
789  2.95002  2.93909
790  2.95214  2.93909
791  2.94747  2.93909
792  2.95033  2.93909
793  2.94938  2.93909
794  2.95109  2.93909
795  2.95193  2.93909
796  2.95557  2.93909
797  2.95652  2.93909
798  2.95641  2.93909
799  2.95822  2.93909
800  2.95174  2.9082
801  2.95351  2.93909
802  2.95534  2.93909
803  2.95341  2.93723
804  2.95149  2.93723
805  2.96051  2.93723
806  2.95296  2.92345
807  2.95795  2.93723
808  2.95583  2.93723
809  2.95072  2.93723
810  2.95511  2.93723
811  2.94925  2.91295
812  2.95643  2.91295
813  2.94806  2.8977
814  2.9422  2.8977
815  2.94226  2.8977
816  2.93288  2.88207
817  2.92711  2.89585
818  2.92262  2.88207
819  2.92433  2.88207
820  2.92251  2.88207
821  2.91849  2.83398
822  2.91661  2.88207
823  2.92238  2.88207
824  2.90498  2.88207
825  2.90328  2.87848
826  2.89835  2.88207
827  2.90881  2.88207
828  2.90641  2.88207
829  2.91586  2.88207
830  2.92738  2.88207
831  2.92347  2.89585
832  2.93973  2.89585
833  2.91275  2.88207
834  2.92234  2.87848
835  2.91293  2.87848
836  2.91719  2.87848
837  2.917  2.87848
838  2.92228  2.88021
839  2.91782  2.88021
840  2.91613  2.87848
841  2.9146  2.84425
842  2.92  2.84425
843  2.91317  2.84425
844  2.9175  2.84425
845  2.9145  2.84425
846  2.91899  2.87848
847  2.92273  2.87848
848  2.9192  2.87848
849  2.91152  2.87848
850  2.91079  2.87848
851  2.90975  2.87848
852  2.91073  2.87848
853  2.91609  2.87848
854  2.9114  2.87848
855  2.91626  2.87848
856  2.9084  2.87848
857  2.91373  2.87848
858  2.92006  2.87848
859  2.91398  2.87848
860  2.90563  2.82294
861  2.90548  2.82294
862  2.9114  2.82294
863  2.89995  2.80769
864  2.9051  2.80769
865  2.89538  2.80769
866  2.9021  2.79739
867  2.89713  2.79739
868  2.8991  2.80769
869  2.89595  2.79778
870  2.88682  2.77856
871  2.89633  2.80769
872  2.88669  2.80769
873  2.89008  2.77856
874  2.90455  2.77856
875  2.8924  2.77856
876  2.89116  2.77856
877  2.90485  2.77856
878  2.88578  2.80769
879  2.89703  2.80769
880  2.89079  2.80769
881  2.89141  2.80769
882  2.89141  2.79778
883  2.88988  2.79778
884  2.88268  2.79778
885  2.89145  2.79778
886  2.8953  2.79778
887  2.88206  2.79778
888  2.88144  2.79778
889  2.88769  2.79778
890  2.88306  2.79778
891  2.9018  2.79778
892  2.88948  2.79778
893  2.87644  2.79778
894  2.8676  2.66013
895  2.89427  2.79778
896  2.8838  2.79778
897  2.86929  2.79778
898  2.87644  2.79778
899  2.8833  2.79778
900  2.89684  2.79778
901  2.87582  2.79778
902  2.87488  2.79778
903  2.88175  2.79778
904  2.86771  2.78656
905  2.87011  2.78656
906  2.87401  2.78656
907  2.89141  2.66013
908  2.88527  2.79778
909  2.88319  2.79778
910  2.86957  2.79778
911  2.87582  2.79778
912  2.89613  2.79778
913  2.8932  2.79778
914  2.8879  2.79778
915  2.88707  2.79778
916  2.88082  2.79778
917  2.89146  2.79778
918  2.89832  2.79778
919  2.89241  2.79778
920  2.90018  2.79778
921  2.88707  2.79778
922  2.87959  2.79778
923  2.89208  2.79778
924  2.89157  2.79778
925  2.89095  2.79778
926  2.88854  2.79778
927  2.91223  2.79778
928  2.90722  2.79778
929  2.89067  2.79778
930  2.87897  2.79778
931  2.87959  2.79778
932  2.89108  2.79778
933  2.90124  2.79778
934  2.88645  2.79778
935  2.90375  2.79778
936  2.90419  2.79778
937  2.90079  2.8977
938  2.90142  2.8977
939  2.90204  2.8977
940  2.90142  2.8977
941  2.9008  2.8977
942  2.91166  2.8977
943  2.90808  2.8977
944  2.9087  2.8977
945  2.90746  2.8977
946  2.90964  2.8977
947  2.90902  2.8977
948  2.90452  2.8977
949  2.90514  2.8977
950  2.90443  2.8964
951  2.90932  2.8964
952  2.91416  2.8977
953  2.9087  2.8977
954  2.90514  2.8977
955  2.90637  2.8977
956  2.91158  2.87673
957  2.90665  2.8977
958  2.91281  2.87673
959  2.91893  2.87673
960  2.91055  2.80769
961  2.9122  2.87673
962  2.92312  2.87673
963  2.92312  2.8977
964  2.91413  2.8977
965  2.91165  2.8964
966  2.90962  2.8977
967  2.92358  2.8977
968  2.92027  2.8977
969  2.917  2.8977
970  2.91964  2.66013
971  2.91235  2.8977
972  2.92546  2.8977
973  2.93816  2.8977
974  2.9292  2.8977
975  2.94147  2.8977
976  2.93056  2.8977
977  2.9305  2.8977
978  2.92055  2.8977
979  2.91597  2.8977
980  2.94051  2.8977
981  2.95299  2.80753
982  2.94209  2.8977
983  2.9454  2.8977
984  2.9121  2.8977
985  2.91277  2.8977
986  2.92592  2.8977
987  2.92591  2.8977
988  2.92871  2.8977
989  2.91529  2.8977
990  2.91468  2.85892
991  2.9185  2.85892
992  2.91597  2.8977
993  2.92845  2.8977
994  2.9236  2.8977
995  2.92389  2.8977
996  2.92196  2.87673
997  2.91688  2.90761
998  2.91463  2.90761
999  2.91497  2.90761
1000  2.92917  2.90761
1001  2.92008  2.90761
1002  2.91974  2.8977
1003  2.93451  2.8977
1004  2.91783  2.8977
1005  2.92328  2.8977
1006  2.92008  2.90761
1007  2.90748  2.67004
1008  2.91367  2.90761
1009  2.91497  2.90576
1010  2.91402  2.90761
1011  2.91427  2.8964
1012  2.93193  2.90761
1013  2.91817  2.90761
1014  2.92743  2.90761
1015  2.92008  2.90761
1016  2.92103  2.90761
1017  2.92553  2.90761
1018  2.92519  2.90761
1019  2.92362  2.90761
1020  2.92682  2.90761
1021  2.93003  2.90761
1022  2.91722  2.90761
1023  2.91722  2.90761
1024  2.91402  2.90761
1025  2.91722  2.90761
1026  2.90761  2.90761
1027  2.91279  2.90761
1028  2.90169  2.81278
1029  2.90169  2.80769
1030  2.89576  2.81278
1031  2.90169  2.81278
1032  2.9041  2.81278
1033  2.90169  2.81278
1034  2.90761  2.81278
1035  2.90264  2.81278
1036  2.90761  2.90761
1037  2.90761  2.90149
1038  2.90761  2.67004
1039  2.90761  2.67004
1040  2.88901  2.60995
1041  2.88901  2.60995
1042  2.90761  2.60995
1043  2.86848  2.60995
1044  2.88901  2.60995
1045  2.89192  2.60995
1046  2.88901  2.60995
1047  2.89289  2.60995
1048  2.88445  2.59873
1049  2.88936  2.59873
1050  2.85071  2.59873
1051  2.8416  2.59873
1052  2.84731  2.57907
1053  2.84288  2.57907
1054  2.91331  2.57907
1055  2.88623  2.57907
1056  2.89975  2.60995
1057  2.88315  2.60995
1058  2.9114  2.60995
1059  2.92618  2.60995
1060  2.93168  2.80769
1061  2.94857  2.80769
1062  2.91672  2.80583
1063  2.93674  2.60995
1064  2.93731  2.80583
1065  2.94348  2.89575
1066  2.92873  2.85918
1067  2.94024  2.85918
1068  2.94595  2.90761
1069  2.93789  2.90761
1070  2.93906  2.90761
1071  2.94126  2.90761
1072  2.95168  2.89575
1073  2.94983  2.90761
1074  2.95397  2.90761
1075  2.96465  2.90761
1076  2.95561  2.90761
1077  2.9645  2.90761
1078  2.95641  2.74918
1079  2.96776  2.90761
1080  2.96711  2.90761
1081  2.97004  2.94837
1082  2.96936  2.94837
1083  2.96661  2.94837
1084  2.97752  2.94837
1085  2.97577  2.94837
1086  2.97015  2.94837
1087  2.96778  2.94837
1088  2.96336  2.95022
1089  2.9616  2.95022
1090  2.95673  2.95022
1091  2.97185  2.95022
1092  2.965  2.95022
1093  2.95977  2.93901
1094  2.96555  2.94837
1095  2.95634  2.93901
1096  2.96105  2.94788
1097  2.95991  2.95022
1098  2.96219  2.94031
1099  2.96617  2.94031
1100  2.96616  2.95022
1101  2.96576  2.95022
1102  2.97372  2.95022
1103  2.96172  2.95022
1104  2.96669  2.95022
1105  2.93149  2.456
1106  2.96327  2.95022
1107  2.96328  2.94788
1108  2.96845  2.94788
1109  2.96392  2.94788
1110  2.96296  2.94433
1111  2.96275  2.94433
1112  2.96701  2.94433
1113  2.96443  2.94788
1114  2.966  2.94788
1115  2.96383  2.94611
1116  2.96463  2.94788
1117  2.96409  2.94788
1118  2.96227  2.94788
1119  2.96236  2.94788
1120  2.95976  2.94788
1121  2.9632  2.95725
1122  2.96519  2.95725
1123  2.96519  2.95725
1124  2.97157  2.94993
1125  2.97221  2.92636
1126  2.96914  2.9572
1127  2.96756  2.9572
1128  2.96799  2.9572
1129  2.96715  2.9572
1130  2.9677  2.9572
1131  2.97053  2.95725
1132  2.96603  2.95725
1133  2.96611  2.94611
1134  2.96866  2.9572
1135  2.9673  2.9572
1136  2.96583  2.9572
1137  2.96874  2.95725
1138  2.96516  2.95725
1139  2.96397  2.94788
1140  2.9629  2.94788
1141  2.96859  2.94788
1142  2.96038  2.94611
1143  2.96403  2.94611
1144  2.96259  2.94247
1145  2.96461  2.94788
1146  2.96259  2.94788
1147  2.95947  2.94611
1148  2.9612  2.94611
1149  2.95874  2.94568
1150  2.95802  2.94568
1151  2.95877  2.94568
1152  2.95111  2.85732
1153  2.95443  2.85732
1154  2.95585  2.85732
1155  2.9573  2.92636
1156  2.95609  2.92636
1157  2.95727  2.94568
1158  2.95673  2.94568
1159  2.95962  2.94611
1160  2.9565  2.94611
1161  2.95797  2.94611
1162  2.957  2.95543
1163  2.95942  2.94568
1164  2.95786  2.95543
1165  2.95725  2.95682
1166  2.95725  2.95682
1167  2.95722  2.92636
1168  2.95524  2.92593
1169  2.95325  2.92593
1170  2.95722  2.95682
1171  2.95745  2.95682
1172  2.95747  2.94611
1173  2.95717  2.95682
1174  2.95722  2.95682
1175  2.95719  2.95682
1176  2.95714  2.95682
1177  2.95714  2.9317
1178  2.95714  2.95682
1179  2.95719  2.95682
1180  2.95717  2.95682
1181  2.95789  2.95682
1182  2.95789  2.95682
1183  2.95719  2.95682
1184  2.951  2.85732
1185  2.95095  2.85732
1186  2.93848  2.85732
1187  2.95097  2.85732
1188  2.93392  2.85732
1189  2.94039  2.85732
1190  2.93389  2.85732
1191  2.93487  2.85732
1192  2.95526  2.85732
1193  2.94086  2.85732
1194  2.95386  2.85732
1195  2.94476  2.85732
1196  2.95915  2.71967
1197  2.95725  2.71967
1198  2.95915  2.71967
1199  2.95291  2.71967
1200  2.95915  2.85732
1201  2.95386  2.85732
1202  2.94756  2.85732
1203  2.92697  2.85732
1204  2.94297  2.85732
1205  2.9638  2.85732
1206  2.95182  2.85732
1207  2.95162  2.85732
1208  2.95367  2.85689
1209  2.96064  2.85689
1210  2.95798  2.87214
1211  2.95362  2.85689
1212  2.95283  2.85689
1213  2.94748  2.85689
1214  2.96029  2.85689
1215  2.94886  2.85689
1216  2.96421  2.89963
1217  2.96087  2.73269
1218  2.96027  2.95682
1219  2.95994  2.95682
1220  2.96122  2.95682
1221  2.95896  2.95682
1222  2.95891  2.95682
1223  2.96182  2.95682
1224  2.96174  2.95682
1225  2.95883  2.95682
1226  2.96082  2.95682
1227  2.96185  2.95682
1228  2.96468  2.95682
1229  2.95904  2.95682
1230  2.96468  2.95682
1231  2.96468  2.95682
1232  2.96474  2.95682
1233  2.96648  2.95682
1234  2.96474  2.95682
1235  2.96182  2.95682
1236  2.96272  2.95682
1237  2.96084  2.95682
1238  2.96283  2.95682
1239  2.96005  2.95682
1240  2.95997  2.95682
1241  2.95992  2.95682
1242  2.9628  2.95682
1243  2.95904  2.95682
1244  2.9618  2.95682
1245  2.95897  2.94247
1246  2.95899  2.94247
1247  2.95717  2.94247
1248  2.95692  2.94247
1249  2.95415  2.94247
1250  2.95714  2.94247
1251  2.95538  2.71924
1252  2.95812  2.94247
1253  2.95815  2.94247
1254  2.95711  2.94247
1255  2.95624  2.94247
1256  2.95627  2.94247
1257  2.95711  2.94247
1258  2.95717  2.94247
1259  2.95529  2.94247
1260  2.95532  2.94247
1261  2.95627  2.71967
1262  2.95717  2.94247
1263  2.95717  2.94247
1264  2.95652  2.94247
1265  2.95529  2.94247
1266  2.95714  2.94247
1267  2.95753  2.95682
1268  2.95714  2.95682
1269  2.95742  2.95682
1270  2.95706  2.95682
1271  2.95703  2.95682
1272  2.95711  2.95682
1273  2.95644  2.94611
1274  2.9565  2.94611
1275  2.95642  2.92593
1276  2.95714  2.92593
1277  2.95717  2.95682
1278  2.95717  2.95682
1279  2.9575  2.94356
1280  2.9578  2.94356
1281  2.95743  2.92636
1282  2.95454  2.8998
1283  2.95306  2.8998
1284  2.94974  2.8998
1285  2.95416  2.8998
1286  2.95186  2.8998
1287  2.95448  2.8998
1288  2.95565  2.8998
1289  2.95551  2.8998
1290  2.94434  2.8998
1291  2.94857  2.8998
1292  2.95125  2.8998
1293  2.95485  2.8998
1294  2.94716  2.8998
1295  2.95402  2.8998
1296  2.9515  2.8998
1297  2.95482  2.8998
1298  2.9511  2.8998
1299  2.9519  2.8998
1300  2.95149  2.8998
1301  2.95025  2.8998
1302  2.95337  2.8998
1303  2.94671  2.8998
1304  2.9516  2.88866
1305  2.95761  2.8998
1306  2.95213  2.85732
1307  2.95407  2.8998
1308  2.95634  2.8998
1309  2.95887  2.93568
1310  2.95835  2.92593
1311  2.95703  2.92593
1312  2.95314  2.92593
1313  2.95776  2.92593
1314  2.95134  2.85732
1315  2.95114  2.85732
1316  2.95801  2.85732
1317  2.95207  2.85732
1318  2.94472  2.85732
1319  2.94438  2.85732
1320  2.92728  2.85732
1321  2.91885  2.85689
1322  2.92641  2.85689
1323  2.93131  2.85689
1324  2.93068  2.826
1325  2.92499  2.826
1326  2.93118  2.826
1327  2.92686  2.826
1328  2.9293  2.85689
1329  2.93705  2.85689
1330  2.93252  2.85689
1331  2.93345  2.85689
1332  2.93935  2.85689
1333  2.95049  2.85689
1334  2.94512  2.85689
1335  2.93827  2.85689
1336  2.93832  2.85732
1337  2.9384  2.85732
1338  2.93617  2.84844
1339  2.93926  2.84844
1340  2.9362  2.84844
1341  2.92373  2.83177
1342  2.91535  2.83177
1343  2.8989  2.83177
1344  2.92697  2.83177
1345  2.93213  2.83177
1346  2.90653  2.79987
1347  2.91112  2.79987
1348  2.92723  2.83767
1349  2.93137  2.83767
1350  2.92948  2.85689
1351  2.91924  2.85689
1352  2.91721  2.85689
1353  2.92011  2.85689
1354  2.91334  2.8555
1355  2.91888  2.8555
1356  2.93626  2.85689
1357  2.92138  2.83177
1358  2.9298  2.83177
1359  2.91511  2.83177
1360  2.93489  2.83177
1361  2.92356  2.83177
1362  2.9219  2.83177
1363  2.92393  2.83177
1364  2.90831  2.83177
1365  2.9369  2.83177
1366  2.92321  2.83177
1367  2.94176  2.83177
1368  2.93707  2.85732
1369  2.93723  2.85732
1370  2.9339  2.86664
1371  2.93229  2.83767
1372  2.91732  2.83767
1373  2.93126  2.83767
1374  2.93099  2.83767
1375  2.92973  2.83767
1376  2.94173  2.83767
1377  2.92532  2.83767
1378  2.9057  2.83767
1379  2.91078  2.85732
1380  2.91771  2.85732
1381  2.92502  2.85732
1382  2.91078  2.85732
1383  2.88072  2.85732
1384  2.88754  2.85732
1385  2.89887  2.83575
1386  2.89204  2.83575
1387  2.8858  2.85732
1388  2.90004  2.85732
1389  2.88743  2.61975
1390  2.9005  2.8555
1391  2.89217  2.8555
1392  2.88662  2.8555
1393  2.90655  2.8555
1394  2.89173  2.8555
1395  2.89155  2.83767
1396  2.90912  2.83767
1397  2.90338  2.83767
1398  2.93197  2.83141
1399  2.90912  2.83767
1400  2.91827  2.83767
1401  2.91655  2.83767
1402  2.93816  2.83767
1403  2.91097  2.83767
1404  2.92658  2.83767
1405  2.91618  2.83767
1406  2.92497  2.83767
1407  2.91712  2.83767
1408  2.9415  2.8229
1409  2.92662  2.83767
1410  2.90266  2.8229
1411  2.93213  2.8229
1412  2.91973  2.8229
1413  2.92116  2.8229
1414  2.9122  2.8229
1415  2.87945  2.8229
1416  2.89078  2.8229
1417  2.90348  2.8229
1418  2.90826  2.8229
1419  2.90595  2.8229
1420  2.88529  2.8229
1421  2.88619  2.8229
1422  2.88933  2.8229
1423  2.89295  2.8229
1424  2.88318  2.8229
1425  2.86956  2.8229
1426  2.89689  2.8229
1427  2.88963  2.79987
1428  2.89667  2.79987
1429  2.9025  2.79987
1430  2.90631  2.79987
1431  2.89416  2.79987
1432  2.89975  2.85732
1433  2.88747  2.85732
1434  2.90373  2.85732
1435  2.90094  2.85732
1436  2.89446  2.85732
1437  2.9141  2.85732
1438  2.92078  2.85732
1439  2.90114  2.85732
1440  2.88002  2.85732
1441  2.88606  2.83767
1442  2.88903  2.85732
1443  2.88235  2.85732
1444  2.90532  2.85732
1445  2.88962  2.85732
1446  2.89747  2.85732
1447  2.88543  2.79971
1448  2.91318  2.79971
1449  2.90114  2.79971
1450  2.88239  2.79971
1451  2.87391  2.79971
1452  2.88103  2.79971
1453  2.89307  2.79971
1454  2.88683  2.79971
1455  2.87555  2.83767
1456  2.90415  2.83767
1457  2.90657  2.83767
1458  2.89062  2.83767
1459  2.92983  2.83767
1460  2.91217  2.85732
1461  2.91151  2.83177
1462  2.91561  2.8555
1463  2.90996  2.8555
1464  2.90264  2.85732
1465  2.91391  2.85732
1466  2.91327  2.85732
1467  2.90336  2.85732
1468  2.90832  2.86664
1469  2.91565  2.86664
1470  2.89702  2.86664
1471  2.90893  2.86664
1472  2.90301  2.86664
1473  2.91399  2.86664
1474  2.9188  2.86664
1475  2.92965  2.86664
1476  2.9073  2.86664
1477  2.88577  2.86664
1478  2.91063  2.86664
1479  2.8975  2.83575
1480  2.91863  2.83575
1481  2.90076  2.83575
1482  2.88058  2.83575
1483  2.90256  2.83575
1484  2.88058  2.83575
1485  2.90905  2.83575
1486  2.88476  2.83575
1487  2.92589  2.83575
1488  2.93804  2.83575
1489  2.90593  2.83575
1490  2.91098  2.82644
1491  2.91472  2.82644
1492  2.90289  2.83575
1493  2.88229  2.83575
1494  2.89463  2.83575
1495  2.89955  2.83767
1496  2.88196  2.83767
1497  2.88947  2.83767
1498  2.89182  2.83767
1499  2.88697  2.83767
1500  2.8926  2.83767
1501  2.88328  2.83767
1502  2.89271  2.85732
1503  2.88396  2.85732
1504  2.87761  2.85732
1505  2.87712  2.85732
1506  2.88437  2.85732
1507  2.88237  2.85732
1508  2.88647  2.85732
1509  2.88314  2.85732
1510  2.89014  2.85732
1511  2.88728  2.85732
1512  2.89293  2.85732
1513  2.87609  2.85732
1514  2.88624  2.85732
1515  2.88496  2.85732
1516  2.87954  2.85732
1517  2.88543  2.85732
1518  2.86617  2.85732
1519  2.8869  2.85918
1520  2.87515  2.84255
1521  2.87241  2.84255
1522  2.88382  2.84255
1523  2.88093  2.84255
1524  2.86985  2.84255
1525  2.87794  2.84255
1526  2.86654  2.84255
1527  2.87446  2.84255
1528  2.87226  2.84255
1529  2.87192  2.84255
1530  2.88323  2.70655
1531  2.86333  2.41337
1532  2.85941  2.33588
1533  2.88612  2.33588
1534  2.88359  2.33588
1535  2.88682  2.84255
1536  2.8794  2.84363
1537  2.89045  2.84363
1538  2.90639  2.84363
1539  2.90293  2.83767
1540  2.89759  2.84363
1541  2.91586  2.55854
1542  2.91393  2.55854
1543  2.78846  2.39036
1544  2.82216  2.33588
1545  2.75638  2.41337
1546  2.78872  2.48106
1547  2.77036  2.31288
1548  2.73808  2.31288
1549  2.7077  2.31288
1550  2.64977  2.33588
1551  2.64851  2.33588
1552  2.63158  2.33588
1553  2.60724  2.33588
1554  2.60457  2.34705
1555  2.58397  2.41337
1556  2.55599  2.48106
1557  2.54331  2.48106
1558  2.60295  2.48615
1559  2.5576  2.48106
1560  2.58307  2.48106
1561  2.56772  2.33588
1562  2.60943  2.33588
1563  2.57226  2.33588
1564  2.57316  2.33588
1565  2.53272  2.34468
1566  2.56141  2.33588
1567  2.60772  2.34468
1568  2.59615  2.34468
1569  2.6214  2.50407
1570  2.59969  2.50407
1571  2.60825  2.33588
1572  2.65625  2.50407
1573  2.61031  2.305
1574  2.57571  2.305
1575  2.594  2.47318
1576  2.61274  2.47318
1577  2.55596  2.47318
1578  2.58951  2.33588
1579  2.63712  2.47318
1580  2.57357  2.4826
1581  2.68249  2.47318
1582  2.62154  2.47318
1583  2.5903  2.44421
1584  2.64212  2.44421
1585  2.69963  2.44421
1586  2.59418  2.44421
1587  2.62788  2.48197
1588  2.67773  2.47318
1589  2.67918  2.47318
1590  2.70115  2.50407
1591  2.66186  2.48197
1592  2.74588  2.48197
1593  2.69435  2.48197
1594  2.72287  2.48197
1595  2.70469  2.48197
1596  2.64339  2.50407
1597  2.71811  2.50684
1598  2.71973  2.49805
1599  2.71571  2.50684
1600  2.6726  2.50407
1601  2.64462  2.50407
1602  2.65878  2.3812
1603  2.70282  2.54059
1604  2.73125  2.48197
1605  2.68032  2.48197
1606  2.70034  2.3812
1607  2.66153  2.3812
1608  2.74806  2.38628
1609  2.72255  2.48197
1610  2.76099  2.48197
1611  2.77229  2.48197
1612  2.75114  2.48197
1613  2.74149  2.48197
1614  2.69677  2.48197
1615  2.60159  2.48197
1616  2.70388  2.3812
1617  2.67498  2.3812
1618  2.75639  2.48197
1619  2.798  2.46908
1620  2.75205  2.42216
1621  2.7916  2.42216
1622  2.74038  2.42216
1623  2.77332  2.42216
1624  2.76948  2.42216
1625  2.77234  2.42216
1626  2.77444  2.48197
1627  2.77187  2.48197
1628  2.77156  2.51286
1629  2.729  2.51286
1630  2.7944  2.51286
1631  2.82454  2.51286
1632  2.83037  2.51286
1633  2.79356  2.51286
1634  2.81111  2.51286
1635  2.78064  2.51286
1636  2.84591  2.51286
1637  2.82838  2.70246
1638  2.83601  2.70246
1639  2.84242  2.64755
1640  2.80987  2.70246
1641  2.78981  2.70246
1642  2.80952  2.70246
1643  2.8272  2.62216
1644  2.81478  2.53427
1645  2.80696  2.53427
1646  2.82427  2.70246
1647  2.81864  2.70246
1648  2.81129  2.70246
1649  2.80845  2.70246
1650  2.82197  2.70246
1651  2.84549  2.70246
1652  2.82621  2.62216
1653  2.82369  2.62216
1654  2.80563  2.53427
1655  2.78218  2.53427
1656  2.7828  2.53427
1657  2.80764  2.63348
1658  2.80441  2.70246
1659  2.82064  2.70246
1660  2.83603  2.70246
1661  2.85314  2.70246
1662  2.858  2.70246
1663  2.85461  2.76737
1664  2.82652  2.61429
1665  2.80187  2.61429
1666  2.83487  2.54938
1667  2.80301  2.61429
1668  2.83975  2.61429
1669  2.82234  2.54938
1670  2.82298  2.54938
1671  2.83838  2.54938
1672  2.83579  2.61429
1673  2.85429  2.54938
1674  2.8139  2.61429
1675  2.76769  2.54938
1676  2.77888  2.54938
1677  2.80289  2.54938
1678  2.83223  2.54938
1679  2.77054  2.54938
1680  2.8005  2.54938
1681  2.78118  2.54938
1682  2.81534  2.52279
1683  2.76608  2.52279
1684  2.75762  2.54938
1685  2.81127  2.52279
1686  2.78801  2.52279
1687  2.80809  2.52279
1688  2.80822  2.52279
1689  2.75853  2.52279
1690  2.81858  2.46378
1691  2.77013  2.46378
1692  2.73347  2.46378
1693  2.71915  2.45788
1694  2.74608  2.45788
1695  2.81422  2.45788
1696  2.78459  2.53118
1697  2.84473  2.53118
1698  2.82838  2.54938
1699  2.77318  2.50684
1700  2.73069  2.52529
1701  2.71394  2.3812
1702  2.77774  2.3812
1703  2.79788  2.3812
1704  2.78495  2.3812
1705  2.74062  2.46378
1706  2.76522  2.54688
1707  2.75384  2.53118
1708  2.83194  2.53118
1709  2.77089  2.48197
1710  2.7955  2.48197
1711  2.79627  2.48197
1712  2.83162  2.53037
1713  2.84705  2.52529
1714  2.83142  2.53037
1715  2.74254  2.53037
1716  2.72051  2.52529
1717  2.78972  2.363
1718  2.77607  2.363
1719  2.75581  2.363
1720  2.76409  2.363
1721  2.76363  2.53118
1722  2.81678  2.53118
1723  2.78991  2.53118
1724  2.78839  2.53118
1725  2.69855  2.363
1726  2.71937  2.363
1727  2.69186  2.363
1728  2.69506  2.363
1729  2.72258  2.363
1730  2.80327  2.363
1731  2.73835  2.363
1732  2.74883  2.53118
1733  2.72631  2.363
1734  2.72978  2.363
1735  2.77218  2.363
1736  2.77882  2.50563
1737  2.79472  2.50563
1738  2.75926  2.5116
1739  2.78194  2.5116
1740  2.75542  2.5116
1741  2.7858  2.363
1742  2.70564  2.52239
1743  2.71528  2.52239
1744  2.74486  2.363
1745  2.71378  2.29559
1746  2.71151  2.29559
1747  2.73064  2.29559
1748  2.76942  2.47671
1749  2.77497  2.47671
1750  2.84498  2.47671
1751  2.79909  2.47671
1752  2.73041  2.363
1753  2.76776  2.453
1754  2.77313  2.453
1755  2.79622  2.40931
1756  2.81567  2.40931
1757  2.81066  2.40931
1758  2.7994  2.40931
1759  2.80396  2.40931
1760  2.80747  2.40931
1761  2.78959  2.40931
1762  2.7167  2.40931
1763  2.74594  2.39009
1764  2.77278  2.40931
1765  2.78235  2.40931
1766  2.77856  2.40931
1767  2.85075  2.40931
1768  2.77981  2.40931
1769  2.75442  2.40931
1770  2.80534  2.54938
1771  2.78962  2.53963
1772  2.79319  2.47671
1773  2.79171  2.47671
1774  2.71871  2.47671
1775  2.69799  2.47671
1776  2.72658  2.47671
1777  2.74834  2.46792
1778  2.81465  2.46792
1779  2.77553  2.46792
1780  2.77046  2.47671
1781  2.76564  2.47671
1782  2.79184  2.52637
1783  2.77643  2.52637
1784  2.78819  2.62979
1785  2.76214  2.5646
1786  2.75824  2.62979
1787  2.76766  2.62979
1788  2.79252  2.50311
1789  2.86841  2.50311
1790  2.84559  2.50311
1791  2.78135  2.50311
1792  2.81926  2.44205
1793  2.79185  2.47222
1794  2.76323  2.47222
1795  2.86073  2.50311
1796  2.82811  2.50311
1797  2.77856  2.50311
1798  2.71673  2.44019
1799  2.70196  2.44019
1800  2.83345  2.50311
1801  2.7959  2.50311
1802  2.86479  2.50311
1803  2.84177  2.50311
1804  2.84718  2.50311
1805  2.88843  2.50311
1806  2.9332  2.50311
1807  2.95538  2.77148
1808  2.9382  2.77148
1809  2.94522  2.69151
1810  2.91855  2.6376
1811  2.89375  2.6376
1812  2.87235  2.6376
1813  2.89908  2.6376
1814  2.88257  2.6376
1815  2.86209  2.6376
1816  2.82423  2.6376
1817  2.83687  2.6376
1818  2.84468  2.6376
1819  2.7961  2.50311
1820  2.76272  2.50311
1821  2.78235  2.44019
1822  2.81764  2.44019
1823  2.82522  2.44019
1824  2.78242  2.50354
1825  2.74289  2.50354
1826  2.75177  2.50354
1827  2.73345  2.47671
1828  2.69812  2.47671
1829  2.71045  2.53963
1830  2.75421  2.47671
1831  2.70454  2.47671
1832  2.7181  2.47671
1833  2.80082  2.47671
1834  2.81275  2.47671
1835  2.73451  2.47671
1836  2.69911  2.47671
1837  2.65979  2.47671
1838  2.67973  2.44019
1839  2.69777  2.44019
1840  2.68595  2.44019
1841  2.71629  2.44019
1842  2.63393  2.44019
1843  2.66105  2.47671
1844  2.65415  2.47671
1845  2.67734  2.46276
1846  2.6873  2.46276
1847  2.67191  2.46276
1848  2.67429  2.53963
1849  2.66551  2.47671
1850  2.71175  2.47671
1851  2.67276  2.47671
1852  2.67291  2.46941
1853  2.74686  2.47671
1854  2.70593  2.47671
1855  2.65402  2.47671
1856  2.67103  2.47671
1857  2.66587  2.47671
1858  2.65941  2.47671
1859  2.64787  2.47671
1860  2.69308  2.47671
1861  2.65031  2.47671
1862  2.66356  2.47671
1863  2.73901  2.46971
1864  2.65106  2.46062
1865  2.63893  2.46062
1866  2.76705  2.46062
1867  2.7108  2.47671
1868  2.68664  2.47671
1869  2.77296  2.47671
1870  2.75835  2.47671
1871  2.68408  2.47671
1872  2.66814  2.47671
1873  2.6658  2.53963
1874  2.69825  2.53963
1875  2.81817  2.53963
1876  2.84546  2.53963
1877  2.85245  2.53963
1878  2.73104  2.53963
1879  2.76172  2.53963
1880  2.83192  2.53963
1881  2.81754  2.53963
1882  2.8013  2.53963
1883  2.76997  2.45934
1884  2.76007  2.45934
1885  2.77167  2.53963
1886  2.82981  2.52469
1887  2.72956  2.52469
1888  2.77626  2.52469
1889  2.72495  2.52469
1890  2.80412  2.52469
1891  2.76426  2.53963
1892  2.79766  2.52469
1893  2.7241  2.53963
1894  2.74362  2.5806
1895  2.75132  2.5806
1896  2.88629  2.5806
1897  2.81094  2.5806
1898  2.83064  2.61258
1899  2.90776  2.61152
1900  2.88564  2.61152
1901  2.86745  2.61152
1902  2.90874  2.61152
1903  2.90052  2.61258
1904  2.88653  2.61258
1905  2.88369  2.61258
1906  2.95166  2.6376
1907  2.90128  2.62752
1908  2.91562  2.62266
1909  2.90162  2.6376
1910  2.92651  2.77995
1911  2.93703  2.88784
1912  2.93372  2.77995
1913  2.94673  2.88784
1914  2.9314  2.88642
1915  2.93631  2.88642
1916  2.92161  2.88642
1917  2.92838  2.88642
1918  2.94365  2.88642
1919  2.94365  2.88642
1920  2.947  2.87148
1921  2.92385  2.88642
1922  2.93663  2.88642
1923  2.93037  2.88642
1924  2.93318  2.88642
1925  2.92641  2.88642
1926  2.92385  2.88642
1927  2.9121  2.88642
1928  2.90112  2.88642
1929  2.91868  2.88642
1930  2.89492  2.88642
1931  2.8939  2.88642
1932  2.88949  2.8694
1933  2.91313  2.8694
1934  2.90904  2.88642
1935  2.90537  2.88642
1936  2.91006  2.88642
1937  2.90009  2.88642
1938  2.91415  2.88642
1939  2.90252  2.88642
1940  2.90252  2.88642
1941  2.91228  2.88642
1942  2.91573  2.88642
1943  2.91657  2.88642
1944  2.91474  2.88642
1945  2.92411  2.88642
1946  2.93242  2.87148
1947  2.937  2.87148
1948  2.90763  2.87148
1949  2.90259  2.88319
1950  2.90399  2.86683
1951  2.8954  2.8613
1952  2.89343  2.7346
1953  2.8855  2.84428
1954  2.89804  2.84428
1955  2.91134  2.84428
1956  2.90729  2.84428
1957  2.90224  2.84428
1958  2.9083  2.84428
1959  2.90839  2.84428
1960  2.89543  2.8613
1961  2.90406  2.8613
1962  2.89509  2.8613
1963  2.90399  2.8694
1964  2.90051  2.8613
1965  2.88053  2.8613
1966  2.90141  2.8613
1967  2.88942  2.8613
1968  2.90361  2.85509
1969  2.90683  2.8613
1970  2.89005  2.85509
1971  2.90555  2.8694
1972  2.89034  2.8613
1973  2.89018  2.84428
1974  2.88988  2.85509
1975  2.88536  2.84428
1976  2.88047  2.84428
1977  2.88962  2.85509
1978  2.88203  2.84428
1979  2.88231  2.84428
1980  2.87229  2.84428
1981  2.87038  2.84428
1982  2.87016  2.84428
1983  2.88251  2.84428
1984  2.88619  2.84428
1985  2.88935  2.84428
1986  2.89777  2.84428
1987  2.88794  2.84428
1988  2.88678  2.84428
1989  2.88694  2.79191
1990  2.88636  2.84428
1991  2.89355  2.84428
1992  2.89013  2.84428
1993  2.88387  2.85826
1994  2.89096  2.85826
1995  2.88913  2.84981
1996  2.88963  2.81238
1997  2.88344  2.85509
1998  2.89286  2.82997
1999  2.89134  2.82997
