                   1           -0.803504           -0.803504                   0
                   2            -0.80912           -0.806312            0.002808
                   3           -0.803008           -0.805211           0.0019599
                   4           -0.808376           -0.806002          0.00159588
                   5             -0.8002           -0.804842          0.00169547
                   6           -0.801752           -0.804327          0.00147701
                   7           -0.805544           -0.804501          0.00126036
                   8           -0.798088           -0.803699          0.00135421
                   9            -0.80552           -0.803901          0.00121132
                  10           -0.808896           -0.804401          0.00119303
                  11           -0.799464           -0.803952          0.00116874
                  12           -0.805736           -0.804101          0.00107721
                  13           -0.799408            -0.80374           0.0010546
                  14           -0.803656           -0.803734         0.000976384
                  15            -0.80428            -0.80377         0.000909693
                  16           -0.800704           -0.803579         0.000872252
                  17           -0.809072           -0.803902          0.00088076
                  18           -0.803128           -0.803859           0.0008315
                  19             -0.8062           -0.803982         0.000796115
                  20           -0.805472           -0.804056         0.000758927
                  21            -0.80184           -0.803951         0.000729558
                  22           -0.803288           -0.803921         0.000696259
                  23            -0.80896            -0.80414         0.000700447
                  24            -0.80608           -0.804221         0.000675482
                  25           -0.801296           -0.804104         0.000658377
                  26           -0.803792           -0.804092         0.000632661
                  27             -0.8066           -0.804185         0.000615826
                  28           -0.804536           -0.804197         0.000593558
                  29           -0.804472           -0.804207         0.000572803
                  30           -0.806792           -0.804293         0.000560051
                  31           -0.803992           -0.804283          0.00054177
                  32           -0.801392           -0.804193          0.00053229
                  33           -0.805424            -0.80423         0.000517255
                  34           -0.804464           -0.804237         0.000501859
                  35           -0.807368           -0.804326         0.000495452
                  36            -0.80284           -0.804285          0.00048326
                  37           -0.803944           -0.804276         0.000470108
                  38           -0.802776           -0.804236         0.000459269
                  39            -0.79892             -0.8041         0.000467647
                  40           -0.802936           -0.804071         0.000456734
                   1           -0.803416           -0.803416                   0
                   2            -0.80924           -0.806328            0.002912
                   3           -0.802936           -0.805197          0.00202608
                   4           -0.808384           -0.805994          0.00163926
                   5           -0.800792           -0.804954          0.00164156
                   6           -0.801904           -0.804445          0.00143347
                   7           -0.805856           -0.804647          0.00122815
                   8           -0.797648           -0.803772          0.00137718
                   9           -0.805592           -0.803974          0.00123128
                  10            -0.80864           -0.804441          0.00119605
                  11           -0.799584           -0.803999           0.0011685
                  12           -0.805728           -0.804143          0.00107637
                  13           -0.799776           -0.803807          0.00104556
                  14           -0.802976           -0.803748          0.00096982
                  15           -0.804648           -0.803808         0.000904844
                  16           -0.800792           -0.803619         0.000867141
                  17           -0.809152           -0.803945         0.000877144
                  18            -0.80376           -0.803935         0.000827043
                  19           -0.806632           -0.804077         0.000795082
                  20           -0.805584           -0.804152         0.000758037
                  21           -0.801624           -0.804032         0.000731017
                  22           -0.803144           -0.803991         0.000698164
                  23           -0.808472           -0.804186         0.000694982
                  24           -0.806504           -0.804283         0.000672367
                  25           -0.801384           -0.804167         0.000655252
                  26           -0.803312           -0.804134         0.000630403
                  27           -0.806824           -0.804233         0.000614734
                  28           -0.804712           -0.804251         0.000592619
                  29           -0.804712           -0.804266          0.00057204
                  30           -0.806424           -0.804338         0.000557303
                  31           -0.803504           -0.804311         0.000539697
                  32           -0.801048           -0.804209         0.000532419
                  33           -0.805712           -0.804255         0.000518037
                  34           -0.804328           -0.804257         0.000502574
                  35           -0.808008           -0.804364         0.000499632
                  36           -0.802816           -0.804321         0.000487457
                  37           -0.803928           -0.804311         0.000474218
                  38           -0.802536           -0.804264         0.000463927
                  39           -0.798816           -0.804124         0.000472974
                  40           -0.802576           -0.804086         0.000462621
