                   1            0.272577            0.272577                   0
                   2            0.261216            0.266896          0.00568052
                   3            0.264187            0.265993          0.00340167
                   4            0.263806            0.265446           0.0024667
                   5            0.270118            0.266381          0.00212686
                   6            0.278974             0.26848          0.00272411
                   7            0.263502            0.267768          0.00240962
                   8            0.266726            0.267638          0.00209086
                   9            0.268538            0.267738          0.00184668
                  10            0.266506            0.267615          0.00165631
                  11            0.264377            0.267321          0.00152682
                  12            0.276238            0.268064          0.00157951
                  13             0.27396            0.268517          0.00152209
                  14            0.279471              0.2693          0.00161181
                  15            0.266765            0.269131             0.00151
                  16            0.272958             0.26937          0.00143258
                  17            0.270669            0.269446          0.00134785
                  18             0.27209            0.269593          0.00127922
                  19            0.273428            0.269795          0.00122674
                  20            0.274748            0.270043          0.00118985
                  21            0.265898            0.269845          0.00114886
                  22            0.260329            0.269413          0.00117771
                  23            0.265064            0.269224          0.00114111
                  24            0.270302            0.269269          0.00109345
                  25            0.267865            0.269212          0.00105031
                  26            0.265158            0.269056          0.00102108
                  27            0.269757            0.269082         0.000982875
                  28            0.267607             0.26903         0.000948586
                  29            0.263044            0.268823         0.000938272
                  30            0.272245            0.268937         0.000913606
                  31            0.270826            0.268998         0.000885741
                  32            0.257442            0.268637         0.000930544
                  33            0.254894            0.268221         0.000993415
                  34            0.275548            0.268436         0.000987557
                  35            0.268325            0.268433         0.000958931
                  36            0.270126             0.26848           0.0009331
                  37            0.272376            0.268585         0.000913618
                  38            0.265815            0.268513         0.000892233
                  39            0.279536            0.268795         0.000913864
                  40            0.271862            0.268872         0.000894018
                   1            0.272144            0.272144                   0
                   2            0.261887            0.267015          0.00512831
                   3            0.267168            0.267066          0.00296127
                   4             0.27249            0.268422          0.00249466
                   5            0.273521            0.269442          0.00218489
                   6            0.271966            0.269863           0.0018329
                   7            0.259357            0.268362          0.00215681
                   8            0.264675            0.267901          0.00192388
                   9            0.267085             0.26781          0.00169912
                  10            0.265062            0.267535           0.0015444
                  11             0.26674            0.267463          0.00139883
                  12            0.275716            0.268151          0.00145039
                  13            0.268438            0.268173          0.00133435
                  14            0.274006             0.26859          0.00130372
                  15            0.271847            0.268807          0.00123297
                  16            0.274243            0.269146          0.00120236
                  17            0.267588            0.269055          0.00113313
                  18            0.273214            0.269286          0.00109303
                  19            0.277396            0.269713          0.00111855
                  20            0.274452             0.26995          0.00108729
                  21            0.265824            0.269753          0.00105272
                  22            0.260401            0.269328          0.00109004
                  23            0.261672            0.268995          0.00109346
                  24            0.265656            0.268856          0.00105612
                  25            0.271833            0.268975          0.00101997
                  26            0.267728            0.268927         0.000981126
                  27            0.266897            0.268852         0.000947079
                  28            0.272965            0.268999         0.000924371
                  29            0.272602            0.269123         0.000900541
                  30            0.277366            0.269398         0.000912362
                  31            0.276392            0.269624          0.00091083
                  32             0.26399            0.269448         0.000899309
                  33            0.259699            0.269152         0.000920333
                  34            0.268778            0.269141         0.000892922
                  35            0.266628            0.269069         0.000870003
                  36            0.265447            0.268969         0.000851456
                  37            0.270801            0.269018         0.000829603
                  38            0.271666            0.269088         0.000810477
                  39            0.275645            0.269256         0.000807129
                  40             0.27129            0.269307         0.000788335
