                   1           -0.581608           -0.581608                   0
                   2           -0.583656           -0.582632            0.001024
                   3           -0.582688           -0.582651         0.000591501
                   4           -0.582616           -0.582642         0.000418344
                   5           -0.580392           -0.582192         0.000554533
                   6           -0.585448           -0.582735         0.000706747
                   7           -0.584832           -0.583034         0.000668245
                   8           -0.581856           -0.582887         0.000597166
                   9           -0.585112           -0.583134          0.00058179
                  10            -0.58488           -0.583309         0.000548873
                  11           -0.581408           -0.583136         0.000525686
                  12           -0.580752           -0.582937         0.000519381
                  13           -0.584144            -0.58303         0.000486694
                  14           -0.576912           -0.582593         0.000627703
                  15           -0.582864           -0.582611         0.000584639
                  16           -0.583448           -0.582664         0.000549375
                  17             -0.5826            -0.58266         0.000516061
                  18           -0.584744           -0.582776         0.000500136
                  19           -0.582096            -0.58274         0.000474431
                  20             -0.5832           -0.582763         0.000450673
                  21           -0.580952           -0.582677         0.000437262
                  22           -0.581776           -0.582636         0.000418917
                  23           -0.581936           -0.582605         0.000401444
                  24           -0.580112           -0.582501         0.000398145
                  25           -0.581424           -0.582458         0.000384311
                  26           -0.582976           -0.582478          0.00036977
                  27           -0.578088           -0.582316         0.000391203
                  28           -0.583112           -0.582344         0.000378045
                  29           -0.582576           -0.582352         0.000364863
                  30           -0.582728           -0.582365         0.000352714
                  31           -0.585984           -0.582481         0.000360574
                  32           -0.583096           -0.582501         0.000349652
                  33           -0.579504            -0.58241         0.000350845
                  34           -0.581696           -0.582389         0.000341016
                  35           -0.583336           -0.582416         0.000332234
                  36           -0.584168           -0.582464         0.000326521
                  37           -0.582368           -0.582462         0.000317585
                  38           -0.582776            -0.58247         0.000309225
                  39           -0.582032           -0.582459         0.000301401
                  40           -0.578824           -0.582368         0.000307503
                   1           -0.581072           -0.581072                   0
                   2            -0.58552           -0.583296            0.002224
                   3           -0.582824           -0.583139          0.00129363
                   4           -0.582016           -0.582858         0.000956825
                   5           -0.578984           -0.582083           0.0010722
                   6           -0.583624            -0.58234         0.000912339
                   7           -0.583928           -0.582567         0.000803746
                   8           -0.582664           -0.582579         0.000696171
                   9            -0.58584           -0.582941         0.000712908
                  10           -0.583464           -0.582994         0.000639783
                  11             -0.5818           -0.582885         0.000588791
                  12            -0.58116           -0.582741         0.000556383
                  13             -0.5834           -0.582792         0.000514299
                  14            -0.57652           -0.582344         0.000653775
                  15           -0.583304           -0.582408         0.000611987
                  16           -0.584392           -0.582532         0.000585737
                  17           -0.582528           -0.582532         0.000550204
                  18           -0.585568             -0.5827         0.000545474
                  19           -0.581536           -0.582639         0.000519594
                  20           -0.581888           -0.582602         0.000494358
                  21             -0.5818           -0.582563         0.000471775
                  22           -0.580864           -0.582486         0.000456405
                  23           -0.582984           -0.582508         0.000436647
                  24           -0.580464           -0.582423         0.000426643
                  25           -0.580544           -0.582348         0.000416064
                  26           -0.583016           -0.582373         0.000400567
                  27           -0.579704           -0.582274         0.000397922
                  28           -0.582936           -0.582298         0.000384175
                  29           -0.582976           -0.582321         0.000371427
                  30           -0.581392            -0.58229         0.000360168
                  31           -0.584952           -0.582376          0.00035878
                  32            -0.58192           -0.582362          0.00034768
                  33           -0.581144           -0.582325         0.000338995
                  34           -0.581368           -0.582297         0.000330076
                  35           -0.583872           -0.582342          0.00032365
                  36            -0.58464           -0.582406         0.000320944
                  37            -0.58356           -0.582437         0.000313704
                  38           -0.583032           -0.582453         0.000305738
                  39           -0.583416           -0.582477         0.000298818
                  40           -0.579264           -0.582397         0.000302128
