                   1             1.83943             1.83943                   0
                   2             1.81237              1.8259           0.0135274
                   3             1.87951             1.84377           0.0195041
                   4              1.9222             1.86338           0.0239716
                   5             1.92279             1.87526           0.0220453
                   6             1.98085             1.89286           0.0251729
                   7             1.86536             1.88893           0.0216346
                   8             1.92472              1.8934           0.0192629
                   9             1.81161             1.88432           0.0192663
                  10             1.82939             1.87882           0.0180866
                  11             1.83364             1.87472           0.0168677
                  12             1.92283             1.87873           0.0159115
                  13             1.80891             1.87336           0.0155905
                  14             1.87015             1.87313           0.0144359
                  15              1.8709             1.87298           0.0134399
                  16              1.9389              1.8771           0.0132298
                  17             2.03552             1.88642           0.0155333
                  18             1.84557             1.88415           0.0148197
                  19             1.99015             1.88973           0.0150875
                  20              1.9352               1.892           0.0144927
                  21             1.86572             1.89075            0.013842
                  22             1.88455             1.89047           0.0132008
                  23             1.83975             1.88826           0.0128052
                  24             1.89575             1.88857            0.012264
                  25             1.81449             1.88561           0.0121307
                  26             1.91153             1.88661           0.0116974
                  27             1.79909             1.88337           0.0117132
                  28             1.76005             1.87896           0.0121159
                  29             1.93139             1.88077           0.0118296
                  30             1.82959             1.87906           0.0115551
                  31             1.88957              1.8794           0.0111813
                  32             1.92281             1.88076           0.0109109
                  33             1.95591             1.88304           0.0108175
                  34              1.8761             1.88283           0.0104965
                  35             1.93518             1.88433           0.0103014
                  36             1.86323             1.88374           0.0100283
                  37             1.98867             1.88658           0.0101573
                  38             1.91814             1.88741          0.00992126
                  39             1.87349             1.88705          0.00967011
                  40             1.82106              1.8854          0.00956855
                   1             1.81453             1.81453                   0
                   2             1.81084             1.81269          0.00184334
                   3             1.89242             1.83927           0.0266003
                   4             1.91998             1.85944           0.0275848
                   5             1.91626             1.87081           0.0242004
                   6             1.98053             1.88909           0.0269229
                   7              1.8504             1.88356           0.0234159
                   8             1.91707             1.88775           0.0207067
                   9             1.79506             1.87745           0.0209656
                  10             1.81767             1.87147           0.0196822
                  11             1.83128             1.86782           0.0181744
                  12             1.91707             1.87192            0.017091
                  13             1.81648             1.86766           0.0162897
                  14             1.87305             1.86804           0.0150863
                  15              1.8783             1.86873           0.0140612
                  16             1.91753             1.87178            0.013502
                  17             2.05142             1.88235           0.0165084
                  18             1.85193             1.88066           0.0156558
                  19             1.98482             1.88614           0.0157911
                  20             1.92803             1.88823           0.0151264
                  21             1.88536              1.8881           0.0143888
                  22             1.86244             1.88693           0.0137686
                  23             1.83256             1.88457           0.0133671
                  24             1.88681             1.88466           0.0127983
                  25             1.81589             1.88191           0.0125802
                  26             1.91205             1.88307           0.0121421
                  27             1.79907             1.87996           0.0120909
                  28             1.77656             1.87626           0.0122222
                  29             1.92877             1.87807           0.0119314
                  30             1.82304             1.87624           0.0116719
                  31             1.88509             1.87653           0.0112928
                  32             1.94188             1.87857           0.0111232
                  33             1.96239             1.88111           0.0110761
                  34             1.86661             1.88068           0.0107539
                  35             1.92735             1.88201           0.0105269
                  36             1.85484             1.88126           0.0102581
                  37             2.01216              1.8848           0.0105857
                  38             1.94015             1.88625           0.0104058
                  39             1.88141             1.88613           0.0101363
                  40             1.81269             1.88429           0.0100488
