                   1           -0.505472           -0.505472                   0
                   2           -0.504928             -0.5052            0.000272
                   3           -0.506912           -0.505771          0.00059188
                   4            -0.50448           -0.505448         0.000528464
                   5           -0.505448           -0.505448         0.000409347
                   6           -0.507024           -0.505711         0.000425093
                   7             -0.5046           -0.505552         0.000392746
                   8           -0.505632           -0.505562         0.000340275
                   9           -0.507152           -0.505739         0.000348235
                  10           -0.505896           -0.505754         0.000311868
                  11           -0.502656           -0.505473         0.000398644
                  12           -0.501208           -0.505117         0.000508661
                  13           -0.503976            -0.50503         0.000476065
                  14           -0.501552           -0.504781         0.000505927
                  15           -0.506272           -0.504881         0.000481365
                  16           -0.504712            -0.50487         0.000450399
                  17           -0.504128           -0.504826         0.000425321
                  18           -0.502448           -0.504694         0.000422205
                  19           -0.505272           -0.504725         0.000400522
                  20           -0.507816           -0.504879         0.000410204
                  21           -0.503632            -0.50482         0.000394676
                  22           -0.505488            -0.50485         0.000377533
                  23           -0.505784           -0.504891         0.000363022
                  24           -0.504744           -0.504885         0.000347621
                  25           -0.507544           -0.504991         0.000349984
                  26           -0.503224           -0.504923         0.000343053
                  27           -0.502928           -0.504849         0.000338272
                  28           -0.504456           -0.504835         0.000326269
                  29            -0.50536           -0.504853         0.000315338
                  30           -0.502248           -0.504766         0.000316781
                  31           -0.506216           -0.504813         0.000309939
                  32            -0.50572           -0.504841         0.000301433
                  33           -0.500896           -0.504722         0.000315673
                  34           -0.502136           -0.504646         0.000315551
                  35            -0.50512           -0.504659         0.000306702
                  36            -0.50372           -0.504633         0.000299201
                  37           -0.503696           -0.504608         0.000292103
                  38           -0.505856           -0.504641         0.000286203
                  39           -0.504968           -0.504649         0.000278894
                  40           -0.501808           -0.504578         0.000280959
                   1           -0.505176           -0.505176                   0
                   2           -0.506584            -0.50588            0.000704
                   3           -0.507464           -0.506408         0.000666325
                   4           -0.505224           -0.506112         0.000556427
                   5           -0.505496           -0.505989         0.000448268
                   6           -0.507368           -0.506219         0.000432206
                   7           -0.505576           -0.506127         0.000376642
                   8           -0.505992            -0.50611         0.000326616
                   9           -0.507056           -0.506215         0.000306627
                  10           -0.504592           -0.506053         0.000318687
                  11           -0.503816           -0.505849         0.000352767
                  12           -0.502496            -0.50557         0.000426379
                  13           -0.503328           -0.505398         0.000428454
                  14           -0.500352           -0.505037         0.000535941
                  15            -0.50668           -0.505147         0.000510814
                  16           -0.504464           -0.505104         0.000479724
                  17           -0.504096           -0.505045         0.000454506
                  18           -0.503856           -0.504979         0.000433572
                  19           -0.504072           -0.504931         0.000412885
                  20           -0.506728           -0.505021          0.00040187
                  21            -0.50328           -0.504938          0.00039114
                  22           -0.503832           -0.504888          0.00037631
                  23           -0.504416           -0.504867         0.000360161
                  24             -0.5058           -0.504906         0.000347012
                  25           -0.506816           -0.504982         0.000341498
                  26           -0.502688           -0.504894          0.00033976
                  27            -0.50336           -0.504837         0.000331836
                  28           -0.504112           -0.504811         0.000320812
                  29           -0.504608           -0.504804         0.000309632
                  30           -0.502192           -0.504717          0.00031155
                  31           -0.503808           -0.504688         0.000302757
                  32            -0.50468           -0.504688         0.000293143
                  33           -0.501224           -0.504583         0.000302889
                  34           -0.502872           -0.504532         0.000298123
                  35            -0.50528           -0.504554         0.000290266
                  36           -0.504048            -0.50454         0.000282438
                  37           -0.504264           -0.504532           0.0002748
                  38           -0.506112           -0.504574         0.000270681
                  39           -0.507776           -0.504656         0.000276138
                  40           -0.502208           -0.504595         0.000276017
