                   1           -0.531752           -0.531752                   0
                   2           -0.531592           -0.531672               8e-05
                   3            -0.52976           -0.531035         0.000639005
                   4           -0.530272           -0.530844         0.000490426
                   5           -0.528616           -0.530398         0.000585551
                   6           -0.529736           -0.530288         0.000490681
                   7           -0.528288           -0.530002         0.000503597
                   8           -0.528744           -0.529845         0.000463623
                   9            -0.53104           -0.529978         0.000429896
                  10             -0.5338            -0.53036         0.000542164
                  11           -0.526368           -0.529997         0.000610083
                  12           -0.527208           -0.529765          0.00060348
                  13           -0.526288           -0.529497         0.000616183
                  14           -0.525872           -0.529238         0.000626493
                  15           -0.529448           -0.529252         0.000583401
                  16            -0.52992           -0.529294         0.000547315
                  17           -0.530104           -0.529342         0.000516316
                  18           -0.529144           -0.529331         0.000486911
                  19           -0.528608           -0.529293          0.00046214
                  20           -0.527992           -0.529228         0.000443221
                  21            -0.52876           -0.529205         0.000422175
                  22           -0.527968           -0.529149         0.000406438
                  23           -0.529992           -0.529186         0.000390091
                  24           -0.527608            -0.52912         0.000379225
                  25           -0.530512           -0.529176         0.000367977
                  26            -0.52836           -0.529144          0.00035493
                  27           -0.523336           -0.528929         0.000403635
                  28           -0.526216           -0.528832         0.000400841
                  29           -0.527568           -0.528789         0.000389221
                  30            -0.52648           -0.528712         0.000383818
                  31           -0.529576            -0.52874         0.000372275
                  32           -0.529792           -0.528772         0.000361951
                  33           -0.524552           -0.528645         0.000373398
                  34           -0.525272           -0.528545         0.000375584
                  35            -0.52752           -0.528516         0.000365871
                  36           -0.527696           -0.528493         0.000356291
                  37           -0.526456           -0.528438         0.000350876
                  38           -0.530296           -0.528487         0.000344998
                  39           -0.528984             -0.5285         0.000336277
                  40            -0.52596           -0.528436         0.000333857
                   1           -0.531256           -0.531256                   0
                   2           -0.532392           -0.531824            0.000568
                   3           -0.529968           -0.531205         0.000700207
                   4           -0.528832           -0.530612          0.00077278
                   5           -0.528304            -0.53015         0.000755902
                   6            -0.52944           -0.530032         0.000628446
                   7           -0.528192           -0.529769         0.000592619
                   8           -0.528616           -0.529625          0.00053308
                   9           -0.531688           -0.529854         0.000523037
                  10           -0.532752           -0.530144         0.000550296
                  11           -0.527528           -0.529906         0.000551655
                  12           -0.527816           -0.529732         0.000532862
                  13            -0.52664           -0.529494         0.000544821
                  14           -0.524464           -0.529135          0.00061929
                  15           -0.529864           -0.529183         0.000578573
                  16           -0.529608            -0.52921         0.000541855
                  17           -0.530432           -0.529282         0.000514035
                  18            -0.52976           -0.529308         0.000485364
                  19           -0.527608           -0.529219         0.000467751
                  20           -0.527096           -0.529113         0.000456266
                  21           -0.529768           -0.529144         0.000435116
                  22           -0.526392           -0.529019         0.000433315
                  23           -0.529304           -0.529031         0.000414232
                  24           -0.528688           -0.529017         0.000396855
                  25            -0.52964           -0.529042         0.000381465
                  26            -0.52708           -0.528966         0.000374187
                  27           -0.524336           -0.528795         0.000398819
                  28             -0.5262           -0.528702         0.000395328
                  29           -0.527288           -0.528654         0.000384557
                  30           -0.526192           -0.528571          0.00038047
                  31           -0.527792           -0.528546          0.00036885
                  32           -0.529056           -0.528562         0.000357493
                  33           -0.526104           -0.528488         0.000354408
                  34            -0.52484            -0.52838         0.000360176
                  35           -0.527984           -0.528369         0.000349917
                  36            -0.52848           -0.528372         0.000340072
                  37            -0.52708           -0.528337         0.000332592
                  38            -0.53004           -0.528382         0.000326808
                  39           -0.531376           -0.528459         0.000327444
                  40           -0.527048           -0.528424         0.000321096
