                   1             6.87584             6.87584                   0
                   2             7.51518             7.19551             0.31967
                   3             6.83155             7.07419            0.220865
                   4             7.24297             7.11638            0.161775
                   5              7.4681             7.18673            0.143704
                   6             7.44425             7.22965            0.124938
                   7             7.00799             7.19798            0.110238
                   8             6.93841             7.16554            0.100832
                   9             7.94673             7.25233            0.124265
                  10             7.63671             7.29077            0.117605
                  11             7.82356             7.33921            0.116885
                  12             7.01483             7.31218            0.110072
                  13             8.00476             7.36545            0.114412
                  14             7.22537             7.35545            0.106397
                  15             6.84886             7.32167            0.104649
                  16              7.2521             7.31733           0.0979869
                  17             7.59909              7.3339            0.093523
                  18              6.7301             7.30036           0.0943396
                  19             7.48903             7.31029           0.0897871
                  20             6.87818             7.28868           0.0878769
                  21             7.34822             7.29152           0.0836356
                  22             7.48507             7.30031           0.0802273
                  23             7.77187             7.32082           0.0793541
                  24             7.95856             7.34739           0.0804887
                  25             7.02046             7.33431           0.0783018
                  26             8.24928              7.3695           0.0830539
                  27             7.23375             7.36447           0.0800767
                  28             7.41877             7.36641           0.0771882
                  29             7.32956             7.36514           0.0744898
                  30             7.91202             7.38337            0.074237
                  31             6.97565             7.37022           0.0729969
                  32             8.22238             7.39685           0.0755293
                  33             6.30355             7.36372           0.0803526
                  34             7.27936             7.36124            0.077993
                  35             8.00221             7.37955           0.0779147
                  36             6.28925             7.34927           0.0815518
                  37             7.47334             7.35262           0.0793879
                  38             7.01587             7.34376            0.077777
                  39              7.5273             7.34846           0.0759025
                  40             7.66662             7.35642            0.074407
                   1             6.85477             6.85477                   0
                   2             7.53376             7.19427            0.339497
                   3             6.83792             7.07548            0.229191
                   4             7.23416             7.11515            0.166847
                   5             7.44378             7.18088            0.144991
                   6             7.46428             7.22811             0.12746
                   7             7.01903             7.19824            0.111787
                   8             6.94562             7.16666             0.10183
                   9             7.94781             7.25346            0.124893
                  10             7.61281             7.28939            0.117346
                  11             7.83228             7.33875            0.117056
                  12             6.99796             7.31035            0.110567
                  13             8.03033             7.36573            0.115808
                  14             7.22026             7.35534             0.10772
                  15             6.84856             7.32155             0.10582
                  16             7.25998             7.31771           0.0990601
                  17             7.60369             7.33453           0.0945593
                  18             6.72464             7.30065           0.0953729
                  19             7.51101             7.31172           0.0908907
                  20             6.86201             7.28923             0.08911
                  21             7.34952              7.2921           0.0848091
                  22             7.49075             7.30113           0.0813649
                  23             7.72226             7.31944           0.0798738
                  24              7.9383             7.34523           0.0807036
                  25             7.04321             7.33315           0.0783452
                  26             8.24939             7.36839           0.0831124
                  27             7.22011              7.3629           0.0801633
                  28             7.42161             7.36499           0.0772757
                  29             7.32502             7.36361           0.0745762
                  30             7.91351             7.38194           0.0743426
                  31             6.98758             7.36922           0.0730211
                  32             8.24035             7.39645           0.0757621
                  33             6.32082             7.36385           0.0803396
                  34             7.25744             7.36072           0.0780037
                  35             7.94815              7.3775           0.0775795
                  36             6.29282             7.34737           0.0811913
                  37             7.49522             7.35137           0.0790675
                  38             7.00839             7.34234           0.0774861
                  39             7.52028             7.34691            0.075611
                  40             7.64968             7.35448           0.0740842
