                   1            0.294144            0.294144                   0
                   2              -0.168            0.063072            0.231072
                   3           -0.121384          0.00158667            0.146896
                   4            -0.42182           -0.104265            0.148303
                   5            -0.15396           -0.114204            0.115304
                   6           -0.058652           -0.104945           0.0945998
                   7             0.00884          -0.0886903           0.0815871
                   8           -0.326816           -0.118456           0.0766703
                   9            0.160452          -0.0874662           0.0743801
                  10            0.283556           -0.050364           0.0761741
                  11            -0.09742          -0.0546418           0.0690348
                  12           -0.071224          -0.0560237            0.063035
                  13            0.216788          -0.0350382           0.0616645
                  14           -0.214172          -0.0478334           0.0585065
                  15            0.002792          -0.0444584           0.0545711
                  16           -0.023716           -0.043162            0.051063
                  17             0.34186          -0.0205136           0.0530436
                  18           -0.145436          -0.0274538           0.0504892
                  19           -0.400536          -0.0470897           0.0516372
                  20            0.046008          -0.0424348            0.049208
                  21           -0.030544          -0.0418686           0.0468096
                  22           -0.024368          -0.0410731           0.0446383
                  23            0.180552          -0.0314372           0.0437282
                  24            0.085472           -0.026566            0.042149
                  25            0.096856          -0.0216291           0.0407282
                  26           -0.163036          -0.0270678           0.0395066
                  27           -0.465628          -0.0433108           0.0413399
                  28           -0.152212          -0.0472001           0.0400256
                  29           -0.147876          -0.0506717           0.0387764
                  30           -0.350708          -0.0606729           0.0387737
                  31            0.155408          -0.0537026           0.0381443
                  32           -0.122516           -0.055853           0.0369956
                  33            0.168392          -0.0490577           0.0364952
                  34           -0.145828          -0.0519039           0.0355198
                  35            0.186452          -0.0450937           0.0351559
                  36           -0.013032          -0.0442031            0.034177
                  37           -0.400552          -0.0538342           0.0346076
                  38           -0.433408          -0.0638229           0.0351344
                  39            0.069516           -0.060404            0.034392
                  40           -0.131368          -0.0621781           0.0335681
                   1           -0.312708           -0.312708                   0
                   2            0.167964           -0.072372            0.240336
                   3            0.121524            -0.00774            0.153072
                   4             0.42162              0.0996            0.152438
                   5            0.153548             0.11039             0.11857
                   6            0.058676            0.101771            0.097195
                   7             -0.0091            0.085932           0.0836578
                   8            0.327208            0.116092           0.0784765
                   9           -0.160428           0.0853671           0.0757231
                  10           -0.283592           0.0484712           0.0771265
                  11             0.09754            0.052932            0.069906
                  12            0.070984           0.0544363           0.0638329
                  13           -0.216896           0.0335646           0.0623169
                  14            0.213824           0.0464403           0.0591135
                  15           -0.002624           0.0431693           0.0551288
                  16             0.02414             0.04198            0.051582
                  17           -0.342324           0.0193739            0.053467
                  18             0.14554           0.0263831           0.0508941
                  19              0.4003           0.0460629           0.0520082
                  20             -0.0454           0.0414898           0.0495508
                  21            0.030624           0.0409724            0.047135
                  22             0.02472           0.0402336           0.0449476
                  23           -0.180892           0.0306195           0.0440118
                  24           -0.085348           0.0257875           0.0424142
                  25           -0.096756           0.0208858           0.0409765
                  26             0.16282           0.0263448           0.0397457
                  27            0.465516           0.0426104           0.0415605
                  28             0.15236             0.04653             0.04024
                  29            0.147804           0.0500222           0.0389844
                  30            0.350736            0.060046           0.0389736
                  31           -0.155208           0.0531023           0.0383296
                  32            0.122364           0.0552667           0.0371755
                  33             -0.1685           0.0484859           0.0366639
                  34            0.145896           0.0513509           0.0356844
                  35           -0.186336           0.0445599           0.0353091
                  36            0.013224           0.0436894           0.0343253
                  37            0.400748           0.0533397           0.0347515
                  38            0.433588           0.0633462           0.0352737
                  39            -0.06974           0.0599337           0.0345264
                  40            0.131112           0.0617132           0.0336992
