                   1            -0.01966            -0.01966                   0
                   2            -0.00422            -0.01194             0.00772
                   3           -0.022712          -0.0155307          0.00572355
                   4            -0.01092           -0.014378          0.00420811
                   5            0.009804          -0.0095416          0.00583229
                   6            0.012332           -0.005896          0.00599729
                   7            0.016176         -0.00274286          0.00596937
                   8           -0.005924          -0.0031405           0.0051849
                   9            0.002792         -0.00248133          0.00461992
                  10             0.01504          -0.0007292           0.0044883
                  11            -0.02274         -0.00273018          0.00452616
                  12           -0.002204         -0.00268633          0.00413203
                  13           -0.000884         -0.00254769          0.00380344
                  14           -0.003108         -0.00258771          0.00352153
                  15           -0.010856         -0.00313893          0.00332438
                  16           -0.000516           -0.002975          0.00311399
                  17            0.003548         -0.00259129          0.00295015
                  18            0.001376         -0.00237089          0.00279015
                  19            0.005988         -0.00193095          0.00267563
                  20           -0.000196          -0.0018442          0.00253981
                  21              0.0157         -0.00100876          0.00255621
                  22            0.000456        -0.000942182          0.00243816
                  23           -0.003292         -0.00104435          0.00233199
                  24           -0.012216         -0.00150983          0.00228071
                  25            0.024356          -0.0004752          0.00241991
                  26            -0.01046        -0.000859231          0.00235648
                  27            0.012668        -0.000358222          0.00232221
                  28            0.004216        -0.000194857           0.0022437
                  29            0.003736        -5.93103e-05          0.00216919
                  30            -0.00798        -0.000323333           0.0021122
                  31            0.020216         0.000339226          0.00214768
                  32            -0.00986            2.05e-05          0.00210377
                  33            0.001316         5.97576e-05           0.0020394
                  34             -0.0249        -0.000674353          0.00211031
                  35            -0.00476        -0.000791086          0.00205245
                  36            0.000404        -0.000757889           0.0019949
                  37             0.01194        -0.000414703          0.00197035
                  38            0.022072         0.000177053          0.00200702
                  39           -0.010992        -0.000109333          0.00197575
                  40             0.00866           0.0001099          0.00193816
                   1           -0.021236           -0.021236                   0
                   2           -0.004012           -0.012624            0.008612
                   3             -0.0227          -0.0159827          0.00600024
                   4            -0.01084           -0.014697          0.00443332
                   5            0.010276          -0.0097024          0.00606124
                   6            0.011784         -0.00612133          0.00610872
                   7            0.017072           -0.002808          0.00613456
                   8           -0.007584           -0.003405          0.00534612
                   9            0.003936         -0.00258933          0.00478487
                  10            0.014264           -0.000904           0.0045996
                  11           -0.022388         -0.00285709          0.00459612
                  12           -0.003068         -0.00287467           0.0041957
                  13           -0.001128         -0.00274031          0.00386182
                  14           -0.001828         -0.00267514          0.00357594
                  15           -0.010448         -0.00319333          0.00336911
                  16           -0.000824         -0.00304525          0.00315499
                  17            0.003236         -0.00267576          0.00298654
                  18             0.00194         -0.00241933          0.00282739
                  19            0.004796         -0.00203958          0.00270127
                  20            0.000496          -0.0019128          0.00256579
                  21            0.015176         -0.00109905          0.00257264
                  22            0.000276         -0.00103655          0.00245371
                  23           -0.004228          -0.0011753          0.00234871
                  24           -0.011832         -0.00161933          0.00229213
                  25             0.02258         -0.00065136          0.00240219
                  26           -0.011316         -0.00106154          0.00234412
                  27            0.012608        -0.000555259          0.00231175
                  28            0.004848        -0.000362286            0.002236
                  29            0.003188        -0.000239862          0.00216099
                  30           -0.009404        -0.000545333          0.00210994
                  31            0.021132         0.000153935          0.00215723
                  32            -0.01044        -0.000177125           0.0021148
                  33            0.002368             -0.0001          0.00205116
                  34           -0.024064        -0.000804824          0.00211106
                  35            -0.00558        -0.000941257          0.00205439
                  36            0.000404        -0.000903889          0.00199686
                  37            0.012264           -0.000548          0.00197448
                  38            0.022608         6.13684e-05          0.00201611
                  39            -0.01038        -0.000206359           0.0019819
                  40            0.007796            -6.3e-06          0.00194205
