                   1            0.168325            0.168325                   0
                   2            0.169916             0.16912         0.000795691
                   3            0.165937            0.168059          0.00115629
                   4            0.169233            0.168353         0.000868685
                   5            0.172953            0.169273          0.00113992
                   6            0.169976             0.16939         0.000938096
                   7            0.177746            0.170584            0.001433
                   8            0.166997            0.170135           0.0013195
                   9            0.167509            0.169844          0.00119973
                  10            0.167459            0.169605          0.00109924
                  11            0.171551            0.169782          0.00100991
                  12             0.16885            0.169705         0.000925185
                  13            0.170498            0.169766          0.00085323
                  14            0.172054            0.169929         0.000806675
                  15            0.169952            0.169931         0.000750975
                  16            0.171869            0.170052         0.000712843
                  17            0.168907            0.169984         0.000672975
                  18            0.170476            0.170012         0.000635075
                  19            0.170416            0.170033         0.000601097
                  20            0.168928            0.169978          0.00057292
                  21            0.168176            0.169892         0.000551671
                  22            0.166493            0.169737         0.000548223
                  23            0.169749            0.169738         0.000523846
                  24            0.167237            0.169634         0.000512258
                  25            0.165621            0.169473         0.000516891
                  26            0.169876            0.169489         0.000496854
                  27            0.167314            0.169408         0.000484833
                  28            0.169264            0.169403         0.000467225
                  29            0.166949            0.169318         0.000458701
                  30            0.171442            0.169389         0.000448764
                  31            0.170301            0.169419         0.000435043
                  32            0.164586            0.169268         0.000447477
                  33             0.17246            0.169364         0.000444363
                  34            0.169262            0.169361         0.000431106
                  35            0.167132            0.169298         0.000423426
                  36            0.170885            0.169342         0.000413851
                  37            0.171091            0.169389         0.000405277
                  38             0.16231            0.169203         0.000436246
                  39            0.166957            0.169145         0.000428797
                  40            0.167809            0.169112         0.000419272
                   1            0.167672            0.167672                   0
                   2            0.164397            0.166035          0.00163747
                   3            0.169669            0.167246          0.00153666
                   4            0.169043            0.167695          0.00117573
                   5             0.17033            0.168222          0.00105216
                   6            0.175122            0.169372          0.00143537
                   7            0.174502            0.170105          0.00141731
                   8            0.167694            0.169804          0.00126388
                   9            0.167007            0.169493          0.00115715
                  10            0.170619            0.169605          0.00104109
                  11            0.166121            0.169289          0.00099356
                  12            0.167199            0.169115         0.000923557
                  13            0.170309            0.169206         0.000854502
                  14            0.171391            0.169362         0.000806362
                  15            0.169405            0.169365         0.000750688
                  16            0.169328            0.169363         0.000702208
                  17            0.167785             0.16927         0.000666107
                  18            0.172066            0.169426         0.000646936
                  19            0.169091            0.169408         0.000612194
                  20            0.167428            0.169309         0.000589151
                  21            0.165962             0.16915         0.000582616
                  22            0.167884            0.169092         0.000558473
                  23            0.170317            0.169145         0.000536291
                  24            0.164415            0.168948         0.000549983
                  25             0.16428            0.168761         0.000559597
                  26            0.169786            0.168801         0.000539084
                  27            0.170804            0.168875         0.000524014
                  28            0.175522            0.169112         0.000557969
                  29             0.17073            0.169168         0.000541268
                  30            0.172074            0.169265         0.000531811
                  31            0.167836            0.169219         0.000516432
                  32            0.164232            0.169063         0.000523757
                  33            0.170902            0.169119         0.000510687
                  34            0.168051            0.169087         0.000496434
                  35            0.166586            0.169016          0.00048731
                  36            0.168395            0.168999         0.000473894
                  37            0.172668            0.169098         0.000471458
                  38            0.164347            0.168973         0.000475613
                  39            0.167846            0.168944         0.000464158
                  40            0.163846            0.168817         0.000470017
