                   1            0.893875            0.893875                   0
                   2            0.867654            0.880764           0.0131105
                   3            0.898015            0.886515          0.00950589
                   4            0.887703            0.886812          0.00672824
                   5            0.835464            0.876542           0.0115164
                   6            0.868436            0.875191          0.00949964
                   7            0.898401            0.878507          0.00868638
                   8            0.861411             0.87637          0.00782027
                   9            0.859171            0.874459          0.00715669
                  10            0.901512            0.877164          0.00694932
                  11            0.914846             0.88059          0.00715872
                  12            0.862133            0.879052          0.00671355
                  13            0.912963             0.88166          0.00670391
                  14            0.899429            0.882929          0.00633505
                  15             0.86782            0.881922          0.00598301
                  16            0.907054            0.883493          0.00581284
                  17             0.87767             0.88315          0.00547094
                  18            0.869791            0.882408          0.00521118
                  19            0.877432            0.882146          0.00493623
                  20            0.873316            0.881705          0.00470369
                  21            0.870719            0.881182          0.00450458
                  22            0.909887            0.882486          0.00448876
                  23            0.850203            0.881083          0.00451299
                  24            0.873709            0.880776          0.00433177
                  25            0.898867            0.881499          0.00421744
                  26            0.898047            0.882136          0.00410166
                  27            0.870078            0.881689          0.00397201
                  28            0.934288            0.883568          0.00426367
                  29            0.882866            0.883543          0.00411409
                  30            0.877953            0.883357          0.00397896
                  31            0.862213            0.882675          0.00390844
                  32            0.870525            0.882295          0.00380333
                  33            0.853179            0.881413           0.0037904
                  34            0.891844             0.88172             0.00369
                  35            0.865729            0.881263          0.00361203
                  36            0.870477            0.880963          0.00352302
                  37            0.879819            0.880932          0.00342662
                  38            0.890601            0.881187          0.00334492
                  39            0.889505              0.8814            0.003265
                  40            0.891419            0.881651          0.00319217
                   1            0.906231            0.906231                   0
                   2            0.871585            0.888908           0.0173228
                   3            0.885149            0.887655           0.0100795
                   4            0.892619            0.888896          0.00723448
                   5            0.836624            0.878442           0.0118616
                   6            0.872653            0.877477          0.00973291
                   7            0.894822            0.879955          0.00859092
                   8            0.864512            0.878025           0.0076863
                   9            0.855606            0.875534          0.00722185
                  10            0.907196              0.8787          0.00719368
                  11            0.918511            0.882319          0.00744573
                  12            0.868316            0.881152          0.00689643
                  13             0.91763            0.883958          0.00693667
                  14            0.899093            0.885039          0.00651247
                  15            0.895793            0.885756          0.00610502
                  16            0.896337            0.886417          0.00574888
                  17            0.871641            0.885548          0.00546964
                  18            0.869917             0.88468          0.00522944
                  19            0.880511             0.88446          0.00495142
                  20            0.871936            0.883834          0.00473888
                  21            0.862123              0.8828          0.00462462
                  22            0.916742            0.884343          0.00467151
                  23            0.859405            0.883259          0.00459358
                  24            0.875132             0.88292          0.00441103
                  25            0.896485            0.883463          0.00426556
                  26            0.882153            0.883412          0.00409853
                  27            0.864384            0.882708          0.00400629
                  28            0.929232            0.884369          0.00420295
                  29            0.893778            0.884694          0.00406838
                  30            0.879957            0.884536           0.0039336
                  31            0.857265            0.883656          0.00390498
                  32            0.879532            0.883527          0.00378317
                  33             0.86295            0.882904          0.00371938
                  34            0.892281            0.883179          0.00361886
                  35            0.875078            0.882948          0.00352155
                  36            0.876265            0.882762          0.00342737
                  37            0.887803            0.882899          0.00333623
                  38            0.894433            0.883202          0.00326141
                  39            0.887419             0.88331          0.00317852
                  40            0.890279            0.883484          0.00310293
