                   1            0.405491            0.405491                   0
                   2            0.346417            0.375954           0.0295372
                   3            0.444213            0.398707           0.0284345
                   4            0.466972            0.415773           0.0263727
                   5            0.424266            0.417472           0.0204987
                   6            0.418601             0.41766           0.0167382
                   7            0.462952            0.424131           0.0155558
                   8            0.412885            0.422725           0.0135449
                   9            0.402282            0.420453           0.0121595
                  10            0.402946            0.418703           0.0110158
                  11            0.479635            0.424242           0.0114004
                  12            0.365807            0.419372             0.01149
                  13            0.416714            0.419168           0.0105712
                  14            0.431518             0.42005          0.00982675
                  15            0.432908            0.420907          0.00918827
                  16            0.386737            0.418772          0.00885619
                  17             0.44117            0.420089          0.00842264
                  18            0.392085            0.418533          0.00809191
                  19            0.416656            0.418435          0.00765482
                  20            0.420533            0.418539          0.00726276
                  21            0.473852            0.421173          0.00739336
                  22            0.423627            0.421285          0.00705017
                  23            0.387324            0.419808          0.00689659
                  24            0.401342            0.419039          0.00664766
                  25            0.433498            0.419617          0.00640239
                  26            0.428831            0.419972          0.00616141
                  27            0.382744            0.418593          0.00608704
                  28             0.41798            0.418571          0.00586566
                  29            0.388417            0.417531           0.0057545
                  30            0.450601            0.418634          0.00566761
                  31             0.42475            0.418831          0.00548528
                  32             0.44185             0.41955          0.00535959
                  33            0.466057            0.420959          0.00538242
                  34            0.446778            0.421719          0.00527664
                  35            0.458887            0.422781          0.00523256
                  36            0.442807            0.423337          0.00511547
                  37            0.423697            0.423347           0.0049753
                  38            0.418004            0.423206          0.00484464
                  39            0.439826            0.423632          0.00473799
                  40            0.369315            0.422274          0.00481353
                   1            0.396577            0.396577                   0
                   2            0.348559            0.372568           0.0240089
                   3            0.442596             0.39591           0.0271481
                   4            0.467918            0.413912           0.0263169
                   5            0.424628            0.416055           0.0204973
                   6            0.421702            0.416996           0.0167624
                   7            0.464253            0.423747           0.0156931
                   8            0.413167            0.422425           0.0136549
                   9            0.403946            0.420372           0.0122162
                  10             0.40385             0.41872           0.0110507
                  11            0.478053            0.424114           0.0113583
                  12            0.362225            0.418956           0.0115804
                  13            0.415224            0.418669           0.0106563
                  14            0.434678            0.419813          0.00993189
                  15            0.435392            0.420851          0.00930424
                  16            0.386949            0.418732          0.00895754
                  17            0.440459             0.42001          0.00851065
                  18            0.392014            0.418455          0.00817328
                  19            0.413507            0.418195          0.00773553
                  20            0.414726            0.418021          0.00734062
                  21             0.47439            0.420705           0.0074805
                  22            0.419401            0.420646          0.00713262
                  23            0.389041            0.419272           0.0069526
                  24            0.399747            0.418458          0.00670614
                  25            0.434198            0.419088          0.00646304
                  26            0.430671            0.419533          0.00622545
                  27            0.379295            0.418043          0.00617304
                  28            0.416982            0.418005          0.00594861
                  29            0.386108            0.416905          0.00584426
                  30            0.453227            0.418116          0.00577444
                  31            0.430543            0.418517          0.00559943
                  32            0.442338            0.419261          0.00547249
                  33            0.467789            0.420732          0.00550414
                  34            0.443077            0.421389          0.00538009
                  35            0.454976            0.422349          0.00531152
                  36             0.44503            0.422979          0.00520018
                  37            0.421386            0.422936          0.00505787
                  38            0.418318            0.422814          0.00492446
                  39             0.43992            0.423253          0.00481655
                  40             0.37372            0.422014          0.00485516
