                   1             9.49943             9.49943                   0
                   2             11.6072             10.5533              1.0539
                   3             10.5279             10.5449            0.608527
                   4             10.8298             10.6161            0.436152
                   5             9.59386             10.4117            0.394888
                   6             9.57304             10.2719            0.351415
                   7             11.3246             10.4223            0.332902
                   8             10.7811             10.4671             0.29177
                   9             10.1914             10.4365            0.259134
                  10             9.57714             10.3506            0.247195
                  11             10.1532             10.3326            0.224315
                  12             11.1426             10.4001            0.215608
                  13             8.95258             10.2888             0.22745
                  14             9.56379              10.237            0.216852
                  15             10.5646             10.2588            0.203056
                  16             8.90062             10.1739            0.208047
                  17             10.1616             10.1732            0.195427
                  18             8.91231             10.1032            0.197117
                  19             9.97442             10.0964            0.186577
                  20             9.66205             10.0747             0.17833
                  21             11.0989             10.1234            0.176499
                  22              10.152             10.1247             0.16829
                  23             11.9378             10.2036            0.179088
                  24             10.0364             10.1966            0.171605
                  25             9.66224             10.1752             0.16598
                  26             9.58814             10.1526            0.161059
                  27             11.6938             10.2097            0.165157
                  28             9.92188             10.1994             0.15948
                  29             10.7973             10.2201            0.155258
                  30             10.9026             10.2428            0.151709
                  31             10.1338             10.2393            0.146776
                  32             9.17938             10.2062            0.145924
                  33             10.1361              10.204            0.141449
                  34             9.59609             10.1862            0.138386
                  35             11.7069             10.2296            0.141224
                  36             10.6744              10.242              0.1378
                  37             9.95203             10.2341            0.134253
                  38             10.7237              10.247            0.131305
                  39             8.58924             10.2045            0.134773
                  40             10.1255             10.2025            0.131375
                   1              9.6329              9.6329                   0
                   2             11.5987             10.6158             0.98291
                   3             10.5372             10.5896            0.568088
                   4             10.8249             10.6484            0.405982
                   5             9.60004             10.4388            0.377965
                   6             9.55262             10.2911            0.342127
                   7             11.3115             10.4368            0.323819
                   8             10.7498              10.476            0.283151
                   9             10.2006             10.4454            0.251582
                  10             9.60144              10.361            0.240327
                  11             10.1323             10.3402            0.218376
                  12             11.1212             10.4053            0.209706
                  13             8.96921             10.2948            0.222292
                  14             9.53895             10.2408            0.212766
                  15             10.5491             10.2614            0.199138
                  16              8.9064             10.1767            0.204623
                  17              10.167             10.1761            0.192211
                  18             8.89954             10.1052            0.194602
                  19             9.96444             10.0978            0.184224
                  20             9.66408             10.0761             0.17611
                  21             11.0775             10.1238             0.17417
                  22             10.1489             10.1249            0.166068
                  23             11.8973              10.202            0.176405
                  24             10.0509             10.1957            0.169012
                  25             9.67481             10.1749            0.163444
                  26             9.59004             10.1524            0.158635
                  27             11.7204             10.2104            0.163321
                  28             9.92001             10.2001            0.157721
                  29             10.7858             10.2203             0.15352
                  30             10.8957             10.2428            0.150014
                  31             10.1233             10.2389            0.145145
                  32             9.19442             10.2063            0.144277
                  33             10.1415             10.2043             0.13985
                  34             9.62118             10.1872            0.136754
                  35             11.7426             10.2316            0.140029
                  36             10.6512             10.2433            0.136582
                  37             9.95933             10.2356            0.133061
                  38              10.746              10.249            0.130206
                  39             8.57652             10.2061            0.133878
                  40             10.1489             10.2047            0.130496
