                   1           -0.645624           -0.645624                   0
                   2           -0.646232           -0.645928            0.000304
                   3           -0.644168           -0.645341         0.000612359
                   4           -0.646464           -0.645622         0.000516009
                   5           -0.647848           -0.646067         0.000598299
                   6           -0.646616           -0.646159         0.000496999
                   7           -0.645584           -0.646077         0.000427988
                   8           -0.644856           -0.645924         0.000400822
                   9           -0.653208           -0.646733         0.000883163
                  10           -0.650328           -0.647093          0.00086787
                  11           -0.647672           -0.647145         0.000786782
                  12           -0.642272           -0.646739         0.000825099
                  13           -0.644888           -0.646597         0.000772226
                  14           -0.644984           -0.646482         0.000724165
                  15            -0.64724           -0.646532         0.000676054
                  16           -0.651408           -0.646837         0.000701983
                  17            -0.64748           -0.646875         0.000660482
                  18            -0.65108           -0.647108          0.00066509
                  19           -0.644832           -0.646989          0.00064042
                  20            -0.64784           -0.647031         0.000609045
                  21           -0.645152           -0.646942         0.000586188
                  22           -0.645296           -0.646867         0.000563892
                  23           -0.646752           -0.646862          0.00053884
                  24           -0.644712           -0.646772          0.00052362
                  25           -0.650984           -0.646941          0.00052974
                  26           -0.646544           -0.646926         0.000509187
                  27           -0.645016           -0.646855         0.000495043
                  28           -0.645456           -0.646805         0.000479644
                  29           -0.645176           -0.646749         0.000466205
                  30            -0.64636           -0.646736         0.000450583
                  31           -0.646672           -0.646734         0.000435811
                  32           -0.645144           -0.646684         0.000424886
                  33           -0.643192           -0.646578         0.000425188
                  34           -0.643352           -0.646483         0.000423266
                  35           -0.646984           -0.646498         0.000411243
                  36           -0.650032           -0.646596         0.000411539
                  37            -0.64748            -0.64662         0.000400975
                  38           -0.650488           -0.646721         0.000403338
                  39            -0.64348           -0.646638         0.000401556
                  40           -0.647104            -0.64665         0.000391561
                   1           -0.645944           -0.645944                   0
                   2           -0.647176            -0.64656            0.000616
                   3           -0.643648           -0.645589          0.00103377
                   4            -0.64612           -0.645722         0.000742927
                   5           -0.647312            -0.64604         0.000657486
                   6           -0.645952           -0.646025         0.000537035
                   7           -0.644928           -0.645869         0.000480187
                   8           -0.645248           -0.645791         0.000423027
                   9           -0.652232           -0.646507         0.000807071
                  10           -0.648632           -0.646719         0.000752503
                  11            -0.64808           -0.646843         0.000691815
                  12            -0.64224           -0.646459         0.000738898
                  13           -0.645152           -0.646359         0.000687087
                  14           -0.643824           -0.646178         0.000661384
                  15            -0.64804           -0.646302         0.000628107
                  16            -0.65112           -0.646603         0.000660216
                  17           -0.647968           -0.646683         0.000625341
                  18           -0.651808           -0.646968          0.00065472
                  19            -0.64464           -0.646845         0.000631308
                  20           -0.647072           -0.646857         0.000599018
                  21           -0.645968           -0.646814          0.00057135
                  22            -0.64504           -0.646734         0.000550699
                  23           -0.646808           -0.646737         0.000526221
                  24           -0.645424           -0.646682          0.00050678
                  25           -0.650728           -0.646844         0.000512316
                  26           -0.647152           -0.646856          0.00049236
                  27           -0.645392           -0.646802         0.000476866
                  28           -0.644768           -0.646729         0.000465225
                  29           -0.645304            -0.64668         0.000451578
                  30           -0.646392            -0.64667         0.000436372
                  31           -0.645376           -0.646629         0.000424121
                  32            -0.64392           -0.646544         0.000419286
                  33           -0.643632           -0.646456         0.000415852
                  34           -0.644232            -0.64639         0.000408703
                  35           -0.647672           -0.646427          0.00039854
                  36           -0.649432            -0.64651         0.000396204
                  37           -0.648008           -0.646551         0.000387467
                  38           -0.650936           -0.646666         0.000394393
                  39           -0.644288           -0.646605         0.000388957
                  40           -0.646616           -0.646606         0.000379109
