                   1           -0.409624           -0.409624                   0
                   2           -0.410616            -0.41012            0.000496
                   3           -0.407992           -0.409411         0.000764957
                   4           -0.409168            -0.40935         0.000544298
                   5           -0.407456           -0.408971         0.000566785
                   6            -0.40816           -0.408836         0.000482123
                   7           -0.408912           -0.408847         0.000407613
                   8            -0.40884           -0.408846         0.000353004
                   9           -0.410216           -0.408998         0.000346543
                  10           -0.409936           -0.409092         0.000323833
                  11           -0.410544           -0.409224         0.000321287
                  12           -0.409224           -0.409224         0.000293293
                  13           -0.410256           -0.409303         0.000281227
                  14            -0.41092           -0.409419         0.000284823
                  15           -0.410672           -0.409502         0.000278006
                  16           -0.409248           -0.409487         0.000260536
                  17           -0.409088           -0.409463         0.000245851
                  18           -0.404424           -0.409183         0.000363452
                  19           -0.412328           -0.409349         0.000381562
                  20           -0.408728           -0.409318         0.000363309
                  21           -0.407224           -0.409218         0.000359669
                  22           -0.410008           -0.409254         0.000344807
                  23           -0.407824           -0.409192         0.000335288
                  24            -0.40876           -0.409174         0.000321517
                  25           -0.410648           -0.409233         0.000313976
                  26            -0.40876           -0.409214         0.000302206
                  27           -0.411744           -0.409308         0.000305517
                  28           -0.409624           -0.409319         0.000294619
                  29             -0.4086           -0.409295         0.000285359
                  30           -0.407952            -0.40925         0.000279292
                  31           -0.409344           -0.409253         0.000270149
                  32           -0.410904           -0.409304         0.000266611
                  33            -0.40756           -0.409252         0.000263758
                  34            -0.40964           -0.409263         0.000256138
                  35           -0.407552           -0.409214         0.000253471
                  36            -0.40996           -0.409235         0.000247199
                  37           -0.410664           -0.409274         0.000243508
                  38           -0.408816           -0.409261         0.000237319
                  39           -0.408496           -0.409242         0.000231986
                  40           -0.409264           -0.409242         0.000226112
                   1           -0.409064           -0.409064                   0
                   2            -0.41168           -0.410372            0.001308
                   3           -0.408832           -0.409859         0.000913126
                   4           -0.409568           -0.409786         0.000649754
                   5            -0.40844           -0.409517         0.000570768
                   6           -0.407224           -0.409135         0.000602669
                   7           -0.408648           -0.409065         0.000514071
                   8           -0.407936           -0.408924         0.000467037
                   9           -0.410296           -0.409076         0.000439193
                  10           -0.408984           -0.409067         0.000392935
                  11           -0.409832           -0.409137          0.00036216
                  12           -0.409224           -0.409144         0.000330685
                  13            -0.40984           -0.409198         0.000308862
                  14            -0.40904           -0.409186         0.000286172
                  15           -0.411824           -0.409362         0.000319214
                  16             -0.4104           -0.409427         0.000305562
                  17            -0.40832           -0.409362         0.000294319
                  18           -0.406416           -0.409198         0.000322155
                  19            -0.41016           -0.409249         0.000308903
                  20           -0.407912           -0.409182         0.000300578
                  21           -0.406672           -0.409062         0.000309885
                  22           -0.408008           -0.409015         0.000299326
                  23           -0.409648           -0.409042         0.000287339
                  24           -0.408416           -0.409016          0.00027634
                  25             -0.4102           -0.409063         0.000269254
                  26           -0.408272           -0.409033         0.000260475
                  27            -0.40972           -0.409058         0.000251931
                  28           -0.406624           -0.408971         0.000257865
                  29           -0.408072            -0.40894          0.00025074
                  30           -0.407096           -0.408879         0.000249918
                  31           -0.407176           -0.408824         0.000247885
                  32            -0.41036           -0.408872         0.000244767
                  33           -0.407048           -0.408817         0.000243587
                  34            -0.40956           -0.408839         0.000237324
                  35           -0.408336           -0.408824          0.00023089
                  36           -0.409912           -0.408854          0.00022641
                  37           -0.410608           -0.408902         0.000225248
                  38           -0.409776           -0.408925         0.000220444
                  39           -0.411992           -0.409003         0.000228667
                  40           -0.409632           -0.409019          0.00022343
