                   1            0.210889            0.210889                   0
                   2            0.207845            0.209367            0.001522
                   3            0.214752            0.211162          0.00199851
                   4            0.213417            0.211726          0.00152147
                   5            0.215818            0.212544          0.00143483
                   6            0.207505            0.211704          0.00144145
                   7            0.212835            0.211866          0.00122891
                   8            0.207946            0.211376          0.00117165
                   9            0.211991            0.211444          0.00103555
                  10            0.214415            0.211741         0.000972691
                  11            0.210709            0.211647         0.000884826
                  12            0.208537            0.211388         0.000848303
                  13            0.209525            0.211245         0.000793374
                  14            0.211023            0.211229         0.000734693
                  15            0.209709            0.211128          0.00069143
                  16            0.213886              0.2113         0.000669352
                  17            0.208111            0.211112          0.00065613
                  18            0.214096            0.211278         0.000640433
                  19            0.213567            0.211399         0.000617653
                  20            0.215006            0.211579         0.000613091
                  21            0.213414            0.211666         0.000589675
                  22            0.208607            0.211527          0.00057917
                  23            0.214201            0.211644          0.00056549
                  24            0.211224            0.211626         0.000541698
                  25            0.206378            0.211416         0.000560385
                  26            0.212627            0.211463         0.000540412
                  27            0.210017            0.211409          0.00052276
                  28            0.215034            0.211539         0.000520111
                  29            0.213748            0.211615         0.000507608
                  30            0.214355            0.211706         0.000498831
                  31            0.214333            0.211791         0.000489859
                  32            0.204782            0.211572         0.000522431
                  33            0.209399            0.211506         0.000510614
                  34            0.215969            0.211637         0.000512462
                  35            0.214323            0.211714         0.000503487
                  36            0.212058            0.211724         0.000489394
                  37            0.214493            0.211798         0.000481835
                  38            0.212195            0.211809           0.0004691
                  39            0.212962            0.211839         0.000457869
                  40            0.211027            0.211818         0.000446737
                   1            0.214848            0.214848                   0
                   2               0.209            0.211924          0.00292383
                   3            0.215027            0.212958          0.00197969
                   4            0.213042            0.212979          0.00140001
                   5            0.216522            0.213688          0.00129541
                   6            0.208736            0.212862          0.00134162
                   7            0.214599             0.21311          0.00116069
                   8            0.206069             0.21223          0.00133607
                   9            0.213112            0.212328          0.00118237
                  10            0.213907            0.212486          0.00106926
                  11            0.205471            0.211848          0.00115854
                  12            0.212354            0.211891          0.00105843
                  13            0.210978             0.21182         0.000976144
                  14            0.211996            0.211833         0.000903821
                  15            0.212907            0.211905         0.000844455
                  16            0.211997             0.21191         0.000789937
                  17            0.209905            0.211792         0.000751332
                  18            0.212824             0.21185         0.000710677
                  19            0.214544            0.211992         0.000687031
                  20            0.214581            0.212121         0.000664511
                  21            0.212229            0.212126         0.000632097
                  22            0.205655            0.211832         0.000670628
                  23             0.21393            0.211923         0.000647269
                  24            0.205031            0.211636         0.000683022
                  25            0.212527            0.211672           0.0006561
                  26            0.218721            0.211943         0.000686191
                  27            0.209566            0.211855         0.000666131
                  28            0.218932            0.212108         0.000689872
                  29             0.21753            0.212295         0.000691422
                  30            0.217519            0.212469         0.000690306
                  31            0.217185            0.212621         0.000684782
                  32            0.205325            0.212393         0.000701138
                  33            0.208682             0.21228         0.000688801
                  34            0.216222            0.212396         0.000678218
                  35            0.213879            0.212439         0.000659916
                  36             0.20944            0.212355          0.00064671
                  37            0.215018            0.212427         0.000633093
                  38            0.215799            0.212516         0.000622562
                  39            0.213352            0.212537         0.000606767
                  40             0.21225             0.21253         0.000591447
