                   1           -0.002112           -0.002112                   0
                   2             0.00284            0.000364            0.002476
                   3           -0.011824         -0.00369867          0.00430683
                   4           -0.003136           -0.003558          0.00304864
                   5           -0.001044          -0.0030552           0.0024144
                   6           -0.003256         -0.00308867          0.00197163
                   7           -0.004056         -0.00322686          0.00167205
                   8            -0.00754           -0.003766          0.00154515
                   9           -0.005564         -0.00396578          0.00137726
                  10            0.003096          -0.0032596          0.00141992
                  11            0.006212         -0.00239855          0.00154629
                  12            0.001708         -0.00205633          0.00145245
                  13           -0.005964         -0.00235692          0.00136946
                  14            0.001624         -0.00207257          0.00129937
                  15           -0.008512         -0.00250187          0.00128356
                  16           -0.004352          -0.0026175          0.00120622
                  17           -0.000528         -0.00249459          0.00113969
                  18             0.00738           -0.001946          0.00120645
                  19           -0.002408         -0.00197032          0.00114145
                  20            -0.01112          -0.0024278          0.00117554
                  21             0.00288         -0.00217505          0.00114638
                  22            0.002268         -0.00197309          0.00111153
                  23             0.00574         -0.00163774          0.00111379
                  24           -0.008876         -0.00193933           0.0011082
                  25            0.000968         -0.00182304          0.00106929
                  26           -0.000112         -0.00175723          0.00102945
                  27           -0.001656         -0.00175348         0.000990591
                  28           -0.002632         -0.00178486         0.000955073
                  29             0.00454         -0.00156676         0.000947008
                  30            0.003124          -0.0014104         0.000928161
                  31             0.00798         -0.00110748          0.00094745
                  32            -0.00382         -0.00119225         0.000921273
                  33            0.005812            -0.00098         0.000917799
                  34           -0.010164         -0.00125012         0.000930467
                  35           -0.003088         -0.00130263         0.000905015
                  36           -0.004852         -0.00140122         0.000885026
                  37            0.000236         -0.00135697         0.000861911
                  38            0.004496         -0.00120295         0.000852944
                  39             0.00162         -0.00113056         0.000833933
                  40           -0.002408          -0.0011625         0.000813445
                   1            0.000672            0.000672                   0
                   2           -0.002756           -0.001042            0.001714
                   3            0.012664          0.00352667          0.00467461
                   4            0.001412            0.002998          0.00334746
                   5            0.000556           0.0025096          0.00263853
                   6            0.003224          0.00262867          0.00215764
                   7            0.002196          0.00256686          0.00182458
                   8             0.00802           0.0032485          0.00172089
                   9            0.005832          0.00353556          0.00154459
                  10           -0.004232           0.0027588          0.00158492
                  11           -0.005904          0.00197127          0.00163568
                  12           -0.000932          0.00172933          0.00151264
                  13             0.00612          0.00206708          0.00143183
                  14            -0.00112          0.00183943          0.00134502
                  15            0.007748          0.00223333          0.00131264
                  16              0.0039           0.0023375          0.00123227
                  17            0.001188          0.00226988          0.00115949
                  18           -0.006976          0.00175622          0.00120785
                  19             0.00322          0.00183326           0.0011451
                  20            0.011116           0.0022974          0.00118134
                  21           -0.003688          0.00201238          0.00115926
                  22           -0.002696          0.00179836          0.00112584
                  23            -0.00668          0.00142974          0.00113718
                  24            0.009204          0.00175367          0.00113593
                  25           -0.000668           0.0016568          0.00109385
                  26           -0.001096          0.00155092          0.00105625
                  27            0.001588           0.0015523          0.00101638
                  28            0.002788          0.00159643         0.000980403
                  29           -0.003776          0.00141117         0.000963961
                  30           -0.002636          0.00127627         0.000940995
                  31           -0.007192           0.0010031         0.000950246
                  32            0.004412          0.00110963         0.000926218
                  33           -0.005632         0.000905333         0.000920664
                  34            0.009816          0.00116741         0.000930831
                  35            0.002572          0.00120754         0.000904735
                  36            0.003344          0.00126689         0.000881245
                  37           -0.000296          0.00122465         0.000858137
                  38           -0.004232          0.00108105         0.000847503
                  39           -0.001408          0.00101723          0.00082795
                  40             0.00032           0.0009998         0.000807174
