                   1             24.0066             24.0066                   0
                   2             21.5923             22.7995             1.20714
                   3             20.5453             22.0481             1.02485
                   4             21.6515             21.9489            0.731431
                   5             24.6805             22.4952            0.787053
                   6             20.9598             22.2393            0.691707
                   7             22.9118             22.3354             0.59244
                   8             19.0118             21.9199            0.660182
                   9             23.7203               22.12            0.615634
                  10             23.0331             22.2113            0.558159
                  11             26.8775             22.6355            0.659428
                  12             23.7086             22.7249            0.608579
                  13             23.5427             22.7878            0.563335
                  14             24.1446             22.8847            0.530474
                  15             22.8536             22.8827            0.493849
                  16             27.9269             23.1979            0.559278
                  17             24.6365             23.2825            0.532122
                  18              28.583              23.577            0.581725
                  19             23.9718             23.5978            0.550649
                  20             26.8085             23.7583            0.546502
                  21             24.9587             23.8155             0.52296
                  22             23.2507             23.7898            0.499283
                  23             22.8575             23.7493            0.478801
                  24             20.1559             23.5996            0.482248
                  25             24.7783             23.6467            0.464953
                  26             24.4318             23.6769            0.447732
                  27             20.4131              23.556            0.447467
                  28             21.6734             23.4888              0.4364
                  29               26.29             23.5854             0.43202
                  30             22.9609             23.5646             0.41789
                  31             25.5646             23.6291            0.409302
                  32             23.1051             23.6127            0.396643
                  33             21.3277             23.5435            0.390622
                  34             23.8704             23.5531            0.379081
                  35              26.969             23.6507             0.38081
                  36             27.1841             23.7488            0.382875
                  37             24.7742             23.7765            0.373413
                  38             26.1974             23.8403            0.368995
                  39             23.3623              23.828            0.359618
                  40             19.2695              23.714            0.368573
                   1              24.201              24.201                   0
                   2             21.5775             22.8892             1.31172
                   3             20.5343             22.1043             1.09074
                   4             21.6357             21.9871            0.780114
                   5             24.7039             22.5305            0.812638
                   6             20.9675               22.27            0.712823
                   7             22.9012             22.3602            0.609157
                   8             18.9948             21.9395            0.674733
                   9             23.7127             22.1365            0.626828
                  10             23.0158             22.2245            0.567505
                  11             26.8527             22.6452            0.663728
                  12             23.6821             22.7316            0.612028
                  13             23.5602             22.7953            0.566581
                  14             24.1339              22.891            0.533195
                  15             22.8499             22.8882            0.496385
                  16             27.9486             23.2045            0.561807
                  17             24.6356             23.2887            0.534398
                  18             28.5969             23.5836            0.583795
                  19             23.9949             23.6052            0.552639
                  20             26.8456             23.7673            0.548744
                  21             24.9347             23.8228            0.524911
                  22             23.3201                23.8            0.501005
                  23             22.8854             23.7602            0.480375
                  24             20.1879             23.6114             0.48341
                  25             24.7473             23.6568            0.465892
                  26             24.4617             23.6878            0.448684
                  27             20.3823             23.5654            0.448768
                  28             21.6482             23.4969            0.437831
                  29             26.2788             23.5928            0.433217
                  30             22.9523             23.5715            0.419072
                  31             25.5494             23.6353            0.410319
                  32             23.1204             23.6192            0.397615
                  33              21.338               23.55            0.391529
                  34             23.8874               23.56            0.379968
                  35             26.9829             23.6578            0.381694
                  36             27.1961             23.7561             0.38374
                  37             24.8048             23.7844              0.3743
                  38             26.2384              23.849            0.369996
                  39             23.3203             23.8354            0.360639
                  40             19.2739             23.7214            0.369544
