                   1           -0.844248           -0.844248                   0
                   2           -0.852904           -0.848576            0.004328
                   3           -0.844072           -0.847075          0.00291511
                   4           -0.851976             -0.8483          0.00239799
                   5           -0.848448            -0.84833          0.00185771
                   6           -0.847848           -0.848249          0.00151894
                   7           -0.850472           -0.848567          0.00132242
                   8           -0.845544           -0.848189          0.00120598
                   9            -0.84532            -0.84787          0.00111032
                  10            -0.84516           -0.847599          0.00102942
                  11           -0.845832           -0.847439         0.000944899
                  12           -0.852752           -0.847881         0.000969582
                  13           -0.843632           -0.847554         0.000949897
                  14           -0.851696            -0.84785         0.000927856
                  15           -0.843864           -0.847585         0.000903743
                  16           -0.852736           -0.847907         0.000904611
                  17           -0.852928           -0.848202          0.00089961
                  18            -0.84836           -0.848211         0.000848206
                  19           -0.844688           -0.848025         0.000823466
                  20           -0.849024           -0.848075         0.000782803
                  21           -0.843856           -0.847874         0.000771224
                  22           -0.848024           -0.847881         0.000735365
                  23            -0.84248           -0.847646         0.000740867
                  24           -0.852168           -0.847835         0.000733921
                  25           -0.854744           -0.848111         0.000756261
                  26           -0.846984           -0.848068         0.000727884
                  27            -0.85364           -0.848274          0.00073018
                  28           -0.849608           -0.848322          0.00070523
                  29            -0.84924           -0.848353         0.000681214
                  30           -0.848568           -0.848361         0.000658154
                  31             -0.8504           -0.848426          0.00063996
                  32           -0.841448           -0.848208         0.000656892
                  33           -0.843952           -0.848079         0.000649608
                  34           -0.849192           -0.848112         0.000631062
                  35           -0.846664           -0.848071         0.000614161
                  36           -0.849768           -0.848118         0.000598717
                  37           -0.850024           -0.848169         0.000584585
                  38           -0.846304            -0.84812         0.000571107
                  39           -0.843392           -0.847999         0.000569328
                  40            -0.85236           -0.848108         0.000565522
                   1           -0.844704           -0.844704                   0
                   2           -0.852872           -0.848788            0.004084
                   3           -0.843992           -0.847189          0.00284876
                   4            -0.85188           -0.848362          0.00233085
                   5           -0.848736           -0.848437          0.00180702
                   6           -0.847584           -0.848295          0.00148225
                   7           -0.850744           -0.848645          0.00130068
                   8            -0.84528           -0.848224          0.00120238
                   9           -0.845512           -0.847923          0.00110238
                  10           -0.845264           -0.847657          0.00102121
                  11            -0.84592           -0.847499          0.00093712
                  12           -0.853104           -0.847966         0.000974681
                  13           -0.843824           -0.847647         0.000951506
                  14           -0.851248           -0.847905         0.000917699
                  15           -0.843984           -0.847643         0.000893419
                  16           -0.853064           -0.847982          0.00090178
                  17           -0.852648           -0.848256         0.000890433
                  18            -0.84872           -0.848282         0.000839903
                  19           -0.845528           -0.848137         0.000807585
                  20           -0.848888           -0.848175         0.000767061
                  21           -0.843904           -0.847971         0.000757434
                  22           -0.847696           -0.847959         0.000722294
                  23           -0.842696            -0.84773         0.000727119
                  24           -0.852616           -0.847934         0.000725319
                  25           -0.854904           -0.848212         0.000749492
                  26           -0.847064           -0.848168         0.000721442
                  27           -0.853744           -0.848375         0.000724272
                  28           -0.849848           -0.848427         0.000699906
                  29           -0.849456           -0.848463         0.000676271
                  30           -0.848472           -0.848463          0.00065334
                  31           -0.849888           -0.848509         0.000633582
                  32           -0.841576           -0.848293         0.000650599
                  33           -0.844392           -0.848174         0.000641558
                  34           -0.849376            -0.84821         0.000623406
                  35            -0.84684           -0.848171         0.000606596
                  36           -0.849656           -0.848212         0.000590947
                  37           -0.849976           -0.848259         0.000576728
                  38           -0.845896           -0.848197         0.000564781
                  39           -0.843432           -0.848075         0.000563515
                  40           -0.851888            -0.84817         0.000557457
