                   1           -0.555344           -0.555344                   0
                   2           -0.554648           -0.554996            0.000348
                   3           -0.556512           -0.555501          0.00054381
                   4            -0.55596           -0.555616         0.000401265
                   5           -0.553184            -0.55513         0.000577229
                   6           -0.556072           -0.555287         0.000496788
                   7           -0.555776           -0.555357         0.000425642
                   8           -0.554944           -0.555305         0.000372207
                   9           -0.555008           -0.555272          0.00032991
                  10           -0.559008           -0.555646         0.000476077
                  11           -0.552088           -0.555322         0.000538554
                  12           -0.554288           -0.555236         0.000499127
                  13            -0.55364           -0.555113          0.00047526
                  14           -0.549744            -0.55473         0.000583686
                  15           -0.555704           -0.554795         0.000547251
                  16           -0.556664           -0.554911         0.000525069
                  17           -0.552392           -0.554763         0.000515003
                  18           -0.553864           -0.554713         0.000488113
                  19           -0.555352           -0.554747          0.00046293
                  20           -0.554808            -0.55475         0.000439185
                  21           -0.552488           -0.554642         0.000431412
                  22            -0.55304           -0.554569         0.000417733
                  23           -0.556712           -0.554663         0.000409883
                  24           -0.551616           -0.554536         0.000412454
                  25            -0.55528           -0.554565         0.000396731
                  26           -0.554856           -0.554577          0.00038133
                  27           -0.553144           -0.554524         0.000370752
                  28           -0.554376           -0.554518         0.000357304
                  29           -0.552392           -0.554445         0.000352474
                  30           -0.554552           -0.554449         0.000340541
                  31            -0.55748           -0.554546         0.000343582
                  32           -0.555432           -0.554574         0.000333821
                  33            -0.54856           -0.554392         0.000371343
                  34           -0.552928           -0.554349         0.000362819
                  35           -0.552496           -0.554296         0.000356254
                  36           -0.558424            -0.55441         0.000364714
                  37           -0.553704           -0.554391         0.000355233
                  38            -0.55408           -0.554383         0.000345856
                  39           -0.553544           -0.554362         0.000337557
                  40           -0.553648           -0.554344         0.000329494
                   1           -0.554784           -0.554784                   0
                   2            -0.55616           -0.555472            0.000688
                   3           -0.556552           -0.555832          0.00053608
                   4           -0.554528           -0.555506         0.000499967
                   5           -0.552312           -0.554867         0.000747024
                   6           -0.554896           -0.554872         0.000609962
                   7            -0.55524           -0.554925         0.000518185
                   8            -0.55412           -0.554824         0.000459893
                   9           -0.554992           -0.554843         0.000406017
                  10           -0.557872           -0.555146         0.000472915
                  11           -0.552376           -0.554894         0.000496366
                  12           -0.554304           -0.554845         0.000455776
                  13           -0.552712           -0.554681         0.000450207
                  14            -0.54928           -0.554295         0.000567926
                  15             -0.5572           -0.554489         0.000563068
                  16           -0.557664           -0.554687         0.000562853
                  17           -0.552288           -0.554546         0.000547217
                  18            -0.55464           -0.554551         0.000515948
                  19            -0.55444           -0.554545         0.000488073
                  20           -0.554584           -0.554547         0.000463031
                  21           -0.552576           -0.554453         0.000450322
                  22           -0.551536           -0.554321         0.000449376
                  23           -0.556984           -0.554437         0.000444733
                  24           -0.552688           -0.554364         0.000431987
                  25           -0.554496           -0.554369         0.000414381
                  26           -0.553224           -0.554325         0.000400552
                  27              -0.554           -0.554313          0.00038562
                  28           -0.554888           -0.554333          0.00037216
                  29           -0.552088           -0.554256          0.00036735
                  30           -0.554192           -0.554254           0.0003549
                  31           -0.556032           -0.554311          0.00034802
                  32           -0.554888           -0.554329         0.000337451
                  33           -0.549752           -0.554191         0.000355261
                  34           -0.552504           -0.554141         0.000348206
                  35           -0.553128           -0.554112         0.000339347
                  36            -0.55836            -0.55423         0.000350261
                  37           -0.555072           -0.554253         0.000341422
                  38           -0.554416           -0.554257         0.000332344
                  39           -0.555448           -0.554288         0.000325147
                  40            -0.55408           -0.554282         0.000316957
