                   1            0.335752            0.335752                   0
                   2            0.683612            0.509682             0.17393
                   3            -0.40612            0.204415             0.32136
                   4            0.007916             0.15529            0.232485
                   5           -0.558964           0.0124392            0.229861
                   6            -0.60152          -0.0898873            0.213763
                   7           -0.003016          -0.0774771            0.181089
                   8             -0.8512           -0.174193            0.184252
                   9           -0.607524            -0.22234            0.169478
                  10            0.086132           -0.191493            0.154692
                  11           -0.545076           -0.223637            0.143569
                  12            0.373808            -0.17385            0.140198
                  13            0.463764           -0.124803            0.137975
                  14           -0.360192           -0.141616            0.128842
                  15           -0.184808           -0.144496             0.11998
                  16           -0.437172           -0.162788            0.113712
                  17           -0.930692           -0.207959            0.115972
                  18           -0.297344           -0.212925            0.109453
                  19            0.718356            -0.16391            0.114548
                  20            0.198836           -0.145773            0.110173
                  21             0.32542           -0.123335            0.107171
                  22           -0.737824           -0.151266            0.105932
                  23             0.02176           -0.143743            0.101501
                  24             0.36084           -0.122719           0.0994277
                  25           -0.494948           -0.137608            0.096523
                  26            0.018704           -0.131596           0.0929309
                  27            -0.53052           -0.146371           0.0906352
                  28           -0.188808           -0.147887           0.0873514
                  29            0.171024            -0.13689           0.0849999
                  30            0.105784           -0.128801           0.0825151
                  31            0.101296           -0.121378           0.0801534
                  32            0.108988           -0.114179           0.0779414
                  33            0.226292           -0.103862           0.0762439
                  34            -0.63768           -0.119562           0.0756154
                  35            0.512752           -0.101496           0.0756131
                  36            0.661996          -0.0802882            0.076482
                  37            0.687068          -0.0595489           0.0772233
                  38            0.641384          -0.0411033           0.0773938
                  39           -0.034012          -0.0409214           0.0753835
                  40           -0.298568          -0.0473626           0.0737565
                   1            0.328316            0.328316                   0
                   2             0.68348            0.505898            0.177582
                   3           -0.406212            0.201861            0.320858
                   4            0.007944            0.153382            0.232003
                   5           -0.559004           0.0109048            0.229336
                   6           -0.601364            -0.09114            0.213252
                   7           -0.003156          -0.0785709            0.180669
                   8             -0.8514           -0.175175            0.183883
                   9           -0.607564           -0.223218            0.169137
                  10            0.086284           -0.192268            0.154414
                  11           -0.545124           -0.224345            0.143309
                  12            0.373912           -0.174491                0.14
                  13            0.463876           -0.125386            0.137826
                  14           -0.360468           -0.142177            0.128702
                  15           -0.184932           -0.145027            0.119849
                  16           -0.437116           -0.163283            0.113585
                  17           -0.930504           -0.208414            0.115847
                  18           -0.297532           -0.213365            0.109334
                  19            0.717892           -0.164351            0.114446
                  20            0.199004           -0.146183            0.110083
                  21             0.32532           -0.123731             0.10709
                  22           -0.737752           -0.151641            0.105852
                  23            0.021588           -0.144109            0.101425
                  24            0.360988           -0.123064           0.0993613
                  25           -0.494916           -0.137938           0.0964577
                  26            0.018752           -0.131911           0.0928693
                  27           -0.530704           -0.146681            0.090576
                  28           -0.188744           -0.148183           0.0872941
                  29            0.170852           -0.137182           0.0849456
                  30             0.10572           -0.129085           0.0824637
                  31            0.101304           -0.121654           0.0801047
                  32            0.108936           -0.114448           0.0778951
                  33            0.226384           -0.104119           0.0762009
                  34           -0.637568           -0.119809           0.0755724
                  35              0.5125           -0.101743           0.0755725
                  36            0.661836          -0.0805326           0.0764448
                  37            0.687224          -0.0597824           0.0771913
                  38            0.641616          -0.0413245           0.0773665
                  39           -0.034164          -0.0411409           0.0753569
                  40           -0.298824           -0.047583           0.0737308
