                   1              1.0804              1.0804                   0
                   2             1.02371             1.05205           0.0283453
                   3             1.06046             1.05485           0.0166034
                   4             1.01982              1.0461           0.0146474
                   5             1.01052             1.03898           0.0133924
                   6              1.0184             1.03555           0.0114603
                   7             1.01032             1.03195           0.0103346
                   8             1.00611             1.02872          0.00951498
                   9             1.07108             1.03342          0.00962147
                  10             1.00888             1.03097          0.00894875
                  11             1.05028             1.03272          0.00828265
                  12             1.03738             1.03311          0.00757093
                  13             1.01901             1.03203          0.00704818
                  14             1.05821              1.0339          0.00678805
                  15             1.06915             1.03625          0.00674221
                  16             1.05357             1.03733          0.00639901
                  17             1.04918             1.03803          0.00605112
                  18             1.02477             1.03729          0.00575238
                  19             1.05845             1.03841          0.00555396
                  20             1.02681             1.03783          0.00530073
                  21             1.06733             1.03923          0.00523412
                  22             1.01034             1.03792          0.00516043
                  23             1.03326             1.03772          0.00493512
                  24             1.07184             1.03914          0.00493426
                  25             1.08378             1.04092          0.00505843
                  26            0.992869             1.03907          0.00519954
                  27             1.01603             1.03822          0.00507553
                  28             1.05279             1.03874           0.0049185
                  29             1.08172             1.04022          0.00497188
                  30             1.06358               1.041          0.00486595
                  31            0.965082             1.03855          0.00530544
                  32            0.993495             1.03714          0.00532645
                  33             1.00056             1.03604          0.00528024
                  34             1.05473             1.03659          0.00515201
                  35             1.01071             1.03585          0.00505699
                  36             1.06984             1.03679          0.00500442
                  37             1.03718              1.0368           0.0048673
                  38             1.08884             1.03817          0.00493144
                  39             1.05193             1.03852          0.00481627
                  40             1.06024             1.03907           0.0047256
                   1             1.05314             1.05314                   0
                   2             1.02581             1.03948           0.0136655
                   3             1.06114              1.0467           0.0106947
                   4             1.02345             1.04089          0.00953866
                   5             1.00604             1.03392           0.0101566
                   6             1.02704             1.03277          0.00837172
                   7             1.00083             1.02821          0.00841905
                   8             1.01031             1.02597          0.00762651
                   9             1.07118             1.03099          0.00839453
                  10             1.00605              1.0285          0.00791171
                  11             1.04825              1.0303          0.00737824
                  12             1.04289             1.03134          0.00681669
                  13             1.00294             1.02916          0.00664035
                  14             1.07125             1.03217           0.0068435
                  15             1.06636             1.03445          0.00676661
                  16             1.05621             1.03581          0.00647408
                  17             1.04987             1.03663          0.00613737
                  18             1.02925             1.03622          0.00580088
                  19             1.05158             1.03703          0.00554626
                  20              1.0208             1.03622          0.00532385
                  21             1.06652             1.03766          0.00526556
                  22            0.991605             1.03557          0.00543952
                  23             1.04422             1.03595          0.00521123
                  24             1.06485             1.03715          0.00513264
                  25             1.08332               1.039          0.00525805
                  26            0.993024             1.03723          0.00535226
                  27             1.01714             1.03648          0.00520369
                  28             1.04598             1.03682          0.00502585
                  29             1.07687              1.0382          0.00504219
                  30             1.06086             1.03896          0.00492942
                  31            0.967836             1.03666          0.00529106
                  32            0.992937              1.0353          0.00530217
                  33             1.00741             1.03445          0.00520799
                  34             1.05375             1.03502          0.00508425
                  35             1.01518             1.03445          0.00496927
                  36             1.06685             1.03535          0.00491237
                  37             1.04289             1.03556           0.0047821
                  38             1.08776             1.03693          0.00485302
                  39             1.05016             1.03727          0.00473909
                  40             1.06223             1.03789          0.00466106
