                   1             34.1555             34.1555                   0
                   2             38.9989             36.5772              2.4217
                   3             44.6091             39.2545             3.02039
                   4             30.6536             37.1043             3.03066
                   5             37.0789             37.0992             2.34754
                   6             43.5547             38.1751             2.19808
                   7             46.2348             39.3265             2.18559
                   8             33.1854             38.5589             2.04251
                   9             38.7466             38.5797             1.80145
                  10             37.8185             38.5036             1.61306
                  11             46.8877             39.2658             1.64615
                  12              53.227             40.4292             1.90046
                  13             44.9619             40.7779              1.7826
                  14             41.2621             40.8125             1.65073
                  15             46.2602             41.1757             1.57908
                  16             50.2894             41.7453             1.58312
                  17             41.4657             41.7288             1.48717
                  18             33.9413             41.2962             1.46735
                  19             25.3266             40.4557             1.62263
                  20             43.1861             40.5922              1.5454
                  21             47.6141             40.9266             1.50752
                  22             43.2711             41.0332             1.44131
                  23             49.7227              41.411              1.4281
                  24             48.5112             41.7068             1.39894
                  25             36.9734             41.5175             1.35511
                  26             37.8632             41.3769             1.30951
                  27             34.6961             41.1295             1.28414
                  28             42.1719             41.1667             1.23799
                  29              34.771             40.9462             1.21473
                  30             38.5916             40.8677             1.17616
                  31             40.3351             40.8505             1.13772
                  32             45.9051             41.0085             1.11286
                  33             36.4393               40.87             1.08746
                  34             42.3875             40.9146             1.05593
                  35             38.8334             40.8552             1.02704
                  36             46.0392             40.9992             1.00844
                  37             33.6934             40.8017             1.00048
                  38              32.831              40.592            0.996134
                  39             45.6606             40.7219            0.978922
                  40             37.3332             40.6372            0.957889
                   1             34.7678             34.7678                   0
                   2             38.9656             36.8667             2.09889
                   3             44.6151             39.4495             2.85294
                   4             30.6883             37.2592             2.97775
                   5             37.0547             37.2183             2.30692
                   6             43.5233             38.2691             2.15689
                   7             46.2349             39.4071             2.14894
                   8             33.2007             38.6313             2.01626
                   9             38.7495             38.6444             1.77823
                  10             37.8264             38.5626              1.5926
                  11             46.9011             39.3207             1.62783
                  12             53.2314             40.4799             1.88468
                  13             44.9694             40.8253             1.76771
                  14             41.2738             40.8573              1.6369
                  15              46.271             41.2182             1.56602
                  16             50.2975             41.7857             1.57095
                  17             41.5018              41.769             1.47575
                  18             33.9814             41.3363             1.45706
                  19              25.339             40.4944             1.61507
                  20             43.1854             40.6289             1.53809
                  21               47.57             40.9594             1.49988
                  22             43.2666             41.0643             1.43392
                  23             49.7514              41.442             1.42127
                  24             48.4945             41.7359             1.39213
                  25             36.9699             41.5452             1.34882
                  26             37.8639             41.4036             1.30362
                  27             34.7162             41.1559             1.27862
                  28             42.1709             41.1922             1.23265
                  29             34.7945             40.9716             1.20967
                  30             38.6078             40.8928              1.1713
                  31             40.3651             40.8758             1.13302
                  32             45.8879             41.0324             1.10817
                  33              36.444             40.8934             1.08302
                  34              42.414             40.9381             1.05164
                  35             38.8428             40.8782              1.0229
                  36             46.0348             41.0215             1.00435
                  37             33.7062             40.8237            0.996635
                  38             32.8385             40.6136            0.992553
                  39             45.6439             40.7426            0.975334
                  40             37.3077             40.6567            0.954508
