                   1           -0.043352           -0.043352                   0
                   2            0.108288            0.032468             0.07582
                   3           -0.077928         -0.00433067           0.0571871
                   4            0.015652            0.000665           0.0407448
                   5           -0.000304           0.0004712           0.0315614
                   6            -0.03146         -0.00485067           0.0263136
                   7           -0.012664         -0.00596686            0.022267
                   8            0.026472           -0.001912           0.0197055
                   9             0.03186          0.00184044           0.0177791
                  10           -0.040968          -0.0024404           0.0164683
                  11           -0.078096         -0.00931818           0.0164072
                  12            0.072968           -0.002461           0.0164728
                  13            0.088408          0.00452892           0.0166873
                  14             0.09664           0.0111083            0.016792
                  15           -0.046084          0.00729547           0.0160908
                  16            0.018196          0.00797675            0.015067
                  17            0.114936           0.0142685           0.0154884
                  18            -0.01288           0.0127602           0.0146803
                  19            0.088952           0.0167703           0.0144536
                  20            -0.01024           0.0154198           0.0137783
                  21           -0.036728           0.0129366           0.0133389
                  22            0.083936           0.0161638           0.0131212
                  23            -0.05736           0.0129671           0.0129389
                  24              0.0363           0.0139393           0.0124261
                  25              -0.005           0.0131818           0.0119428
                  26             0.01218           0.0131432           0.0114743
                  27             0.06334           0.0150024           0.0111966
                  28           -0.112188           0.0104599           0.0117066
                  29           -0.086472          0.00711738           0.0117798
                  30            0.076524          0.00943093           0.0116132
                  31            0.099668           0.0123418           0.0116034
                  32            0.014764           0.0124175           0.0112352
                  33           -0.108836          0.00874315           0.0114926
                  34           -0.044348          0.00718165           0.0112583
                  35            0.028376           0.0077872           0.0109486
                  36            0.031332          0.00844122           0.0106602
                  37           -0.005136          0.00807427           0.0103746
                  38            -0.04866          0.00658126           0.0102077
                  39           -0.020172          0.00589528          0.00996613
                  40            0.102528           0.0083111           0.0100097
                   1            -0.05034            -0.05034                   0
                   2             0.10794              0.0288             0.07914
                   3           -0.078004         -0.00680133           0.0579238
                   4            0.016268           -0.001034           0.0413624
                   5           -0.000696          -0.0009664           0.0320392
                   6           -0.031764         -0.00609933           0.0266587
                   7           -0.013112         -0.00710114            0.022553
                   8            0.025836           -0.002984           0.0199607
                   9            0.032056         0.000909333           0.0180291
                  10            -0.04094          -0.0032756           0.0166599
                  11           -0.077984          -0.0100673           0.0165292
                  12            0.072264         -0.00320633           0.0165756
                  13             0.08828          0.00383108           0.0167931
                  14            0.095968           0.0104123           0.0168829
                  15           -0.045616          0.00667707           0.0161549
                  16             0.01834            0.007406           0.0151291
                  17            0.115148           0.0137438           0.0155605
                  18            -0.01212           0.0123069           0.0147407
                  19            0.089024           0.0163446           0.0145162
                  20           -0.009748             0.01504           0.0138329
                  21           -0.036984           0.0125627           0.0133889
                  22            0.083368           0.0157811           0.0131653
                  23           -0.057496           0.0125951           0.0129771
                  24              0.0366           0.0135953           0.0124648
                  25           -0.004356           0.0128773           0.0119773
                  26            0.012592           0.0128663           0.0115075
                  27            0.063436           0.0147393           0.0112303
                  28           -0.111996            0.010213           0.0117303
                  29           -0.086344          0.00688345           0.0117981
                  30             0.07754          0.00923867           0.0116388
                  31            0.099868           0.0121622           0.0116306
                  32            0.014264           0.0122279           0.0112614
                  33           -0.109156          0.00854958            0.011518
                  34           -0.044192          0.00699835           0.0112812
                  35            0.028072          0.00760046           0.0109707
                  36            0.031016          0.00825089           0.0106814
                  37           -0.005112          0.00788973            0.010395
                  38           -0.048648          0.00640189           0.0102266
                  39           -0.019992          0.00572513          0.00998387
                  40            0.102788           0.0081517           0.0100291
