                   1            0.435542            0.435542                   0
                   2            0.418971            0.427256          0.00828553
                   3            0.406285            0.420266          0.00847047
                   4            0.448001            0.427199          0.00916249
                   5             0.46622            0.435004           0.0105487
                   6            0.409481             0.43075          0.00960621
                   7             0.40258            0.426726          0.00906135
                   8            0.423975            0.426382          0.00785489
                   9             0.40754            0.424288          0.00723678
                  10            0.454337            0.427293          0.00713625
                  11            0.474607            0.431594          0.00775681
                  12            0.437352            0.432074           0.0070972
                  13            0.411604              0.4305          0.00671568
                  14            0.404068            0.428612          0.00649785
                  15            0.433936            0.428967          0.00605957
                  16            0.419215            0.428357          0.00570089
                  17            0.484425            0.431655          0.00628919
                  18              0.4626            0.433374           0.0061737
                  19            0.453099            0.434413          0.00593129
                  20            0.442826            0.434833          0.00564262
                  21            0.409861            0.433644          0.00549736
                  22            0.428039            0.433389          0.00524771
                  23            0.434046            0.433418          0.00501445
                  24            0.415166            0.432657          0.00486082
                  25            0.427976             0.43247           0.0046661
                  26            0.460857            0.433562          0.00461408
                  27            0.428833            0.433387          0.00444335
                  28            0.433408            0.433388          0.00428172
                  29            0.407393            0.432491          0.00422756
                  30            0.444425            0.432889          0.00410353
                  31            0.414636              0.4323          0.00401239
                  32            0.427335            0.432145          0.00388808
                  33            0.444327            0.432514          0.00378645
                  34            0.404345            0.431686          0.00376567
                  35            0.471567            0.432825          0.00382993
                  36            0.483441            0.434231          0.00397872
                  37             0.46487            0.435059           0.0039573
                  38            0.428818            0.434895          0.00385526
                  39            0.414586            0.434374          0.00379104
                  40            0.404025            0.433615          0.00377214
                   1            0.426259            0.426259                   0
                   2            0.421019            0.423639          0.00262008
                   3            0.401372            0.416217          0.00757491
                   4            0.441124            0.422444          0.00821343
                   5            0.467061            0.431367           0.0109592
                   6            0.407452            0.427381          0.00979574
                   7            0.401543             0.42369           0.0090645
                   8             0.42221            0.423505          0.00785227
                   9             0.40733            0.421708          0.00715446
                  10            0.455541            0.425091          0.00723852
                  11            0.472546            0.429405          0.00784096
                  12            0.437451            0.430076          0.00718911
                  13            0.413512            0.428802          0.00673465
                  14            0.407873            0.427307          0.00641177
                  15            0.430502             0.42752          0.00597283
                  16            0.419038             0.42699          0.00561217
                  17             0.48143            0.430192          0.00616816
                  18            0.460176            0.431858          0.00604928
                  19            0.451159            0.432874          0.00581152
                  20            0.441234            0.433292          0.00552911
                  21            0.413305             0.43234          0.00534466
                  22             0.43239            0.432342          0.00509593
                  23            0.432739            0.432359          0.00486936
                  24            0.412588            0.431536          0.00473429
                  25            0.425312            0.431287          0.00454779
                  26            0.465882            0.432617          0.00456748
                  27            0.423594            0.432283          0.00440775
                  28            0.432275            0.432283          0.00424741
                  29            0.402664            0.431261          0.00422367
                  30            0.448201            0.431826          0.00411934
                  31            0.416702            0.431338            0.004014
                  32            0.430531            0.431313          0.00388662
                  33            0.449187            0.431855          0.00380574
                  34             0.40721             0.43113          0.00376259
                  35            0.472093              0.4323          0.00383639
                  36            0.488001            0.433847          0.00403661
                  37            0.463865            0.434659          0.00400894
                  38            0.429937            0.434534            0.003904
                  39            0.415013            0.434034          0.00383538
                  40            0.405477             0.43332          0.00380583
