                   1           -0.022616           -0.022616                   0
                   2           -0.004768           -0.013692            0.008924
                   3            0.011028           -0.005452          0.00971821
                   4             0.00254           -0.003454          0.00715638
                   5           -0.027988          -0.0083608          0.00740304
                   6            0.022648         -0.00319267          0.00795275
                   7            0.002976         -0.00231143          0.00677882
                   8            0.005448          -0.0013415          0.00595022
                   9            -0.00694         -0.00196356          0.00528434
                  10            0.005372            -0.00123          0.00478304
                  11            0.010116        -0.000198545          0.00444768
                  12           -0.010772         -0.00107967          0.00415467
                  13           -0.008212         -0.00162831          0.00386092
                  14            0.055872          0.00247886          0.00544481
                  15           -0.013068           0.0014424          0.00517372
                  16           -0.000852            0.001299           0.0048417
                  17           -0.012596         0.000481647          0.00462085
                  18           -0.018112        -0.000551333          0.00447737
                  19            0.047092          0.00195621          0.00492183
                  20           -0.007628            0.001477          0.00469378
                  21           -0.012552         0.000808952          0.00451438
                  22            0.014272          0.00142091          0.00434758
                  23           -0.002712          0.00124122          0.00415814
                  24             0.04094          0.00289533          0.00431108
                  25            0.026564          0.00384208          0.00424204
                  26           -0.001232          0.00364692          0.00408029
                  27            0.018936          0.00421319          0.00396688
                  28            0.016224          0.00464214          0.00384658
                  29            0.017592          0.00508869          0.00373833
                  30            0.004008          0.00505267          0.00361175
                  31            0.014512          0.00535781           0.0035066
                  32           -0.017404           0.0046465          0.00346896
                  33           -0.004732           0.0043623          0.00337419
                  34            0.013424          0.00462882          0.00328428
                  35           -0.006036          0.00432411          0.00320358
                  36              0.0088          0.00444844          0.00311581
                  37            0.003788          0.00443059          0.00303048
                  38             0.00588          0.00446874           0.0029499
                  39           -0.023772          0.00374462          0.00296311
                  40           -0.024852           0.0030297          0.00297525
                   1           -0.020908           -0.020908                   0
                   2           -0.005632            -0.01327            0.007638
                   3            0.011736         -0.00493467          0.00942996
                   4            0.002132           -0.003168          0.00689806
                   5           -0.027388           -0.008012          0.00721209
                   6            0.022788         -0.00287867            0.007812
                   7            0.003512         -0.00196571          0.00666516
                   8            0.006256           -0.000938          0.00586298
                   9           -0.006376         -0.00154222          0.00520584
                  10            0.004188          -0.0009692          0.00469137
                  11            0.009476        -1.96364e-05          0.00434845
                  12           -0.009908        -0.000843667           0.0040542
                  13           -0.008044         -0.00139754          0.00377023
                  14            0.055552          0.00267029          0.00536015
                  15           -0.012852          0.00163547          0.00509619
                  16           -0.000572           0.0014975          0.00476905
                  17           -0.012368         0.000681882          0.00455338
                  18            -0.01758        -0.000332667          0.00441123
                  19              0.0475          0.00218484          0.00487324
                  20           -0.006976           0.0017268           0.0046458
                  21           -0.011764          0.00108438          0.00446549
                  22            0.013944          0.00166891          0.00429761
                  23           -0.001956           0.0015113          0.00410953
                  24            0.041632            0.003183          0.00427498
                  25              0.0271          0.00413968          0.00421054
                  26           -0.000944          0.00394415          0.00405008
                  27            0.019316          0.00451348          0.00393856
                  28            0.016096          0.00492714          0.00381777
                  29            0.018228          0.00538579          0.00371221
                  30            0.003392          0.00531933          0.00358695
                  31             0.01382          0.00559355          0.00348013
                  32           -0.018128          0.00485225           0.0034502
                  33           -0.003912          0.00458667          0.00335455
                  34            0.012896          0.00483106          0.00326355
                  35           -0.005752          0.00452869          0.00318333
                  36            0.007892          0.00462211          0.00309505
                  37            0.003108          0.00458119          0.00301052
                  38             0.00594          0.00461695          0.00293044
                  39           -0.023568          0.00389426          0.00294438
                  40           -0.025292           0.0031646          0.00296113
