                   1             1.27856             1.27856                   0
                   2             1.24917             1.26387           0.0146979
                   3             1.24075             1.25616           0.0114613
                   4             1.22545             1.24848           0.0111643
                   5             1.20014             1.23881           0.0129725
                   6             1.22087             1.23582           0.0110061
                   7             1.20493             1.23141           0.0102959
                   8             1.19955             1.22743          0.00976568
                   9             1.20776             1.22524          0.00888532
                  10             1.23821             1.22654          0.00805232
                  11             1.22543             1.22644           0.0072843
                  12             1.24218             1.22775          0.00677775
                  13             1.18578             1.22452          0.00702104
                  14             1.22431             1.22451          0.00650024
                  15             1.18773             1.22205          0.00652914
                  16             1.23682             1.22298          0.00617676
                  17             1.23948             1.22395          0.00588269
                  18             1.25963             1.22593          0.00588983
                  19             1.24611             1.22699          0.00567152
                  20             1.22556             1.22692          0.00538095
                  21              1.2498             1.22801          0.00523299
                  22              1.2697              1.2299          0.00533723
                  23             1.25134             1.23084          0.00518436
                  24             1.24976             1.23163           0.0050259
                  25             1.23662             1.23182          0.00482481
                  26             1.18228             1.22992          0.00501186
                  27             1.16356             1.22746          0.00541286
                  28              1.2465             1.22814          0.00526011
                  29             1.20468             1.22733          0.00513958
                  30              1.2976             1.22967          0.00548999
                  31              1.1814             1.22812          0.00553357
                  32             1.20797             1.22749          0.00539472
                  33             1.22751             1.22749          0.00522869
                  34             1.32204             1.23027          0.00578488
                  35             1.18548             1.22899          0.00576111
                  36             1.32779             1.23173          0.00623525
                  37              1.2435             1.23205          0.00607272
                  38             1.17775             1.23062          0.00608102
                  39             1.22734             1.23054          0.00592364
                  40             1.19276             1.22959          0.00585041
                   1              1.2767              1.2767                   0
                   2             1.24213             1.25942           0.0172818
                   3             1.24326             1.25403           0.0113384
                   4             1.23467             1.24919          0.00936518
                   5             1.19454             1.23826           0.0131179
                   6             1.22219             1.23558           0.0110406
                   7             1.19607             1.22994           0.0109056
                   8             1.20252             1.22651           0.0100472
                   9             1.21542             1.22528           0.0089461
                  10             1.23839             1.22659           0.0081083
                  11             1.22071             1.22605           0.0073537
                  12               1.247              1.2278          0.00693621
                  13             1.18679             1.22464          0.00711765
                  14             1.23134             1.22512          0.00660699
                  15             1.17039             1.22147          0.00715173
                  16             1.23451             1.22229          0.00673926
                  17             1.22185             1.22226          0.00633048
                  18             1.26758             1.22478          0.00647769
                  19             1.23408             1.22527           0.0061468
                  20             1.23011             1.22551          0.00583639
                  21             1.24433             1.22641          0.00562336
                  22             1.26108             1.22798          0.00558847
                  23             1.25797             1.22929          0.00549685
                  24              1.2535              1.2303          0.00535867
                  25             1.21643             1.22974          0.00516968
                  26             1.17695             1.22771          0.00536585
                  27             1.17701             1.22583          0.00549414
                  28             1.24642             1.22657          0.00534508
                  29             1.19865             1.22561          0.00524656
                  30             1.29027             1.22776          0.00550797
                  31             1.18071             1.22624          0.00553936
                  32             1.20888              1.2257          0.00539084
                  33             1.21863             1.22549          0.00522932
                  34             1.32995             1.22856          0.00593095
                  35             1.18862             1.22742          0.00587097
                  36             1.31696             1.22991          0.00622416
                  37             1.26174             1.23077          0.00611445
                  38              1.1945             1.22981          0.00602742
                  39             1.23728                1.23          0.00587396
                  40             1.19217             1.22906          0.00580282
