                   1           -0.003744           -0.003744                   0
                   2            -0.01284           -0.008292            0.004548
                   3             -0.0004         -0.00566133          0.00371688
                   4            0.002792           -0.003548           0.0033725
                   5            0.000616          -0.0027152          0.00274186
                   6           -0.009512           -0.003848          0.00250901
                   7            0.004468            -0.00266          0.00243061
                   8            0.010472          -0.0010185          0.00266935
                   9            0.001632           -0.000724          0.00237249
                  10            0.016212           0.0009696          0.00271501
                  11           -0.008048         0.000149818          0.00258903
                  12            -0.00682           -0.000431          0.00243377
                  13           -0.001224           -0.000492          0.00223957
                  14            0.004168        -0.000159143          0.00209999
                  15            0.001012        -8.10667e-05          0.00195654
                  16            0.011856            0.000665           0.0019764
                  17            0.006584          0.00101318          0.00188887
                  18            -0.00522         0.000666889           0.0018142
                  19           -0.001808         0.000536632            0.001721
                  20             0.00454           0.0007368          0.00164491
                  21            -0.00242         0.000586476          0.00157183
                  22           -0.004852         0.000339273          0.00151893
                  23           -0.001492         0.000259652          0.00145357
                  24            0.000464         0.000268167          0.00139171
                  25           -0.001812          0.00018496          0.00133747
                  26           -0.008656        -0.000155077          0.00132923
                  27           -0.001052        -0.000188296          0.00127949
                  28            0.009448         0.000155857          0.00128007
                  29            0.006528         0.000375586          0.00125454
                  30            0.004616         0.000516933          0.00122021
                  31           -0.005724         0.000315613          0.00119724
                  32               4e-06         0.000305875          0.00115927
                  33              0.0062         0.000484485           0.0011377
                  34           -0.002824         0.000387176          0.00110801
                  35           -0.003124         0.000286857          0.00108055
                  36             -0.0046         0.000151111          0.00105885
                  37           -0.003624         4.90811e-05          0.00103487
                  38            0.003732            0.000146          0.00101192
                  39           -0.005048         1.28205e-05         0.000994592
                  40            -0.01104          -0.0002635          0.00100802
                   1            0.003156            0.003156                   0
                   2            0.012952            0.008054            0.004898
                   3            0.000776            0.005628          0.00372589
                   4           -0.002872            0.003503          0.00338478
                   5           -0.001552            0.002492          0.00281001
                   6            0.009916          0.00372933          0.00260674
                   7           -0.005256          0.00244571          0.00254977
                   8           -0.010268           0.0008565          0.00272059
                   9           -0.002512         0.000482222          0.00242835
                  10           -0.017828          -0.0013488           0.0028408
                  11            0.007332        -0.000559636          0.00268805
                  12            0.008276         0.000176667          0.00256193
                  13            0.001044         0.000243385          0.00235758
                  14           -0.004468        -9.31429e-05          0.00220849
                  15           -0.000724          -0.0001352          0.00205642
                  16            -0.01166          -0.0008555          0.00205404
                  17            -0.00784         -0.00126635          0.00197269
                  18            0.005204        -0.000906889          0.00189429
                  19             0.00138        -0.000786526          0.00179586
                  20           -0.004096           -0.000952          0.00171172
                  21            0.001692        -0.000826095          0.00163303
                  22            0.003564        -0.000626545          0.00156977
                  23            0.002532        -0.000489217          0.00150624
                  24            -0.00036        -0.000483833          0.00144212
                  25            -4.8e-05          -0.0004664          0.00138335
                  26            0.008032        -0.000139538          0.00136868
                  27             9.2e-05        -0.000130963          0.00131704
                  28           -0.010028        -0.000484429          0.00131743
                  29           -0.007108        -0.000712828          0.00129155
                  30           -0.004068        -0.000824667          0.00125276
                  31             0.00688        -0.000576129           0.0012369
                  32            -8.8e-05        -0.000560875          0.00119772
                  33           -0.005792        -0.000719394          0.00117163
                  34            0.002644        -0.000620471          0.00114095
                  35            0.002444        -0.000532914          0.00111132
                  36              0.0046        -0.000390333          0.00108938
                  37             0.00322        -0.000292757          0.00106401
                  38            -0.00294        -0.000362421          0.00103798
                  39            0.005096        -0.000222462          0.00102065
                  40            0.011356             6.7e-05          0.00103607
