                   1              1.5841              1.5841                   0
                   2             1.44967             1.51689           0.0672158
                   3             1.48174             1.50517           0.0405366
                   4             1.52876             1.51107           0.0292639
                   5             1.57066             1.52299             0.02561
                   6             1.48179             1.51612            0.022009
                   7             1.50383             1.51436           0.0186837
                   8             1.44926             1.50623           0.0181117
                   9             1.46853             1.50204            0.016513
                  10             1.62516             1.51435           0.0192286
                  11             1.51232             1.51417           0.0173939
                  12             1.46144             1.50977           0.0164751
                  13             1.54531             1.51251           0.0153994
                  14             1.48669             1.51066           0.0143759
                  15             1.51819             1.51116           0.0133926
                  16             1.55186             1.51371           0.0127832
                  17             1.45713             1.51038           0.0124604
                  18              1.4363             1.50626           0.0124478
                  19             1.45114             1.50336           0.0121266
                  20             1.51228             1.50381           0.0115129
                  21             1.47014             1.50221           0.0110677
                  22             1.45139              1.4999           0.0108024
                  23             1.54553             1.50188           0.0105111
                  24              1.5064             1.50207           0.0100653
                  25              1.4702             1.50079          0.00973812
                  26             1.55199             1.50276          0.00956104
                  27             1.46171             1.50124          0.00932492
                  28             1.51688              1.5018          0.00900306
                  29             1.56841              1.5041          0.00898558
                  30             1.50773             1.50422          0.00868174
                  31             1.51851             1.50468          0.00840966
                  32             1.47842             1.50386          0.00818385
                  33             1.55176             1.50531          0.00806369
                  34             1.52244             1.50581          0.00783913
                  35             1.50043             1.50566          0.00761342
                  36             1.49964             1.50549           0.0074008
                  37             1.47938             1.50479          0.00723252
                  38             1.53035             1.50546          0.00707169
                  39             1.56297             1.50693          0.00704407
                  40             1.55263             1.50808           0.0069601
                   1             1.59402             1.59402                   0
                   2             1.46486             1.52944           0.0645821
                   3             1.49101             1.51663           0.0394251
                   4             1.54409              1.5235           0.0287107
                   5             1.56709             1.53221           0.0238868
                   6              1.4703              1.5219           0.0220648
                   7             1.50346             1.51926           0.0188333
                   8             1.44951             1.51054           0.0184946
                   9             1.46692              1.5057           0.0170155
                  10              1.5901             1.51414           0.0174031
                  11             1.50693             1.51348           0.0157553
                  12             1.46123             1.50913           0.0150273
                  13             1.54597             1.51196           0.0141106
                  14             1.49081             1.51045           0.0131509
                  15             1.50385             1.51001           0.0122508
                  16             1.57329             1.51396           0.0121228
                  17             1.43858             1.50953           0.0122203
                  18             1.44223             1.50579           0.0121129
                  19             1.44531             1.50261           0.0118916
                  20             1.50505             1.50273            0.011282
                  21             1.47117             1.50123           0.0108361
                  22             1.45264             1.49902           0.0105653
                  23             1.54123             1.50085           0.0102609
                  24             1.52022             1.50166          0.00985714
                  25             1.45641             1.49985          0.00962634
                  26             1.54981             1.50177          0.00944622
                  27             1.45985             1.50022           0.0092213
                  28             1.51457             1.50073          0.00890063
                  29             1.56733             1.50303          0.00888993
                  30             1.51373             1.50338          0.00859589
                  31             1.52069             1.50394           0.0083327
                  32              1.4741             1.50301          0.00812182
                  33             1.55173             1.50449          0.00800911
                  34             1.51892             1.50491          0.00778157
                  35             1.49799             1.50471          0.00755856
                  36             1.49993             1.50458           0.0073468
                  37             1.47316             1.50373          0.00719575
                  38             1.54187             1.50474          0.00707539
                  39             1.55981             1.50615           0.0070348
                  40             1.55001             1.50724           0.0069438
