                   1            0.230066            0.230066                   0
                   2            0.225887            0.227977          0.00208968
                   3            0.229831            0.228595          0.00135555
                   4             0.22929            0.228769         0.000974165
                   5            0.231626             0.22934         0.000946563
                   6            0.226972            0.228945         0.000867807
                   7            0.228073            0.228821         0.000743932
                   8            0.226602            0.228543         0.000701433
                   9            0.227141            0.228388         0.000637916
                  10            0.234767            0.229026         0.000855886
                  11            0.229866            0.229102         0.000777943
                  12            0.229879            0.229167         0.000713104
                  13             0.22945            0.229189         0.000656322
                  14            0.235439            0.229635         0.000754038
                  15            0.226148            0.229403         0.000739452
                  16            0.232571            0.229601         0.000719481
                  17            0.230344            0.229644          0.00067725
                  18            0.237814            0.230098         0.000783381
                  19            0.227853             0.22998         0.000750371
                  20            0.233136            0.230138         0.000729147
                  21            0.233811            0.230313         0.000715276
                  22            0.223772            0.230015         0.000743972
                  23            0.231913            0.230098         0.000715663
                  24            0.225218            0.229895         0.000714727
                  25            0.230011            0.229899         0.000685557
                  26            0.227489            0.229807         0.000665154
                  27             0.23005            0.229816         0.000640109
                  28            0.232469             0.22991          0.00062406
                  29            0.224288            0.229716         0.000632603
                  30            0.232757            0.229818         0.000619497
                  31            0.233186            0.229926         0.000608954
                  32            0.225663            0.229793         0.000604483
                  33            0.230773            0.229823         0.000586631
                  34            0.232537            0.229903         0.000574686
                  35            0.226628            0.229809         0.000565817
                  36            0.232009             0.22987         0.000553259
                  37            0.231256            0.229908           0.0005394
                  38            0.223698            0.229744         0.000549858
                  39            0.233125            0.229831         0.000542544
                  40             0.22555            0.229724         0.000539531
                   1            0.230594            0.230594                   0
                   2            0.223919            0.227256          0.00333764
                   3            0.230592            0.228368          0.00222478
                   4            0.229964            0.228767          0.00162296
                   5             0.23544            0.230102          0.00183343
                   6            0.227592            0.229683          0.00155434
                   7            0.226152            0.229179          0.00140718
                   8              0.2259            0.228769          0.00128573
                   9            0.229138             0.22881          0.00113464
                  10            0.235329            0.229462          0.00120618
                  11            0.223464            0.228917           0.0012197
                  12            0.231341            0.229119           0.0011316
                  13            0.228935            0.229105          0.00104102
                  14            0.233035            0.229385          0.00100385
                  15            0.227178            0.229238         0.000946053
                  16             0.22707            0.229103         0.000895265
                  17            0.233707            0.229374         0.000883484
                  18            0.239277            0.229924         0.000998254
                  19             0.22608            0.229721         0.000965682
                  20            0.235158            0.229993         0.000955607
                  21            0.231261            0.230054         0.000910967
                  22            0.220845            0.229635          0.00096417
                  23             0.23321             0.22979         0.000934317
                  24            0.219515            0.229362         0.000991713
                  25            0.230977            0.229427         0.000953408
                  26            0.230496            0.229468         0.000916927
                  27            0.224646            0.229289         0.000900211
                  28            0.232312            0.229397         0.000874155
                  29            0.233559            0.229541         0.000855592
                  30            0.235541            0.229741         0.000850431
                  31            0.233307            0.229856         0.000830546
                  32            0.224319            0.229683         0.000822578
                  33            0.226253            0.229579         0.000804006
                  34            0.230327            0.229601         0.000780311
                  35             0.22836            0.229566         0.000758518
                  36            0.230266            0.229585         0.000737403
                  37            0.229077            0.229571         0.000717328
                  38            0.233112            0.229664         0.000704387
                  39             0.23078            0.229693         0.000686685
                  40            0.230177            0.229705         0.000669407
