                   1           -0.396272           -0.396272                   0
                   2           -0.395056           -0.395664            0.000608
                   3           -0.393192            -0.39484         0.000895655
                   4           -0.394136           -0.394664         0.000657324
                   5            -0.39432           -0.394595         0.000513788
                   6             -0.3932           -0.394363         0.000479643
                   7           -0.391776           -0.393993          0.00054852
                   8             -0.3926           -0.393819         0.000505946
                   9           -0.395152           -0.393967         0.000470142
                  10           -0.395792            -0.39415         0.000458398
                  11           -0.396632           -0.394375         0.000472072
                  12           -0.394928           -0.394421         0.000433395
                  13            -0.39292           -0.394306         0.000415056
                  14           -0.391656           -0.394117         0.000428353
                  15            -0.39436           -0.394133         0.000399105
                  16           -0.393624           -0.394101         0.000374681
                  17           -0.394184           -0.394106         0.000351985
                  18           -0.391304            -0.39395         0.000366548
                  19           -0.396856           -0.394103         0.000378951
                  20           -0.393232            -0.39406         0.000362134
                  21            -0.39472           -0.394091          0.00034589
                  22           -0.397416           -0.394242         0.000362775
                  23            -0.39356           -0.394213          0.00034791
                  24           -0.392552           -0.394143         0.000340208
                  25           -0.395184           -0.394185          0.00032896
                  26            -0.39508           -0.394219         0.000317924
                  27            -0.39536           -0.394262         0.000308826
                  28           -0.394448           -0.394268         0.000297666
                  29           -0.392464           -0.394206          0.00029388
                  30            -0.39256           -0.394151         0.000289168
                  31            -0.39284           -0.394109         0.000282865
                  32            -0.39404           -0.394107         0.000273891
                  33           -0.391168           -0.394018         0.000280001
                  34           -0.394344           -0.394027          0.00027181
                  35           -0.392344           -0.393979         0.000268276
                  36           -0.393856           -0.393976          0.00026074
                  37           -0.394528           -0.393991         0.000254034
                  38            -0.39384           -0.393987          0.00024729
                  39           -0.392136           -0.393939         0.000245496
                  40           -0.395056           -0.393967         0.000240903
                   1           -0.395576           -0.395576                   0
                   2           -0.396312           -0.395944            0.000368
                   3           -0.394192            -0.39536         0.000621448
                   4           -0.393072           -0.394788         0.000721306
                   5           -0.394912           -0.394813         0.000559272
                   6           -0.392216            -0.39438         0.000629157
                   7           -0.391776           -0.394008         0.000648942
                   8           -0.392864           -0.393865         0.000579908
                   9           -0.394792           -0.393968           0.0005217
                  10           -0.395696           -0.394141         0.000497591
                  11           -0.397224           -0.394421         0.000530228
                  12           -0.394112           -0.394395         0.000484715
                  13           -0.393056           -0.394292         0.000457621
                  14           -0.390328           -0.394009          0.00050959
                  15           -0.395024           -0.394077         0.000479203
                  16            -0.39516           -0.394145         0.000453337
                  17           -0.392992           -0.394077         0.000431199
                  18           -0.391296           -0.393922           0.0004349
                  19           -0.395688           -0.394015         0.000421742
                  20           -0.393296           -0.393979         0.000401712
                  21           -0.393264           -0.393945         0.000383619
                  22           -0.395672           -0.394024         0.000374094
                  23           -0.394608           -0.394049         0.000358361
                  24           -0.392128           -0.393969         0.000352317
                  25           -0.393368           -0.393945         0.000338785
                  26            -0.39512            -0.39399         0.000328617
                  27           -0.393312           -0.393965         0.000317208
                  28            -0.39216           -0.393901         0.000312393
                  29           -0.392552           -0.393854         0.000304994
                  30           -0.392776           -0.393818         0.000296836
                  31           -0.391984           -0.393759         0.000293134
                  32            -0.39404           -0.393768         0.000283961
                  33           -0.391184           -0.393689         0.000286142
                  34           -0.394224           -0.393705         0.000278043
                  35           -0.393712           -0.393705         0.000269983
                  36           -0.394944            -0.39374         0.000264622
                  37            -0.39496           -0.393773         0.000259475
                  38           -0.394056            -0.39378         0.000252665
                  39           -0.395288           -0.393819         0.000249119
                  40           -0.395328           -0.393857         0.000245725
