                   1           -0.961328           -0.961328                   0
                   2            -0.97988           -0.970604            0.009276
                   3           -0.976496           -0.972568          0.00570427
                   4           -0.968688           -0.971598          0.00414852
                   5           -0.964832           -0.970245          0.00348673
                   6            -0.97704           -0.971377           0.0030639
                   7           -0.969624           -0.971127          0.00260156
                   8           -0.976096           -0.971748          0.00233707
                   9           -0.980712           -0.972744          0.00228914
                  10           -0.967608            -0.97223           0.0021109
                  11           -0.971784            -0.97219          0.00190981
                  12           -0.976608           -0.972558          0.00178187
                  13           -0.969872           -0.972351          0.00165205
                  14           -0.970256           -0.972202          0.00153681
                  15           -0.977776           -0.972573          0.00147817
                  16           -0.973976           -0.972661          0.00138547
                  17           -0.987136           -0.973512          0.00155522
                  18           -0.969096           -0.973267          0.00148666
                  19           -0.975056           -0.973361          0.00140939
                  20           -0.975728            -0.97348          0.00134229
                  21           -0.959072           -0.972794          0.00144943
                  22           -0.974552           -0.972873          0.00138429
                  23           -0.980392             -0.9732          0.00136253
                  24           -0.978896           -0.973438          0.00132593
                  25           -0.962616           -0.973005          0.00134344
                  26           -0.981264           -0.973322          0.00132925
                  27             -0.9768           -0.973451          0.00128554
                  28           -0.974304           -0.973482          0.00123915
                  29           -0.972008           -0.973431          0.00119674
                  30            -0.96668           -0.973206          0.00117785
                  31           -0.961992           -0.972844          0.00119528
                  32            -0.97356           -0.972866          0.00115754
                  33           -0.980248            -0.97309          0.00114399
                  34           -0.966616             -0.9729          0.00112605
                  35           -0.972528           -0.972889          0.00109346
                  36           -0.962104            -0.97259          0.00110407
                  37           -0.975992           -0.972682          0.00107775
                  38           -0.967464           -0.972544          0.00105795
                  39           -0.978192           -0.972689          0.00104059
                  40           -0.979792           -0.972867          0.00102967
                   1           -0.965896           -0.965896                   0
                   2           -0.979856           -0.972876             0.00698
                   3           -0.976584           -0.974112          0.00421519
                   4           -0.968656           -0.972748          0.00327787
                   5           -0.964808            -0.97116          0.00299473
                   6           -0.977032           -0.972139          0.00263376
                   7           -0.969696            -0.97179          0.00225312
                   8           -0.976208           -0.972342          0.00202792
                   9           -0.980808           -0.973283          0.00202075
                  10           -0.967576           -0.972712          0.00189536
                  11           -0.971792           -0.972628          0.00171646
                  12            -0.97676           -0.972973          0.00160429
                  13           -0.969928           -0.972738           0.0014942
                  14            -0.97004           -0.972546          0.00139672
                  15            -0.97784           -0.972899          0.00134733
                  16            -0.97388            -0.97296           0.0012618
                  17             -0.9872           -0.973798          0.00145137
                  18           -0.969144           -0.973539          0.00139258
                  19           -0.975032           -0.973618          0.00131959
                  20           -0.975744           -0.973724          0.00125638
                  21           -0.958968           -0.973021          0.00138632
                  22           -0.974488           -0.973088          0.00132349
                  23           -0.980304           -0.973402          0.00130297
                  24           -0.978928           -0.973632          0.00126857
                  25           -0.962696           -0.973195          0.00129302
                  26           -0.981304           -0.973506          0.00128085
                  27           -0.976768           -0.973627           0.0012384
                  28            -0.97428           -0.973651          0.00119358
                  29           -0.972056           -0.973596            0.001153
                  30            -0.96672           -0.973366          0.00113724
                  31           -0.961936           -0.972998           0.0011601
                  32           -0.973568           -0.973015           0.0011234
                  33           -0.980352           -0.973238          0.00111129
                  34           -0.966704           -0.973046           0.0010951
                  35           -0.972512            -0.97303          0.00106346
                  36           -0.962168           -0.972729          0.00107665
                  37              -0.976           -0.972817          0.00105087
                  38           -0.967496           -0.972677          0.00103238
                  39           -0.978136           -0.972817          0.00101526
                  40           -0.979744            -0.97299          0.00100459
