                   1           -0.426664           -0.426664                   0
                   2           -0.424944           -0.425804             0.00086
                   3            -0.42612           -0.425909         0.000507571
                   4            -0.42604           -0.425942         0.000360391
                   5           -0.423984            -0.42555         0.000480915
                   6           -0.424904           -0.425443         0.000407177
                   7           -0.425272           -0.425418          0.00034499
                   8            -0.42736           -0.425661         0.000384933
                   9           -0.427344           -0.425848         0.000387576
                  10           -0.426312           -0.425894          0.00034975
                  11           -0.426032           -0.425907         0.000316608
                  12           -0.426112           -0.425924         0.000289527
                  13             -0.4252           -0.425868         0.000272087
                  14            -0.42472           -0.425786         0.000264921
                  15           -0.425104           -0.425741         0.000250787
                  16           -0.422864           -0.425561         0.000295568
                  17           -0.424328           -0.425488         0.000286955
                  18           -0.422592           -0.425328         0.000314782
                  19           -0.428064           -0.425472         0.000330757
                  20           -0.425192           -0.425458         0.000314095
                  21           -0.423832            -0.42538         0.000308629
                  22           -0.425824             -0.4254         0.000294957
                  23            -0.42452           -0.425362         0.000284429
                  24           -0.425088           -0.425351         0.000272559
                  25           -0.428032           -0.425458         0.000282575
                  26             -0.4252           -0.425448          0.00027167
                  27           -0.429216           -0.425588         0.000296333
                  28           -0.424952           -0.425565         0.000286455
                  29           -0.426928           -0.425612         0.000280369
                  30           -0.423616           -0.425545         0.000278913
                  31           -0.424448            -0.42551         0.000272078
                  32           -0.426896           -0.425553         0.000266976
                  33           -0.423616           -0.425495         0.000265335
                  34             -0.4238           -0.425445         0.000262193
                  35           -0.424256           -0.425411         0.000256847
                  36           -0.424912           -0.425397         0.000249994
                  37           -0.427088           -0.425443         0.000247403
                  38           -0.425608           -0.425447         0.000240843
                  39           -0.426312           -0.425469         0.000235633
                  40           -0.424824           -0.425453         0.000230232
                   1           -0.426552           -0.426552                   0
                   2           -0.426784           -0.426668            0.000116
                   3           -0.426696           -0.426677         6.76199e-05
                   4           -0.426416           -0.426612         8.09609e-05
                   5           -0.425192           -0.426328         0.000290842
                   6           -0.424408           -0.426008         0.000398488
                   7           -0.424768           -0.425831          0.00038053
                   8           -0.425528           -0.425793         0.000331716
                   9             -0.4276           -0.425994         0.000354816
                  10           -0.425624           -0.425957         0.000319505
                  11            -0.42656           -0.426012         0.000294159
                  12           -0.425464           -0.425966          0.00027238
                  13           -0.424616           -0.425862         0.000271221
                  14           -0.423256           -0.425676         0.000312579
                  15           -0.425568           -0.425669         0.000291084
                  16           -0.424568             -0.4256         0.000280842
                  17            -0.42456           -0.425539         0.000270805
                  18             -0.4232           -0.425409         0.000286479
                  19            -0.42596           -0.425438          0.00027253
                  20           -0.424192           -0.425376         0.000265943
                  21           -0.423272           -0.425275         0.000272074
                  22             -0.4246           -0.425245         0.000261223
                  23           -0.426576           -0.425303          0.00025623
                  24           -0.424608           -0.425274         0.000247023
                  25           -0.427184            -0.42535         0.000248954
                  26           -0.425272           -0.425347         0.000239206
                  27           -0.428328           -0.425457         0.000255284
                  28           -0.423736           -0.425396         0.000253565
                  29              -0.427           -0.425451         0.000250839
                  30           -0.422368           -0.425349         0.000263227
                  31           -0.422696           -0.425263         0.000268589
                  32           -0.425624           -0.425274         0.000260304
                  33           -0.423256           -0.425213           0.0002596
                  34           -0.424296           -0.425186         0.000253289
                  35           -0.425016           -0.425181         0.000245994
                  36           -0.424216           -0.425154         0.000240562
                  37           -0.426192           -0.425182         0.000235645
                  38             -0.4262           -0.425209         0.000230917
                  39           -0.429256           -0.425313         0.000247699
                  40           -0.425952           -0.425329         0.000241955
