                   1            0.001504            0.001504                   0
                   2           -0.006716           -0.002606             0.00411
                   3             0.01712          0.00396933           0.0069904
                   4           -0.000272            0.002909          0.00505541
                   5            0.011644            0.004656          0.00428793
                   6           -0.003092          0.00336467          0.00373163
                   7            -4.4e-05          0.00287771          0.00319118
                   8           -0.013092           0.0008815          0.00340919
                   9           -0.000276         0.000752889          0.00300937
                  10            0.005432           0.0012208          0.00273203
                  11           -0.006964         0.000476727           0.0025808
                  12            0.011632          0.00140633          0.00253271
                  13            0.012244             0.00224          0.00247442
                  14           -0.020472         0.000617714          0.00280711
                  15            0.000276         0.000594933          0.00261338
                  16           -0.001352          0.00047325          0.00244762
                  17            0.020132          0.00162965          0.00257358
                  18             0.00304            0.001708          0.00242766
                  19           -0.004824          0.00136421          0.00232192
                  20            -0.01326            0.000633          0.00232096
                  21             0.00552         0.000865714          0.00221991
                  22           -0.015088         0.000140545          0.00223738
                  23            0.001104         0.000182435           0.0021383
                  24           -0.001444         0.000114667          0.00204839
                  25           -0.001612            4.56e-05          0.00196596
                  26             0.00314         0.000164615          0.00189258
                  27           -0.019388        -0.000559556          0.00195983
                  28            0.005372        -0.000347714          0.00190039
                  29            0.007808        -6.64828e-05          0.00185513
                  30             -0.0001           -6.76e-05          0.00179222
                  31           -0.002952        -0.000160645          0.00173594
                  32            0.005772           2.475e-05          0.00169101
                  33            0.009836         0.000322061          0.00166572
                  34           -0.006916         0.000109176          0.00162994
                  35            0.000664         0.000125029          0.00158277
                  36           -0.011808        -0.000206444          0.00157348
                  37            0.005964        -3.96757e-05          0.00153943
                  38            0.010624         0.000240947          0.00152442
                  39           -0.016284        -0.000182769          0.00154409
                  40           -0.000668          -0.0001949          0.00150504
                   1            0.001008            0.001008                   0
                   2           -0.005896           -0.002444            0.003452
                   3            0.017392            0.004168          0.00690584
                   4           -0.000924            0.002895          0.00504637
                   5             0.01176            0.004668          0.00429221
                   6           -0.003372            0.003328          0.00375202
                   7            0.000764          0.00296171          0.00319212
                   8           -0.012764            0.000996          0.00339209
                   9           -0.000492         0.000830667           0.0029961
                  10            0.004976           0.0012452          0.00271167
                  11            -0.00606         0.000581091          0.00254111
                  12            0.012932          0.00161033          0.00253779
                  13            0.011152          0.00234431          0.00244709
                  14             -0.0204         0.000719714          0.00278785
                  15            0.001348           0.0007616          0.00259569
                  16           -0.001232            0.000637          0.00243124
                  17            0.020204            0.001788           0.0025574
                  18             0.00402            0.001912          0.00241433
                  19           -0.005548          0.00151937          0.00231723
                  20             -0.0129           0.0007984          0.00231353
                  21            0.005916           0.0010421          0.00221406
                  22           -0.016092         0.000263273           0.0022501
                  23            0.002308         0.000352174          0.00215189
                  24           -0.002908         0.000216333          0.00206475
                  25           -0.001476          0.00014864          0.00198159
                  26            0.002028         0.000220923          0.00190522
                  27            -0.01982        -0.000521333          0.00197786
                  28            0.006124           -0.000284          0.00192064
                  29            0.008004          1.7931e-06          0.00187513
                  30              -4e-06             1.6e-06          0.00181155
                  31           -0.002348        -7.41935e-05          0.00175378
                  32            0.006688         0.000137125          0.00171119
                  33            0.010016         0.000436485          0.00168532
                  34           -0.006444         0.000234118          0.00164748
                  35            -8.8e-05         0.000224914          0.00159974
                  36           -0.011852        -0.000110556          0.00159045
                  37             0.00654         6.91892e-05          0.00155728
                  38            0.011164         0.000361158          0.00154361
                  39           -0.014992        -3.25128e-05          0.00155419
                  40           -0.001368           -6.59e-05           0.0015152
