                   1           -0.759696           -0.759696                   0
                   2            -0.76292           -0.761308            0.001612
                   3            -0.75876           -0.760459          0.00125998
                   4           -0.763936           -0.761328           0.0012448
                   5           -0.757424           -0.760547          0.00124071
                   6           -0.762824           -0.760927          0.00108177
                   7           -0.760224           -0.760826         0.000919759
                   8            -0.75772           -0.760438         0.000886134
                   9           -0.762952           -0.760717         0.000829918
                  10           -0.766288           -0.761274         0.000928081
                  11            -0.76036           -0.761191         0.000843587
                  12           -0.759016            -0.76101         0.000791133
                  13           -0.762984           -0.761162          0.00074341
                  14            -0.76048           -0.761113         0.000689985
                  15           -0.760648           -0.761082         0.000643089
                  16           -0.760992           -0.761077         0.000601581
                  17            -0.76628           -0.761383         0.000642661
                  18           -0.762112           -0.761423          0.00060726
                  19           -0.764704           -0.761596         0.000599805
                  20           -0.764816           -0.761757         0.000591366
                  21           -0.762784           -0.761806         0.000564624
                  22           -0.758744           -0.761667         0.000556045
                  23           -0.762176           -0.761689         0.000531781
                  24            -0.76248           -0.761722         0.000510208
                  25            -0.76004           -0.761654         0.000493976
                  26            -0.76452           -0.761765         0.000487226
                  27            -0.76152           -0.761756         0.000468921
                  28            -0.76388           -0.761831         0.000458189
                  29           -0.762112           -0.761841         0.000442213
                  30             -0.7602           -0.761786         0.000430707
                  31           -0.760504           -0.761745          0.00041863
                  32           -0.763176            -0.76179         0.000407796
                  33           -0.758824             -0.7617         0.000405334
                  34           -0.763344           -0.761748         0.000396194
                  35              -0.762           -0.761755         0.000384775
                  36           -0.756992           -0.761623         0.000396654
                  37            -0.76024           -0.761586         0.000387592
                  38           -0.760408           -0.761555         0.000378525
                  39           -0.757552           -0.761452          0.00038271
                  40           -0.761056           -0.761442         0.000373151
                   1           -0.759872           -0.759872                   0
                   2           -0.763216           -0.761544            0.001672
                   3           -0.758568           -0.760552          0.00138417
                   4           -0.764264            -0.76148          0.00134876
                   5           -0.757888           -0.760762          0.00126791
                   6           -0.763048           -0.761143          0.00110315
                   7           -0.760544           -0.761057         0.000936245
                   8             -0.7578            -0.76065         0.000907293
                   9           -0.762808            -0.76089         0.000835312
                  10           -0.765736           -0.761374         0.000890536
                  11           -0.760032           -0.761252         0.000814712
                  12             -0.7592           -0.761081         0.000763139
                  13           -0.763392           -0.761259         0.000724139
                  14           -0.759864           -0.761159         0.000677787
                  15           -0.760312           -0.761103          0.00063351
                  16            -0.76104           -0.761099         0.000592607
                  17           -0.765456           -0.761355         0.000612825
                  18           -0.762792           -0.761435         0.000583264
                  19           -0.764992           -0.761622         0.000582608
                  20           -0.764936           -0.761788          0.00057701
                  21           -0.762528           -0.761823         0.000549976
                  22           -0.758664            -0.76168         0.000543689
                  23           -0.761648           -0.761678         0.000519514
                  24           -0.762752           -0.761723         0.000499405
                  25           -0.760136            -0.76166           0.0004832
                  26           -0.763736           -0.761739         0.000471064
                  27           -0.762056           -0.761751         0.000453433
                  28           -0.764408           -0.761846         0.000447123
                  29            -0.76232           -0.761862         0.000431739
                  30           -0.760392           -0.761813          0.00041997
                  31            -0.75996           -0.761754         0.000410572
                  32           -0.763016           -0.761793         0.000399488
                  33           -0.759112           -0.761712         0.000395624
                  34           -0.762992           -0.761749         0.000385655
                  35           -0.762744           -0.761778         0.000375551
                  36           -0.757248           -0.761652         0.000386051
                  37             -0.7602           -0.761613         0.000377518
                  38           -0.760328           -0.761579         0.000369001
                  39           -0.757304           -0.761469         0.000375758
                  40           -0.760424           -0.761443         0.000367175
