                   1             4.35315             4.35315                   0
                   2             4.51047             4.43181           0.0786556
                   3             4.21051             4.35804           0.0866236
                   4              4.5459             4.40501           0.0771841
                   5              4.2129             4.36659           0.0710677
                   6             4.52641             4.39322           0.0638488
                   7             4.33947             4.38555           0.0545057
                   8             4.47568             4.39681           0.0485294
                   9             4.34391             4.39093           0.0432007
                  10             4.70691             4.42253           0.0499145
                  11             4.14784             4.39756           0.0515954
                  12             4.31451             4.39064           0.0476057
                  13             4.16094             4.37297           0.0472211
                  14             4.34117              4.3707           0.0437772
                  15             4.38469             4.37163            0.040765
                  16             4.81059             4.39907           0.0469759
                  17             4.19668             4.38716            0.045704
                  18               4.477             4.39215           0.0433783
                  19             4.49522             4.39758           0.0413887
                  20             4.42874             4.39913           0.0392957
                  21             4.42852             4.40053           0.0374039
                  22              4.4531             4.40292           0.0357431
                  23             4.34347             4.40034           0.0342514
                  24             4.16397             4.39049           0.0342402
                  25             4.82695             4.40795           0.0371941
                  26             4.63775             4.41679           0.0368118
                  27             4.14773             4.40682           0.0367972
                  28              4.3195              4.4037           0.0355955
                  29              4.0456             4.39135           0.0364985
                  30             4.39585              4.3915           0.0352612
                  31             4.09509             4.38194           0.0354198
                  32             4.05047             4.37158           0.0358254
                  33             4.29419             4.36924           0.0348019
                  34             4.44106             4.37135           0.0338288
                  35             4.42441             4.37287            0.032883
                  36              4.1482             4.36663           0.0325602
                  37             3.91182             4.35433           0.0339699
                  38             5.09409              4.3738           0.0383692
                  39              4.3243             4.37253            0.037394
                  40             4.41298             4.37354           0.0364612
                   1             4.34313             4.34313                   0
                   2             4.51691             4.43002           0.0868897
                   3             4.20442             4.35482           0.0903956
                   4             4.53972             4.40104           0.0788834
                   5             4.21486             4.36381           0.0715552
                   6             4.53925             4.39305           0.0653332
                   7             4.31842             4.38239           0.0562365
                   8              4.4835             4.39503           0.0503156
                   9             4.33472             4.38833           0.0448773
                  10             4.70806              4.4203           0.0513176
                  11             4.15425             4.39611           0.0523416
                  12             4.30205             4.38827           0.0484198
                  13             4.16859             4.37138           0.0476378
                  14             4.33584             4.36884            0.044177
                  15             4.39315             4.37046           0.0411585
                  16             4.80645             4.39771           0.0471677
                  17             4.21625             4.38703           0.0455739
                  18             4.48448             4.39245           0.0433072
                  19             4.50254             4.39824           0.0413723
                  20             4.44815             4.40074           0.0393284
                  21             4.44471             4.40283           0.0374673
                  22             4.47358             4.40605           0.0358681
                  23             4.31545             4.40211           0.0344988
                  24              4.1736             4.39259            0.034375
                  25             4.81438             4.40946           0.0370374
                  26             4.62163             4.41762           0.0365081
                  27             4.15555             4.40791           0.0364461
                  28             4.34112             4.40553           0.0352013
                  29             4.01658             4.39211           0.0365179
                  30             4.43113             4.39342           0.0353036
                  31              4.1194             4.38458           0.0352714
                  32             4.05935             4.37441           0.0356316
                  33             4.27748             4.37148           0.0346596
                  34             4.44139             4.37353           0.0336876
                  35             4.41734             4.37478           0.0327349
                  36             4.15209              4.3686           0.0324084
                  37              3.9063              4.3561           0.0339065
                  38             5.08108             4.37518           0.0381199
                  39             4.33067             4.37404           0.0371471
                  40             4.39709             4.37462           0.0362111
