                   1           -0.048268           -0.048268                   0
                   2            0.018712           -0.014778             0.03349
                   3            0.009264           -0.006764           0.0209305
                   4            0.035488            0.003799           0.0181829
                   5            0.001184            0.003276           0.0140941
                   6            0.008612          0.00416533           0.0115421
                   7            0.000316          0.00361543          0.00977037
                   8             -0.0021            0.002901           0.0084915
                   9           -0.021768             0.00016          0.00797466
                  10            0.000172           0.0001612          0.00713275
                  11            0.010776          0.00112618          0.00652358
                  12            0.009488            0.001823          0.00599582
                  13            -0.01572         0.000473538          0.00567804
                  14           -0.010864        -0.000336286          0.00531885
                  15           -0.023048          -0.0018504          0.00517791
                  16           -0.017756          -0.0028445          0.00494445
                  17           -0.005496         -0.00300047          0.00464712
                  18           -0.004804         -0.00310067           0.0043825
                  19            0.041204        -0.000768842          0.00475625
                  20           -0.016516          -0.0015562          0.00458036
                  21           -0.012224         -0.00206419          0.00438631
                  22             -0.0342         -0.00352491          0.00442993
                  23           -0.003468         -0.00352243          0.00423295
                  24           -0.024472         -0.00439533          0.00414568
                  25            0.014968          -0.0036208          0.00405113
                  26           -0.006564           -0.003734          0.00389384
                  27            0.011524         -0.00316889          0.00378923
                  28           -0.012244           -0.003493          0.00366575
                  29           -0.004716         -0.00353517          0.00353734
                  30            0.001892         -0.00335427          0.00342218
                  31           -0.008668         -0.00352568          0.00331438
                  32           -0.017664          -0.0039675           0.0032394
                  33           -0.000696         -0.00386836          0.00314127
                  34            0.055748         -0.00211494          0.00351591
                  35            0.053668        -0.000521143          0.00376768
                  36           -0.023336         -0.00115489          0.00371597
                  37           -0.007832         -0.00133535          0.00361865
                  38            0.027172        -0.000585158          0.00360114
                  39            0.004216        -0.000462051          0.00350975
                  40           -0.001268          -0.0004822          0.00342094
                   1              0.0476              0.0476                   0
                   2            -0.01774             0.01493             0.03267
                   3           -0.009508            0.006784           0.0205459
                   4           -0.036228           -0.003969           0.0180747
                   5           -0.001808          -0.0035368           0.0140073
                   6           -0.009668         -0.00455867           0.0114824
                   7           -0.000928            -0.00404          0.00971828
                   8            0.002936           -0.003168          0.00846133
                   9            0.021216        -0.000458667          0.00793881
                  10           -0.000876          -0.0005004          0.00710081
                  11           -0.011132         -0.00146691          0.00649524
                  12           -0.009664            -0.00215          0.00596853
                  13            0.015984        -0.000755077          0.00566469
                  14             0.01074             6.6e-05          0.00530837
                  15            0.023804          0.00164853          0.00518903
                  16             0.01772            0.002653          0.00495673
                  17            0.005124          0.00279835          0.00465831
                  18            0.005388          0.00294222          0.00439425
                  19           -0.040732         0.000643579           0.0047498
                  20            0.017356           0.0014792          0.00458288
                  21            0.012748          0.00201581           0.0043921
                  22            0.033916          0.00346582          0.00443163
                  23            0.003524          0.00346835          0.00423457
                  24            0.023948          0.00432167          0.00414312
                  25            -0.01488           0.0035536          0.00404748
                  26            0.005564          0.00363092          0.00388947
                  27           -0.012024          0.00305111          0.00378729
                  28            0.012384          0.00338443          0.00366471
                  29             0.00334           0.0033829          0.00353608
                  30            -0.00216          0.00319813          0.00342117
                  31             0.00804          0.00335432          0.00331266
                  32             0.01778          0.00380513          0.00323899
                  33             0.00058          0.00370739          0.00314083
                  34           -0.056184          0.00194588          0.00351958
                  35           -0.054448         0.000334629          0.00377832
                  36             0.02366         0.000982556           0.0037286
                  37            0.007104            0.001148           0.0036302
                  38           -0.027236         0.000401053          0.00361146
                  39           -0.005648         0.000245949          0.00352106
                  40            0.001548           0.0002785          0.00343206
