                   1            0.007712            0.007712                   0
                   2             0.00644            0.007076            0.000636
                   3           -0.005012          0.00304667          0.00404603
                   4             -0.0041             0.00126          0.00337303
                   5            0.004528           0.0019136          0.00269325
                   6            -0.00708         0.000414667           0.0026613
                   7           -0.005724        -0.000462286          0.00241413
                   8            -0.00166           -0.000612          0.00209605
                   9           -0.001716        -0.000734667          0.00185261
                  10            0.016048           0.0009436          0.00235845
                  11            -0.00226         0.000652364          0.00215309
                  12            0.011908          0.00159033          0.00217783
                  13           -0.018352         5.63077e-05          0.00252319
                  14           -0.000152         4.14286e-05          0.00233607
                  15            0.011648           0.0008152          0.00230831
                  16            0.014628           0.0016785          0.00232542
                  17           -0.003296          0.00138588          0.00220386
                  18            0.002012          0.00142067          0.00207811
                  19            0.000808          0.00138842          0.00196596
                  20           -0.017964           0.0004208          0.00210114
                  21           -0.006716         8.09524e-05          0.00202727
                  22            0.008332            0.000456          0.00196898
                  23           -0.011856        -7.93043e-05          0.00195609
                  24           -0.003596        -0.000225833          0.00187854
                  25             0.00474           -2.72e-05          0.00181275
                  26            0.009352         0.000333538           0.0017786
                  27            0.001136         0.000363259          0.00171172
                  28             0.00406         0.000495286          0.00165473
                  29           -0.012132         5.98621e-05          0.00165496
                  30           -0.002336              -2e-05          0.00160083
                  31            0.002664         6.65806e-05          0.00155075
                  32            0.010912           0.0004055          0.00153928
                  33            -0.01016         8.53333e-05          0.00152588
                  34           -0.009496        -0.000196471           0.0015069
                  35           -0.018836        -0.000729029          0.00155712
                  36           -0.006704           -0.000895          0.00152232
                  37            -0.00936         -0.00112378          0.00149818
                  38           -0.000804         -0.00111537          0.00145824
                  39           -0.006108         -0.00124338          0.00142612
                  40            -0.01454          -0.0015758           0.0014292
                   1            0.008916            0.008916                   0
                   2            0.006816            0.007866             0.00105
                   3           -0.004684          0.00368267          0.00422703
                   4           -0.003152            0.001974          0.00344288
                   5            0.005048           0.0025888          0.00273679
                   6           -0.006668            0.001046          0.00271544
                   7            -0.00644        -2.34286e-05           0.0025319
                   8           -0.000848          -0.0001265          0.00219511
                   9            -0.00276        -0.000419111           0.0019579
                  10            0.015572             0.00118          0.00237146
                  11           -0.002524         0.000843273          0.00217134
                  12            0.012116          0.00178267          0.00219349
                  13           -0.018692         0.000207692          0.00255963
                  14           -0.000372         0.000166286          0.00237012
                  15             0.01226         0.000972533          0.00234915
                  16            0.014652           0.0018275          0.00235789
                  17           -0.002604          0.00156682          0.00223014
                  18            0.001212          0.00154711          0.00210269
                  19            0.000392          0.00148632          0.00198988
                  20            -0.01574            0.000625          0.00207497
                  21            -0.00578             0.00032          0.00199712
                  22            0.008792         0.000705091          0.00194273
                  23           -0.012112         0.000147826          0.00193818
                  24           -0.004316        -3.81667e-05          0.00186496
                  25            0.005212          0.00017184           0.0018011
                  26              0.0092         0.000519077          0.00176493
                  27             0.00038         0.000513926          0.00169832
                  28            0.003352         0.000615286          0.00163967
                  29           -0.013256         0.000136966          0.00165285
                  30           -0.002276         5.65333e-05          0.00159883
                  31            0.003428          0.00016529          0.00155021
                  32            0.009776         0.000465625          0.00153074
                  33           -0.010636         0.000129212          0.00152129
                  34           -0.010452           -0.000182          0.00150832
                  35           -0.018636        -0.000709257          0.00155661
                  36            -0.00772           -0.000904          0.00152524
                  37           -0.010636         -0.00116703          0.00150658
                  38           -0.000588         -0.00115179          0.00146648
                  39            -0.00672         -0.00129456           0.0014355
                  40           -0.015052          -0.0016385           0.0014408
