                   1           -0.016204           -0.016204                   0
                   2            0.003944            -0.00613            0.010074
                   3            0.011504           -0.000252          0.00826918
                   4           -0.015252           -0.004002          0.00694638
                   5           -0.014424          -0.0060864          0.00577027
                   6            -0.00394         -0.00572867          0.00472497
                   7           -0.012304           -0.006668          0.00410232
                   8           -0.009264          -0.0069925           0.0035675
                   9            0.016512         -0.00438089          0.00408893
                  10           -0.000904          -0.0040332          0.00367374
                  11            0.014072         -0.00238727          0.00370831
                  12           -0.009564         -0.00298533          0.00343763
                  13            0.002628         -0.00255354           0.0031915
                  14           -0.000392         -0.00239914          0.00295879
                  15           -0.012148         -0.00304907          0.00283012
                  16           -0.000876         -0.00291325          0.00265082
                  17            0.006872         -0.00233765          0.00255567
                  18           -0.004328         -0.00244822          0.00241205
                  19            0.004956         -0.00205853          0.00231461
                  20            0.010104          -0.0014504          0.00227848
                  21              -8e-06         -0.00138171          0.00216836
                  22            -0.00766         -0.00166709          0.00208705
                  23           -0.007736         -0.00193096          0.00201163
                  24            0.004052         -0.00168167          0.00194205
                  25            0.003524         -0.00147344          0.00187435
                  26            0.013844        -0.000884308          0.00189474
                  27            0.002052        -0.000775556          0.00182645
                  28           -0.002952        -0.000853286          0.00176173
                  29            0.008572        -0.000528276          0.00173069
                  30            0.009264        -0.000201867          0.00170357
                  31           -0.006544        -0.000406452          0.00166035
                  32            0.009352          -0.0001015          0.00163629
                  33            0.012124          0.00026897          0.00162863
                  34            0.002356         0.000330353          0.00158119
                  35            0.013888         0.000717714          0.00158346
                  36            -0.02476               1e-05          0.00169379
                  37           -0.001668        -3.53514e-05            0.001648
                  38            0.007156         0.000153895          0.00161517
                  39            -0.00268         8.12308e-05          0.00157489
                  40            -0.01342          -0.0002563          0.00157168
                   1           -0.014144           -0.014144                   0
                   2            0.003704            -0.00522            0.008924
                   3             0.01062               6e-05          0.00737728
                   4           -0.015316           -0.003784          0.00647985
                   5           -0.013992          -0.0058256           0.0054186
                   6           -0.004292            -0.00557          0.00443165
                   7            -0.01132         -0.00639143          0.00383444
                   8            -0.01066           -0.006925          0.00336332
                   9             0.01566         -0.00441556          0.00388529
                  10           -0.001308          -0.0041048          0.00348897
                  11            0.013056         -0.00254473          0.00352044
                  12           -0.009328            -0.00311          0.00326304
                  13            0.003104           -0.002632          0.00303939
                  14            -0.00126           -0.002534          0.00281563
                  15           -0.012496         -0.00319813          0.00270404
                  16            -0.00034          -0.0030195          0.00253569
                  17            0.006684         -0.00244871          0.00244931
                  18           -0.005736         -0.00263133          0.00231644
                  19            0.004768         -0.00224189          0.00222547
                  20            0.010324          -0.0016136          0.00220277
                  21            0.000224          -0.0015261          0.00209708
                  22           -0.006288         -0.00174255          0.00201117
                  23            -0.00836         -0.00203026          0.00194316
                  24            0.003364          -0.0018055          0.00187396
                  25            0.003208         -0.00160496          0.00180859
                  26            0.015144        -0.000960769          0.00185321
                  27            0.002756        -0.000823111          0.00178855
                  28           -0.002516        -0.000883571          0.00172455
                  29            0.008204        -0.000570207          0.00169327
                  30              0.0089        -0.000254533          0.00166604
                  31            -0.00486        -0.000403097          0.00161823
                  32            0.009376           -9.75e-05          0.00159637
                  33             0.01156         0.000255758          0.00158705
                  34            0.002832         0.000331529          0.00154153
                  35            0.013212         0.000699543          0.00154142
                  36           -0.024012         1.31111e-05          0.00164777
                  37           -0.002816        -6.33514e-05          0.00160444
                  38            0.007244         0.000128947          0.00157344
                  39           -0.001832         7.86667e-05          0.00153339
                  40           -0.012484          -0.0002354          0.00152721
