                   1           -0.719064           -0.719064                   0
                   2           -0.723576            -0.72132            0.002256
                   3           -0.715152           -0.719264          0.00243385
                   4            -0.72016           -0.719488          0.00173551
                   5           -0.720808           -0.719752             0.00137
                   6           -0.724016           -0.720463          0.00132526
                   7           -0.719552           -0.720333          0.00112758
                   8           -0.719992            -0.72029         0.000977439
                   9            -0.71996           -0.720253           0.0008628
                  10            -0.72132            -0.72036         0.000779048
                  11           -0.721872           -0.720497         0.000717957
                  12            -0.71852           -0.720333         0.000675801
                  13           -0.722568           -0.720505         0.000644989
                  14            -0.72256           -0.720651         0.000614926
                  15           -0.719656           -0.720585         0.000576299
                  16           -0.720312           -0.720568         0.000539348
                  17           -0.721088           -0.720599         0.000507552
                  18           -0.722696           -0.720715         0.000492507
                  19           -0.720912           -0.720725          0.00046598
                  20           -0.725512           -0.720965         0.000502694
                  21           -0.720936           -0.720963         0.000478159
                  22           -0.719176           -0.720882          0.00046309
                  23            -0.72092           -0.720884         0.000442501
                  24           -0.722232            -0.72094          0.00042737
                  25            -0.72164           -0.720968         0.000410874
                  26           -0.718888           -0.720888          0.00040278
                  27           -0.719104           -0.720822         0.000393167
                  28           -0.722304           -0.720875         0.000382545
                  29            -0.71576           -0.720698         0.000409092
                  30           -0.719616           -0.720662         0.000396864
                  31           -0.721192           -0.720679         0.000384228
                  32           -0.721072           -0.720692          0.00037223
                  33           -0.718696           -0.720631         0.000365807
                  34           -0.716112           -0.720498         0.000378961
                  35           -0.719344           -0.720465         0.000369449
                  36             -0.7194           -0.720436         0.000360258
                  37           -0.715832           -0.720311         0.000371823
                  38            -0.72244           -0.720367         0.000366215
                  39           -0.722472           -0.720421          0.00036076
                  40            -0.71832           -0.720369         0.000355528
                   1            -0.71916            -0.71916                   0
                   2           -0.723432           -0.721296            0.002136
                   3           -0.714264           -0.718952          0.00264862
                   4           -0.720672           -0.719382          0.00192158
                   5           -0.721056           -0.719717          0.00152564
                   6           -0.724688           -0.720545          0.00149606
                   7           -0.719376           -0.720378          0.00127539
                   8           -0.720608           -0.720407          0.00110489
                   9            -0.72012           -0.720375         0.000974943
                  10           -0.720968           -0.720434         0.000874029
                  11           -0.721624           -0.720543         0.000797951
                  12            -0.71836           -0.720361          0.00075079
                  13           -0.723496           -0.720602         0.000731527
                  14           -0.722176           -0.720714         0.000686533
                  15           -0.720192           -0.720679         0.000640075
                  16           -0.720312           -0.720656         0.000599176
                  17           -0.721048            -0.72068         0.000563298
                  18           -0.723192           -0.720819         0.000549119
                  19           -0.720424           -0.720798         0.000519831
                  20           -0.725704           -0.721044         0.000550787
                  21            -0.72064           -0.721024         0.000524255
                  22              -0.719           -0.720932         0.000508257
                  23            -0.72116           -0.720942         0.000485757
                  24             -0.7226           -0.721011         0.000470178
                  25            -0.72172            -0.72104         0.000451869
                  26           -0.718296           -0.720934         0.000446783
                  27           -0.719976           -0.720899         0.000431379
                  28           -0.722848           -0.720968         0.000421477
                  29           -0.715944           -0.720795         0.000442049
                  30           -0.719456            -0.72075         0.000429386
                  31           -0.720768           -0.720751         0.000415305
                  32           -0.720896           -0.720755         0.000402142
                  33           -0.719024           -0.720703         0.000393282
                  34           -0.715984           -0.720564            0.000406
                  35           -0.720336           -0.720558         0.000394284
                  36           -0.719672           -0.720533         0.000383964
                  37           -0.716488           -0.720424         0.000389116
                  38           -0.722312           -0.720473         0.000381984
                  39           -0.722176           -0.720517         0.000374613
                  40           -0.717608           -0.720444           0.0003723
