                   1           -0.002988           -0.002988                   0
                   2           -0.002008           -0.002498             0.00049
                   3            0.002712        -0.000761333          0.00175956
                   4           -0.001044           -0.000832           0.0012462
                   5            0.000724          -0.0005208          0.00101423
                   6            0.000456           -0.000358         0.000843963
                   7            0.006516            0.000624          0.00121371
                   8             0.00892            0.001661          0.00147655
                   9            0.003556          0.00187156           0.0013191
                  10            0.003572           0.0020416          0.00119203
                  11           -0.012556         0.000714545          0.00170987
                  12            -0.00462             0.00027          0.00162296
                  13             0.00348         0.000516923          0.00151319
                  14           -0.003508         0.000229429          0.00143014
                  15            0.013772          0.00113227          0.00160863
                  16            0.002976           0.0012475          0.00150915
                  17           -0.005188         0.000868941          0.00146727
                  18           -0.001316         0.000747556          0.00138867
                  19            0.003884         0.000912632          0.00132388
                  20           -0.001164           0.0008088          0.00126023
                  21            0.011044          0.00129619          0.00129402
                  22            0.001412          0.00130145          0.00123381
                  23           -0.005232          0.00101739          0.00121268
                  24            0.006288            0.001237          0.00118164
                  25            0.006096          0.00143136          0.00114993
                  26           -0.005844          0.00115154          0.00113971
                  27            -0.00188          0.00103926          0.00110242
                  28             0.00314          0.00111429          0.00106496
                  29            0.000732           0.0011011          0.00102767
                  30           -0.001032             0.00103         0.000995363
                  31            0.003672          0.00111523         0.000966484
                  32           -0.007444          0.00084775          0.00097327
                  33            0.004444         0.000956727          0.00094959
                  34            0.004748          0.00106824         0.000927961
                  35           -0.005512         0.000880229         0.000920463
                  36           -0.006884         0.000664556         0.000920162
                  37           -0.009744         0.000383243         0.000938119
                  38              0.0003         0.000381053           0.0009131
                  39           -0.011512         7.61026e-05         0.000940208
                  40            0.005024           0.0001998         0.000924712
                   1           -0.003436           -0.003436                   0
                   2           -0.002584            -0.00301            0.000426
                   3            0.003632           -0.000796          0.00222762
                   4            0.000432           -0.000489           0.0016048
                   5            0.000492          -0.0002928          0.00125846
                   6           -0.000512        -0.000329333          0.00102818
                   7              0.0066         0.000660571           0.0013172
                   8            0.008764           0.0016735          0.00152555
                   9             0.00336          0.00186089          0.00135839
                  10            0.003952             0.00207          0.00123285
                  11           -0.012156         0.000776727          0.00170766
                  12           -0.004088         0.000371333          0.00161073
                  13             0.00346         0.000608923          0.00150058
                  14           -0.004708         0.000229143          0.00144024
                  15            0.012764           0.0010648          0.00157989
                  16             0.00444          0.00127575          0.00149283
                  17           -0.005612         0.000870588          0.00145963
                  18           -0.002244         0.000697556          0.00138699
                  19            0.003644         0.000852632          0.00132109
                  20           -0.000804           0.0007698          0.00125603
                  21             0.01122          0.00126743          0.00129422
                  22             0.00144          0.00127527          0.00123401
                  23           -0.004612           0.0010193           0.0012066
                  24             0.00734          0.00128267          0.00118488
                  25            0.006248          0.00148128          0.00115372
                  26           -0.004736          0.00124215          0.00113396
                  27            -0.00338          0.00107096           0.0011045
                  28            0.003452            0.001156          0.00106771
                  29            0.001212          0.00115793          0.00103024
                  30           -0.000212          0.00111227         0.000996351
                  31            0.004808          0.00123148         0.000971021
                  32           -0.008852         0.000916375         0.000991587
                  33            0.004552          0.00102655         0.000967364
                  34            0.005416          0.00115565         0.000947319
                  35           -0.004816         0.000985029         0.000935544
                  36           -0.007508         0.000749111         0.000939295
                  37           -0.009308         0.000477297         0.000953136
                  38             0.00054         0.000478947         0.000927716
                  39           -0.011592         0.000169436         0.000955153
                  40            0.004764           0.0002843         0.000938027
