                   1             5.20001             5.20001                   0
                   2             6.02685             5.61343            0.413418
                   3             5.01376             5.41354            0.311332
                   4             5.25419              5.3737            0.223721
                   5             5.49435             5.39783            0.174965
                   6             6.22926              5.5364            0.199024
                   7             5.48524             5.52909            0.168365
                   8             5.71959             5.55291             0.14774
                   9             5.46864             5.54354             0.13063
                  10              5.3775             5.52694            0.118013
                  11             5.45014             5.51996            0.106975
                  12             5.42408             5.51197           0.0979807
                  13             5.64007             5.52182           0.0906662
                  14             5.44585              5.5164           0.0841158
                  15             5.49686             5.51509           0.0783184
                  16             5.68873             5.52595           0.0740596
                  17             6.15341             5.56285           0.0787518
                  18              4.8829             5.52508            0.083305
                  19             5.79673             5.53938           0.0800852
                  20             5.99677             5.56225           0.0793429
                  21             5.16972             5.54355           0.0777505
                  22             5.69335             5.55036           0.0744442
                  23             5.60829             5.55288           0.0711785
                  24             5.49585             5.55051           0.0681896
                  25             5.74798              5.5584           0.0658805
                  26             5.72966             5.56499           0.0636377
                  27             5.46888             5.56143           0.0613388
                  28             6.00879             5.57741           0.0612288
                  29             4.75535             5.54906           0.0655283
                  30             5.25971             5.53942           0.0640369
                  31             5.44888              5.5365           0.0620056
                  32             5.32061             5.52975           0.0604145
                  33             6.08958             5.54671           0.0609631
                  34             5.56226             5.54717           0.0591447
                  35              5.4108             5.54328            0.057562
                  36             5.49989             5.54207           0.0559532
                  37             5.17996             5.53228           0.0552929
                  38             5.56997             5.53327           0.0538273
                  39             6.12742             5.54851           0.0545975
                  40               5.159             5.53877           0.0540987
                   1             5.19335             5.19335                   0
                   2             6.04394             5.61864            0.425298
                   3             5.00378             5.41369            0.319842
                   4             5.26271             5.37594            0.229291
                   5             5.49422              5.3996            0.179176
                   6             6.22758              5.5376            0.201112
                   7              5.4656             5.52731            0.170282
                   8               5.727             5.55227            0.149566
                   9             5.44241             5.54007            0.132468
                  10             5.38023             5.52408            0.119556
                  11             5.45945             5.51821            0.108302
                  12             5.39785             5.50818           0.0993735
                  13             5.63265             5.51775           0.0919104
                  14              5.4293             5.51143           0.0853267
                  15             5.50611             5.51108           0.0794357
                  16             5.69536              5.5226           0.0751926
                  17             6.15382             5.55973           0.0797965
                  18             4.87637             5.52176           0.0842689
                  19             5.76142             5.53438           0.0807022
                  20             5.98026             5.55667           0.0797408
                  21             5.17796             5.53864           0.0779631
                  22             5.68448             5.54527           0.0746299
                  23             5.60938             5.54805           0.0713658
                  24             5.49923             5.54602           0.0683578
                  25             5.72624             5.55323           0.0659616
                  26             5.74139             5.56047           0.0637858
                  27             5.48549             5.55769           0.0614407
                  28             6.02791             5.57448           0.0615414
                  29             4.73988              5.5457           0.0659879
                  30             5.26761             5.53643           0.0644208
                  31             5.44564              5.5335           0.0623768
                  32             5.30888             5.52648           0.0608026
                  33             6.08054             5.54327           0.0612764
                  34             5.59081             5.54467           0.0594633
                  35             5.41694             5.54102           0.0578546
                  36             5.48505             5.53947            0.056246
                  37             5.21845             5.53079           0.0553885
                  38             5.61153             5.53292            0.053953
                  39             6.13119             5.54826           0.0547447
                  40             5.17191             5.53885           0.0541817
