                   1             1.74361             1.74361                   0
                   2             1.68929             1.71645           0.0271573
                   3             1.71385             1.71558           0.0157032
                   4             1.70072             1.71187           0.0117093
                   5             1.58347             1.68619           0.0272335
                   6             1.79148             1.70374           0.0283266
                   7             1.67126              1.6991           0.0243859
                   8             1.79404             1.71097           0.0242252
                   9             1.57751             1.69614           0.0260061
                  10             1.71939             1.69846           0.0233765
                  11             1.68334             1.69709           0.0211895
                  12             1.66613             1.69451           0.0195146
                  13             1.64025             1.69033           0.0184297
                  14             1.68724             1.69011            0.017064
                  15             1.65057             1.68748           0.0161029
                  16             1.68462              1.6873            0.015064
                  17             1.65533             1.68542           0.0142745
                  18             1.69056              1.6857           0.0134612
                  19              1.7151             1.68725           0.0128266
                  20             1.74972             1.69037            0.012563
                  21             1.64061               1.688           0.0121825
                  22             1.64057             1.68585           0.0118139
                  23             1.70997              1.6869           0.0113372
                  24              1.6457             1.68518           0.0109894
                  25             1.76139             1.68823           0.0109726
                  26             1.72337             1.68958           0.0106284
                  27             1.67684             1.68911           0.0102381
                  28             1.72045             1.69023          0.00992894
                  29             1.65275             1.68894          0.00966722
                  30             1.63833             1.68725          0.00949052
                  31             1.71842             1.68825          0.00923416
                  32             1.66376             1.68749          0.00897364
                  33             1.75507             1.68954          0.00893529
                  34             1.68669             1.68945          0.00866891
                  35              1.6482             1.68827           0.0084997
                  36             1.65102             1.68724          0.00832478
                  37              1.6979             1.68753          0.00810178
                  38             1.69503             1.68773          0.00788817
                  39             1.73777             1.68901          0.00778965
                  40             1.72502             1.68991          0.00764561
                   1             1.73667             1.73667                   0
                   2             1.68523             1.71095           0.0257176
                   3             1.72522              1.7157           0.0155912
                   4             1.71416             1.71532           0.0110314
                   5             1.59216             1.69069           0.0260718
                   6             1.79902             1.70874           0.0279138
                   7             1.66746             1.70284           0.0243173
                   8             1.78996             1.71373           0.0237081
                   9             1.57486              1.6983           0.0259859
                  10             1.70811             1.69928           0.0232632
                  11             1.69659             1.69904           0.0210438
                  12             1.66581             1.69627           0.0194088
                  13             1.64601              1.6924           0.0182673
                  14             1.67909             1.69145           0.0169389
                  15             1.66731             1.68984           0.0158512
                  16              1.6879             1.68972           0.0148279
                  17             1.66886              1.6885           0.0139824
                  18             1.71548                1.69           0.0132677
                  19             1.70242             1.69065            0.012567
                  20             1.75753             1.69399           0.0123823
                  21             1.65722             1.69224           0.0119074
                  22             1.62086               1.689           0.0118077
                  23             1.71814             1.69026           0.0113536
                  24             1.64621             1.68843           0.0110242
                  25             1.76548             1.69151            0.011014
                  26             1.71636             1.69247            0.010625
                  27             1.66668             1.69151           0.0102684
                  28             1.73121             1.69293          0.00999597
                  29             1.65158              1.6915          0.00974996
                  30             1.64782             1.69005          0.00953126
                  31              1.7125             1.69077          0.00924708
                  32             1.68033             1.69045          0.00895939
                  33             1.76101             1.69258          0.00894304
                  34             1.68115             1.69225          0.00868254
                  35             1.64553             1.69091          0.00853583
                  36             1.65247             1.68984           0.0083638
                  37             1.69785             1.69006          0.00813749
                  38             1.69267             1.69013          0.00792074
                  39             1.74095             1.69143          0.00782424
                  40              1.7409             1.69267          0.00772574
