                   1            0.374286            0.374286                   0
                   2            0.378068            0.376177          0.00189111
                   3            0.376454            0.376269          0.00109571
                   4             0.37562            0.376107         0.000791593
                   5            0.368277            0.374541          0.00168179
                   6            0.376682            0.374898          0.00141878
                   7            0.349616            0.371286          0.00380561
                   8            0.364998              0.3705          0.00338819
                   9            0.367387            0.370154          0.00300805
                  10            0.355209             0.36866           0.0030777
                  11            0.372393            0.368999          0.00280449
                  12            0.366812            0.368817          0.00256662
                  13            0.373338            0.369165          0.00238642
                  14            0.381177            0.370023          0.00237015
                  15             0.34761            0.368529          0.00266479
                  16            0.375591             0.36897          0.00253146
                  17            0.363488            0.368647          0.00239966
                  18            0.374735            0.368986          0.00228756
                  19            0.383273            0.369738          0.00229075
                  20            0.377413            0.370121          0.00220683
                  21            0.369793            0.370106          0.00209917
                  22             0.36696            0.369963          0.00200658
                  23            0.382143            0.370492          0.00198915
                  24            0.376012            0.370722           0.0019183
                  25            0.367726            0.370602          0.00184387
                  26            0.367076            0.370467          0.00177671
                  27            0.358833            0.370036          0.00176311
                  28            0.379553            0.370376          0.00173264
                  29            0.368938            0.370326          0.00167256
                  30            0.376254            0.370524          0.00162788
                  31            0.364974            0.370345          0.00158464
                  32            0.368783            0.370296           0.0015351
                  33            0.392514            0.370969          0.00163309
                  34            0.378266            0.371184           0.0015988
                  35             0.36504            0.371008          0.00156234
                  36            0.362154            0.370762          0.00153811
                  37            0.378953            0.370984          0.00151226
                  38            0.365225            0.370832           0.0014797
                  39            0.365881            0.370705          0.00144684
                  40            0.356473            0.370349           0.0014544
                   1            0.370111            0.370111                   0
                   2            0.378981            0.374546          0.00443508
                   3            0.385636            0.378243          0.00449697
                   4            0.373458            0.377047          0.00339744
                   5            0.373296            0.376296          0.00273647
                   6            0.374762            0.376041           0.0022489
                   7            0.348594             0.37212          0.00435741
                   8              0.3642             0.37113          0.00390132
                   9            0.362257            0.370144          0.00357911
                  10            0.356297            0.368759           0.0034879
                  11            0.371217            0.368983          0.00316282
                  12            0.367017            0.368819          0.00289189
                  13            0.374777            0.369277          0.00269935
                  14            0.380587            0.370085          0.00262645
                  15            0.349173            0.368691          0.00281461
                  16            0.377852            0.369263          0.00269438
                  17            0.362713            0.368878          0.00256009
                  18            0.375938             0.36927          0.00244534
                  19            0.379009            0.369783          0.00236917
                  20            0.380601            0.370324          0.00231176
                  21            0.369865            0.370302          0.00219903
                  22            0.364565            0.370041          0.00211285
                  23            0.373993            0.370213          0.00202619
                  24            0.371555            0.370269          0.00194074
                  25            0.368337            0.370192          0.00186309
                  26            0.373893            0.370334          0.00179565
                  27            0.358465            0.369894          0.00178291
                  28            0.374443            0.370057          0.00172572
                  29            0.370831            0.370084          0.00166536
                  30              0.3827            0.370504          0.00166295
                  31            0.358285             0.37011          0.00165601
                  32            0.371055             0.37014          0.00160369
                  33            0.392013            0.370802          0.00168977
                  34             0.38227             0.37114          0.00167366
                  35            0.363511            0.370922          0.00163969
                  36            0.365596            0.370774          0.00160034
                  37            0.370481            0.370766          0.00155651
                  38             0.36385            0.370584          0.00152589
                  39            0.358488            0.370274          0.00151826
                  40            0.356368            0.369926           0.0015201
