                   1            0.195853            0.195853                   0
                   2            0.190541            0.193197          0.00265608
                   3            0.196355            0.194249          0.00186001
                   4            0.193474            0.194055          0.00132944
                   5            0.192923            0.193829          0.00105441
                   6            0.196711            0.194309         0.000985826
                   7            0.201762            0.195374          0.00135198
                   8            0.196951            0.195571          0.00118733
                   9            0.200997            0.196174          0.00120831
                  10            0.193658            0.195922          0.00110964
                  11            0.197693            0.196083          0.00101652
                  12            0.195539            0.196038         0.000929061
                  13            0.195805             0.19602         0.000854799
                  14            0.200339            0.196329          0.00084939
                  15            0.199273            0.196525          0.00081474
                  16            0.197483            0.196585         0.000764469
                  17            0.195378            0.196514         0.000721594
                  18            0.198045            0.196599         0.000685625
                  19            0.194162            0.196471         0.000661097
                  20            0.197918            0.196543         0.000631334
                  21             0.20187            0.196797         0.000651892
                  22            0.195774             0.19675         0.000623291
                  23            0.192451            0.196563         0.000624217
                  24              0.1956            0.196523         0.000598989
                  25            0.193475            0.196401         0.000587326
                  26            0.197391            0.196439         0.000565568
                  27            0.190894            0.196234         0.000581687
                  28            0.196134             0.19623         0.000560539
                  29            0.192421            0.196099          0.00055659
                  30            0.197511            0.196146         0.000539772
                  31            0.198844            0.196233         0.000529276
                  32            0.189771            0.196031         0.000550819
                  33            0.194868            0.195996         0.000535029
                  34            0.195609            0.195984         0.000519179
                  35            0.195068            0.195958         0.000504806
                  36            0.197415            0.195999         0.000492249
                  37             0.19835            0.196062         0.000482961
                  38            0.191374            0.195939         0.000486001
                  39            0.197802            0.195987         0.000475779
                  40            0.193439            0.195923         0.000468084
                   1            0.195864            0.195864                   0
                   2            0.190812            0.193338            0.002526
                   3            0.196245            0.194307          0.00175094
                   4            0.192184            0.193777          0.00134707
                   5            0.195547            0.194131          0.00110185
                   6            0.196486            0.194523         0.000981557
                   7            0.198163            0.195043         0.000979056
                   8            0.196536             0.19523          0.00086818
                   9            0.199871            0.195745         0.000923124
                  10             0.19458            0.195629         0.000833852
                  11            0.192041            0.195303         0.000821767
                  12            0.194214            0.195212         0.000755631
                  13            0.194657            0.195169          0.00069639
                  14            0.199566            0.195483         0.000717163
                  15            0.198668            0.195696         0.000700581
                  16            0.196918            0.195772         0.000659774
                  17            0.194274            0.195684         0.000625981
                  18            0.194601            0.195624         0.000593239
                  19            0.193373            0.195505         0.000573517
                  20            0.201801             0.19582         0.000628593
                  21             0.19692            0.195872           0.0006002
                  22            0.193709            0.195774         0.000580657
                  23             0.19639            0.195801         0.000555484
                  24            0.193216            0.195693         0.000542632
                  25            0.197333            0.195759         0.000524592
                  26            0.202041               0.196         0.000558935
                  27            0.194285            0.195937         0.000541574
                  28            0.199126            0.196051         0.000534156
                  29            0.197485              0.1961         0.000517775
                  30            0.198436            0.196178         0.000506243
                  31            0.199216            0.196276         0.000499348
                  32            0.190212            0.196087         0.000519303
                  33            0.192924            0.195991         0.000512363
                  34            0.195545            0.195978         0.000497238
                  35            0.196215            0.195984          0.00048287
                  36             0.19783            0.196036         0.000472058
                  37              0.1986            0.196105         0.000464326
                  38            0.196521            0.196116         0.000452074
                  39              0.1967            0.196131         0.000440585
                  40            0.192368            0.196037         0.000439613
