                   1            0.437761            0.437761                   0
                   2            0.451083            0.444422          0.00666122
                   3            0.424607            0.437817          0.00764306
                   4            0.441615            0.438766          0.00548724
                   5            0.444679            0.439949          0.00441183
                   6            0.432008            0.438625          0.00383767
                   7            0.422083            0.436262          0.00401305
                   8            0.450303            0.438017          0.00389342
                   9             0.44201            0.438461          0.00346222
                  10            0.432053             0.43782           0.0031623
                  11            0.430995              0.4372          0.00292694
                  12            0.434907            0.437009          0.00267874
                  13            0.433835            0.436765          0.00247614
                  14            0.424103             0.43586           0.0024644
                  15            0.421585            0.434909          0.00248378
                  16            0.440858             0.43528          0.00235293
                  17            0.409576            0.433768          0.00267789
                  18            0.417213            0.432849          0.00268704
                  19            0.412521            0.431779          0.00275768
                  20            0.425846            0.431482          0.00263293
                  21            0.433016            0.431555          0.00250549
                  22            0.429081            0.431443          0.00239153
                  23            0.457662            0.432583          0.00255374
                  24            0.426834            0.432343          0.00245672
                  25            0.426089            0.432093          0.00236965
                  26            0.436051            0.432245          0.00228177
                  27             0.45898            0.433235          0.00240858
                  28            0.430927            0.433153          0.00232243
                  29            0.447872             0.43366          0.00229768
                  30            0.438436             0.43382          0.00222547
                  31            0.430029            0.433697          0.00215595
                  32            0.434764            0.433731          0.00208776
                  33            0.438441            0.433873          0.00202853
                  34            0.420617            0.433484          0.00200622
                  35            0.432797            0.433464          0.00194815
                  36            0.458011            0.434146          0.00201231
                  37             0.45905            0.434819          0.00206967
                  38            0.443653            0.435051          0.00202784
                  39             0.44137            0.435213          0.00198179
                  40            0.434036            0.435184          0.00193183
                   1            0.434006            0.434006                   0
                   2            0.453475            0.443741          0.00973492
                   3             0.42653            0.438004          0.00803134
                   4            0.440343            0.438588          0.00570904
                   5            0.440771            0.439025           0.0044437
                   6            0.434186            0.438218          0.00371681
                   7            0.417834            0.435306          0.00428344
                   8            0.447105            0.436781          0.00399202
                   9            0.435798            0.436672          0.00352233
                  10            0.432883            0.436293          0.00317316
                  11            0.426972            0.435446           0.0029927
                  12            0.432385            0.435191          0.00274384
                  13            0.436303            0.435276          0.00252541
                  14            0.429438            0.434859          0.00237497
                  15            0.418222             0.43375          0.00247359
                  16            0.444959            0.434451          0.00241755
                  17            0.416993            0.433424           0.0024923
                  18             0.41015            0.432131          0.00268203
                  19            0.404436            0.430673          0.00292588
                  20            0.426322            0.430456          0.00278425
                  21            0.438751            0.430851          0.00267764
                  22            0.425108             0.43059          0.00256634
                  23            0.456686            0.431724          0.00270199
                  24            0.428243            0.431579          0.00259102
                  25             0.42726            0.431406          0.00249122
                  26            0.438711            0.431687          0.00240992
                  27            0.455081            0.432554          0.00247552
                  28            0.432486            0.432551          0.00238547
                  29            0.449553            0.433138          0.00237524
                  30             0.44245            0.433448           0.0023156
                  31            0.430096             0.43334          0.00224226
                  32             0.43853            0.433502          0.00217711
                  33            0.435319            0.433557          0.00211082
                  34             0.41674            0.433062          0.00210669
                  35            0.432506            0.433047          0.00204567
                  36            0.455333            0.433666          0.00208219
                  37            0.463087            0.434461          0.00217566
                  38            0.441361            0.434642           0.0021254
                  39            0.447439            0.434971          0.00209603
                  40            0.436213            0.435002          0.00204319
