                   1             0.43094             0.43094                   0
                   2            0.427641            0.429291          0.00164952
                   3            0.425655            0.428079          0.00154142
                   4            0.426545            0.427695          0.00115542
                   5            0.453524            0.432861          0.00524277
                   6            0.463238            0.437924          0.00663001
                   7            0.435583            0.437589          0.00561335
                   8            0.449049            0.439022          0.00506795
                   9            0.451839            0.440446          0.00469091
                  10             0.42217            0.438618          0.00457645
                  11            0.451493            0.439789          0.00430183
                  12            0.431596            0.439106          0.00398592
                  13            0.445869            0.439626          0.00370324
                  14            0.476813            0.442282          0.00433707
                  15            0.413184            0.440343          0.00447945
                  16            0.467428            0.442035          0.00451917
                  17            0.445643            0.442248          0.00425032
                  18             0.42929            0.441528          0.00407139
                  19            0.427883             0.44081          0.00391753
                  20            0.421138            0.439826          0.00384445
                  21            0.421938            0.438974          0.00375469
                  22             0.44372             0.43919          0.00358645
                  23             0.44672            0.439517          0.00344258
                  24            0.414883            0.438491          0.00345214
                  25            0.462167            0.439438          0.00344395
                  26            0.424739            0.438873          0.00335679
                  27            0.453915             0.43943          0.00327776
                  28            0.435338            0.439284          0.00316191
                  29             0.48938            0.441011          0.00350604
                  30            0.423515            0.440428            0.003437
                  31             0.41615            0.439645          0.00341528
                  32            0.429286            0.439321          0.00332264
                  33             0.44038            0.439353          0.00322054
                  34            0.443949            0.439488           0.0031273
                  35            0.438181            0.439451          0.00303687
                  36            0.472896             0.44038          0.00309407
                  37              0.4562            0.440807          0.00303951
                  38            0.433395            0.440612          0.00296487
                  39            0.482101            0.441676          0.00307756
                  40            0.427615            0.441325          0.00302016
                   1            0.431771            0.431771                   0
                   2            0.426406            0.429088          0.00268284
                   3            0.427505            0.428561           0.0016364
                   4            0.425124            0.427701          0.00144122
                   5            0.453938            0.432949          0.00536469
                   6            0.465006            0.438292          0.00690897
                   7            0.432632            0.437483          0.00589486
                   8            0.448222            0.438825          0.00527863
                   9            0.448176            0.439864          0.00476985
                  10            0.423335            0.438212           0.0045753
                  11            0.444462             0.43878          0.00417734
                  12            0.432485            0.438255          0.00384929
                  13            0.442358            0.438571          0.00355486
                  14            0.477216            0.441331           0.0042955
                  15             0.41106            0.439313          0.00447926
                  16            0.466217            0.440994          0.00451477
                  17            0.450552            0.441557          0.00427799
                  18            0.426559            0.440724          0.00411849
                  19            0.421863            0.439731          0.00402019
                  20            0.418978            0.438693          0.00395251
                  21            0.422909            0.437942          0.00383399
                  22            0.444473            0.438238           0.0036676
                  23            0.447282            0.438632           0.0035265
                  24            0.415615            0.437673          0.00350992
                  25            0.460796            0.438598          0.00349135
                  26            0.424552            0.438057           0.0033976
                  27            0.446542            0.438372          0.00328441
                  28            0.435373            0.438265          0.00316675
                  29            0.488814            0.440008          0.00351783
                  30            0.421743            0.439399          0.00345265
                  31            0.420362            0.438785          0.00339541
                  32            0.429456            0.438493          0.00330049
                  33            0.437543            0.438464          0.00319904
                  34            0.439132            0.438484          0.00310359
                  35            0.435895             0.43841          0.00301452
                  36            0.470866            0.439312          0.00306517
                  37            0.451275            0.439635          0.00299866
                  38            0.434934            0.439511           0.0029213
                  39             0.49433            0.440917          0.00317365
                  40            0.431559            0.440683          0.00310213
