                   1           -0.484872           -0.484872                   0
                   2           -0.485336           -0.485104            0.000232
                   3           -0.483328           -0.484512         0.000606964
                   4           -0.483568           -0.484276         0.000489795
                   5           -0.483104           -0.484042         0.000445963
                   6           -0.481344           -0.483592         0.000578557
                   7           -0.484904           -0.483779         0.000523661
                   8           -0.482896           -0.483669         0.000466755
                   9            -0.48444           -0.483755         0.000420459
                  10           -0.484184           -0.483798         0.000378513
                  11            -0.48096            -0.48354         0.000428681
                  12           -0.480528           -0.483289         0.000464893
                  13           -0.482392            -0.48322         0.000433166
                  14           -0.479968           -0.482987         0.000463438
                  15           -0.482296           -0.482941         0.000433893
                  16           -0.481792           -0.482869         0.000412177
                  17           -0.484696           -0.482977         0.000401804
                  18           -0.480896           -0.482861         0.000396072
                  19           -0.483832           -0.482912         0.000378114
                  20            -0.48172           -0.482853         0.000363631
                  21             -0.4796           -0.482698         0.000378982
                  22           -0.484416           -0.482776         0.000369688
                  23           -0.482712           -0.482773          0.00035326
                  24            -0.48092           -0.482696         0.000346923
                  25           -0.483752           -0.482738         0.000335427
                  26             -0.4824           -0.482725         0.000322531
                  27           -0.480952            -0.48266         0.000317228
                  28           -0.482712           -0.482661         0.000305694
                  29            -0.48396           -0.482706         0.000298344
                  30           -0.481608            -0.48267         0.000290543
                  31            -0.48204           -0.482649         0.000281748
                  32           -0.483752           -0.482684         0.000274969
                  33           -0.481416           -0.482645         0.000269261
                  34           -0.480152           -0.482572          0.00027132
                  35           -0.482216           -0.482562          0.00026365
                  36            -0.48144           -0.482531          0.00025811
                  37           -0.481688           -0.482508         0.000252068
                  38           -0.484912           -0.482571         0.000253371
                  39           -0.484608           -0.482623         0.000252254
                  40             -0.4822           -0.482613         0.000246095
                   1           -0.484416           -0.484416                   0
                   2           -0.486408           -0.485412            0.000996
                   3           -0.483944           -0.484923         0.000755062
                   4           -0.484248           -0.484754         0.000559918
                   5            -0.48316           -0.484435         0.000538273
                   6           -0.480072           -0.483708         0.000849693
                   7           -0.485096           -0.483906         0.000744994
                   8            -0.48308           -0.483803         0.000653399
                   9             -0.4852           -0.483958         0.000596784
                  10           -0.482064           -0.483769         0.000566393
                  11           -0.482312           -0.483636         0.000529163
                  12            -0.48192           -0.483493         0.000503788
                  13           -0.481792           -0.483362         0.000481542
                  14            -0.47964           -0.483097          0.00051909
                  15           -0.481856           -0.483014         0.000490273
                  16           -0.482776           -0.482999         0.000458849
                  17             -0.4834           -0.483023         0.000431658
                  18           -0.481752           -0.482952         0.000413048
                  19           -0.482072           -0.482906          0.00039344
                  20           -0.480608           -0.482791          0.00039053
                  21            -0.47888           -0.482605         0.000415535
                  22           -0.483536           -0.482647         0.000398453
                  23           -0.483392           -0.482679         0.000382111
                  24           -0.481592           -0.482634         0.000368638
                  25           -0.482568           -0.482631         0.000353595
                  26           -0.481512           -0.482588          0.00034244
                  27           -0.481672           -0.482554         0.000331256
                  28           -0.481544           -0.482518         0.000321239
                  29           -0.483568           -0.482554         0.000312071
                  30           -0.480848           -0.482498         0.000306808
                  31            -0.48072            -0.48244         0.000302236
                  32           -0.484288           -0.482498         0.000298281
                  33           -0.481616           -0.482471         0.000290333
                  34            -0.48096           -0.482427          0.00028515
                  35           -0.482504           -0.482429         0.000276892
                  36           -0.481712           -0.482409         0.000269827
                  37           -0.482912           -0.482423         0.000262785
                  38            -0.48488           -0.482487         0.000263824
                  39           -0.487968           -0.482628         0.000292886
                  40            -0.48272            -0.48263         0.000285479
