                   1            0.018192            0.018192                   0
                   2            0.006704            0.012448            0.005744
                   3            0.048064             0.02432           0.0123265
                   4           -0.025664            0.011824           0.0152355
                   5            0.024024            0.014264            0.012051
                   6             0.00614             0.01291          0.00993231
                   7             0.00898           0.0123486          0.00841309
                   8           -0.003176            0.010408          0.00753995
                   9           -0.012968          0.00781067          0.00713887
                  10            0.014328           0.0084624          0.00641838
                  11              0.0084          0.00845673          0.00580564
                  12           -0.033132            0.004991          0.00633239
                  13           -0.013204          0.00359138          0.00599074
                  14           -0.036132            0.000754          0.00622999
                  15           -0.042056             -0.0021          0.00646398
                  16           -0.070976         -0.00640475          0.00742233
                  17           -0.007312         -0.00645812          0.00697227
                  18           -0.005216         -0.00638911          0.00657388
                  19           -0.019528         -0.00708063           0.0062566
                  20           -0.028992          -0.0081762           0.0060358
                  21            0.036084         -0.00606857          0.00611583
                  22            0.029216         -0.00446473          0.00604776
                  23            0.035832          -0.0027127          0.00603858
                  24           -0.048676         -0.00462783          0.00609045
                  25           -0.036204         -0.00589088          0.00597673
                  26           -0.016284         -0.00629062          0.00575616
                  27            0.055848         -0.00398919          0.00599797
                  28            0.019224         -0.00316014          0.00583894
                  29            0.023648         -0.00223572          0.00570934
                  30           -0.016348         -0.00270613          0.00553577
                  31            0.018756         -0.00201381          0.00539879
                  32           -0.049952         -0.00351187          0.00543778
                  33            0.000436         -0.00339224          0.00527178
                  34            0.001732         -0.00324153           0.0051166
                  35           -0.008508           -0.003392          0.00497054
                  36            0.044312         -0.00206689          0.00500895
                  37            0.068656        -0.000155459          0.00523326
                  38            -0.04182         -0.00125189          0.00521035
                  39            0.060744         0.000337744          0.00531813
                  40            -0.03836          -0.0006297          0.00527298
                   1           -0.029208           -0.029208                   0
                   2           -0.006592             -0.0179            0.011308
                   3           -0.048872           -0.028224           0.0122151
                   4             0.02572           -0.014738           0.0160149
                   5           -0.024232          -0.0166368           0.0125496
                   6           -0.005748           -0.014822           0.0104061
                   7           -0.008964          -0.0139851          0.00883452
                   8              0.0029          -0.0118745          0.00793671
                   9            0.013096             -0.0091          0.00752935
                  10           -0.014804          -0.0096704          0.00675857
                  11           -0.009116            -0.00962          0.00611356
                  12            0.033488         -0.00602767          0.00663711
                  13            0.012832         -0.00457692          0.00627525
                  14            0.035808         -0.00169229          0.00648648
                  15            0.041444          0.00118347          0.00668838
                  16             0.07078          0.00553325          0.00761992
                  17            0.008392          0.00570141          0.00715965
                  18            0.005088          0.00566733          0.00675027
                  19             0.01906          0.00637221           0.0064239
                  20            0.029076           0.0075074          0.00619907
                  21            -0.03652          0.00541086          0.00625813
                  22            -0.02866          0.00386218          0.00616459
                  23           -0.035184          0.00216452          0.00613023
                  24            0.048156          0.00408083          0.00617416
                  25            0.035276          0.00532864          0.00605208
                  26             0.01632          0.00575138             0.00583
                  27           -0.055948          0.00346622          0.00605749
                  28            -0.01854          0.00268029          0.00588981
                  29           -0.023168          0.00178897          0.00575256
                  30            0.016864          0.00229147          0.00558017
                  31           -0.018364          0.00162516          0.00543814
                  32            0.049188           0.0031115          0.00547122
                  33           -0.000552          0.00300048            0.005304
                  34           -0.001356          0.00287235          0.00514723
                  35            0.008236           0.0030256          0.00500035
                  36           -0.044236          0.00171278          0.00503368
                  37           -0.068616           -0.000188          0.00525178
                  38            0.042184         0.000927053          0.00523192
                  39           -0.060724        -0.000653744          0.00533555
                  40            0.038528           0.0003258           0.0052919
