                   1            0.253954            0.253954                   0
                   2            0.247087             0.25052          0.00343343
                   3            0.244829            0.248623          0.00274372
                   4             0.24866            0.248633          0.00194013
                   5            0.252357            0.249378           0.0016773
                   6            0.244893             0.24863           0.0015602
                   7            0.250205            0.248855          0.00133767
                   8            0.247557            0.248693          0.00116976
                   9            0.241844            0.247932          0.00128192
                  10            0.248952            0.248034          0.00115111
                  11            0.248633            0.248088          0.00104264
                  12            0.251303            0.248356         0.000988782
                  13            0.250909            0.248553         0.000930503
                  14             0.25217            0.248811         0.000899398
                  15             0.24459             0.24853         0.000883319
                  16            0.247787            0.248483         0.000827572
                  17              0.2575            0.249014         0.000941083
                  18             0.25669             0.24944         0.000984443
                  19            0.257686            0.249874          0.00102735
                  20            0.246978            0.249729         0.000985326
                  21             0.25227             0.24985         0.000945006
                  22            0.240131            0.249408          0.00100351
                  23            0.249855            0.249428         0.000959086
                  24            0.252795            0.249568         0.000928912
                  25              0.2507            0.249613         0.000892131
                  26            0.245147            0.249442          0.00087418
                  27            0.249839            0.249456         0.000841309
                  28              0.2483            0.249415         0.000811756
                  29            0.248653            0.249389         0.000783705
                  30            0.246836            0.249304         0.000761897
                  31            0.248822            0.249288         0.000737074
                  32            0.240655            0.249018         0.000762956
                  33            0.250626            0.249067         0.000741077
                  34            0.254999            0.249242         0.000739815
                  35            0.252364            0.249331         0.000723885
                  36            0.247003            0.249266         0.000706456
                  37            0.248248            0.249239         0.000687648
                  38            0.243547            0.249089          0.00068586
                  39            0.248015            0.249061         0.000668609
                  40            0.246871            0.249007         0.000653977
                   1            0.251095            0.251095                   0
                   2            0.247286            0.249191          0.00190436
                   3            0.245799             0.24806            0.001577
                   4            0.254828            0.249752          0.00202626
                   5            0.250688            0.249939          0.00158065
                   6            0.245489            0.249198          0.00148852
                   7            0.244763            0.248564          0.00140855
                   8            0.245404            0.248169          0.00128222
                   9             0.24397            0.247702          0.00122328
                  10            0.248204            0.247753          0.00109528
                  11            0.244024            0.247414          0.00104709
                  12            0.249794            0.247612         0.000976229
                  13            0.250697            0.247849         0.000928833
                  14            0.249233            0.247948         0.000865593
                  15            0.247374             0.24791         0.000806732
                  16            0.247682            0.247896         0.000754764
                  17            0.254051            0.248258         0.000796076
                  18            0.255769            0.248675         0.000858758
                  19            0.254788            0.248997         0.000873702
                  20            0.252704            0.249182         0.000849339
                  21            0.248957            0.249171         0.000807954
                  22            0.244475            0.248958         0.000799383
                  23            0.248756            0.248949         0.000763888
                  24              0.2434            0.248718         0.000767046
                  25            0.251569            0.248832         0.000744509
                  26            0.248567            0.248822         0.000715373
                  27            0.244203            0.248651         0.000709302
                  28            0.252866            0.248801         0.000699881
                  29            0.251637            0.248899         0.000682361
                  30            0.251173            0.248975         0.000663568
                  31            0.252204            0.249079         0.000650202
                  32            0.248225            0.249052          0.00063012
                  33             0.25065            0.249101         0.000612642
                  34            0.245508            0.248995         0.000603673
                  35            0.252749            0.249102         0.000595903
                  36             0.24231            0.248914         0.000609072
                  37            0.245245            0.248814         0.000600624
                  38            0.249462            0.248832         0.000584852
                  39            0.244017            0.248708         0.000582881
                  40            0.245629            0.248631         0.000573313
