                   1            0.146035            0.146035                   0
                   2            0.146832            0.146434         0.000398676
                   3            0.145509            0.146125         0.000384723
                   4            0.147902            0.146569         0.000520753
                   5            0.146553            0.146566         0.000403386
                   6            0.147954            0.146797         0.000402488
                   7             0.14828            0.147009         0.000400674
                   8            0.148991            0.147257          0.00042637
                   9            0.144218            0.146919         0.000505366
                  10            0.143235            0.146551         0.000583135
                  11            0.148446            0.146723         0.000554887
                  12            0.144188            0.146512         0.000548838
                  13             0.14542            0.146428         0.000511791
                  14            0.145285            0.146346         0.000480814
                  15            0.148235            0.146472         0.000464986
                  16            0.147103            0.146512         0.000436736
                  17             0.14734             0.14656         0.000413124
                  18            0.143699            0.146401         0.000420683
                  19            0.148492            0.146511         0.000412859
                  20            0.144102            0.146391         0.000409775
                  21            0.145991            0.146372         0.000390238
                  22             0.14862            0.146474         0.000385852
                  23            0.144829            0.146403         0.000375569
                  24             0.14813            0.146475          0.00036671
                  25            0.146665            0.146482         0.000351819
                  26            0.145279            0.146436          0.00034117
                  27            0.146691            0.146445         0.000328427
                  28            0.143799            0.146351          0.00033029
                  29            0.146996            0.146373         0.000319473
                  30            0.147153            0.146399         0.000309733
                  31            0.146833            0.146413         0.000299901
                  32            0.142425            0.146288         0.000315992
                  33            0.149034            0.146372         0.000317367
                  34            0.147022            0.146391         0.000308485
                  35            0.142358            0.146276          0.00032094
                  36            0.144928            0.146238         0.000314136
                  37             0.14744            0.146271          0.00030725
                  38            0.146571            0.146278         0.000299159
                  39            0.146952            0.146296         0.000291899
                  40            0.147743            0.146332           0.0002868
                   1            0.148008            0.148008                   0
                   2            0.148582            0.148295         0.000287024
                   3            0.147352             0.14798         0.000355424
                   4            0.145683            0.147406         0.000626866
                   5            0.145975             0.14712         0.000563629
                   6            0.149407            0.147501         0.000597594
                   7            0.145413            0.147203         0.000586591
                   8            0.148314            0.147342          0.00052663
                   9            0.145287            0.147113         0.000517535
                  10             0.14705            0.147107          0.00046294
                  11            0.145611            0.146971         0.000440283
                  12            0.143332            0.146668         0.000503473
                  13             0.14787             0.14676         0.000472275
                  14            0.143232            0.146508          0.00050466
                  15            0.146385              0.1465         0.000469885
                  16            0.146952            0.146528         0.000440445
                  17            0.146285            0.146514         0.000413974
                  18            0.146531            0.146515         0.000390299
                  19            0.150572            0.146729         0.000426486
                  20            0.149765             0.14688         0.000432155
                  21            0.143717             0.14673         0.000437789
                  22             0.14506            0.146654         0.000424263
                  23            0.149414            0.146774          0.00042279
                  24             0.14844            0.146843           0.0004107
                  25            0.147518             0.14687         0.000394853
                  26            0.148027            0.146915         0.000381961
                  27            0.149601            0.147014         0.000380766
                  28            0.149422              0.1471         0.000376857
                  29            0.149163            0.147171         0.000370521
                  30             0.14748            0.147182         0.000358106
                  31            0.150409            0.147286         0.000361668
                  32            0.145681            0.147236         0.000353758
                  33             0.14787            0.147255         0.000343409
                  34            0.146277            0.147226         0.000334394
                  35            0.138779            0.146985          0.00040457
                  36            0.147345            0.146995         0.000393299
                  37            0.148868            0.147045         0.000385859
                  38            0.149016            0.147097         0.000379129
                  39            0.146596            0.147084         0.000369503
                  40            0.145311             0.14704         0.000362867
