                   1            0.291278            0.291278                   0
                   2            0.284496            0.287887           0.0033909
                   3            0.288508            0.288094          0.00196865
                   4            0.290145            0.288607          0.00148348
                   5            0.297789            0.290443          0.00216629
                   6            0.294203             0.29107          0.00187648
                   7            0.277995            0.289202          0.00245027
                   8            0.293769            0.289773          0.00219745
                   9            0.284824            0.289223          0.00201447
                  10            0.289263            0.289227           0.0018018
                  11            0.294086            0.289668          0.00168859
                  12            0.298256            0.290384          0.00169948
                  13            0.287476             0.29016          0.00157921
                  14             0.29544            0.290538          0.00150991
                  15             0.29308            0.290707          0.00141583
                  16            0.293531            0.290884           0.0013361
                  17            0.294428            0.291092          0.00127225
                  18            0.299311            0.291549          0.00128347
                  19            0.288869            0.291408           0.0012222
                  20            0.300075            0.291841          0.00123781
                  21            0.287404             0.29163          0.00119621
                  22             0.29177            0.291636          0.00114055
                  23            0.293719            0.291727           0.0010936
                  24            0.293802            0.291813           0.0010506
                  25            0.286419            0.291597          0.00103054
                  26            0.291259            0.291584         0.000990201
                  27            0.293444            0.291653         0.000955308
                  28            0.290693            0.291619         0.000921196
                  29            0.293627            0.291688         0.000891555
                  30            0.299134            0.291936         0.000896372
                  31            0.289722            0.291865         0.000869914
                  32            0.275435            0.291352         0.000986443
                  33              0.2932            0.291408         0.000957722
                  34            0.297365            0.291583         0.000945507
                  35            0.280336            0.291261         0.000972707
                  36            0.298743            0.291469         0.000967875
                  37            0.294034            0.291539         0.000943901
                  38            0.296895            0.291679         0.000929479
                  39            0.294337            0.291748         0.000907892
                  40            0.298728            0.291922         0.000901949
                   1             0.28732             0.28732                   0
                   2            0.288745            0.288033         0.000712431
                   3            0.284075            0.286714          0.00138179
                   4            0.293215            0.288339          0.00189635
                   5            0.293901            0.289451          0.00184257
                   6             0.30299            0.291708          0.00271201
                   7            0.279117            0.289909          0.00291357
                   8            0.288276            0.289705          0.00253147
                   9            0.286218            0.289317          0.00226591
                  10            0.292036            0.289589          0.00204484
                  11            0.297037            0.290266          0.00196967
                  12             0.29543            0.290697          0.00184882
                  13            0.288404             0.29052          0.00170978
                  14             0.28953             0.29045          0.00158453
                  15            0.293482            0.290652           0.0014889
                  16            0.287607            0.290461          0.00140568
                  17            0.295438            0.290754          0.00135248
                  18            0.297821            0.291147           0.0013342
                  19            0.289299             0.29105          0.00126577
                  20            0.302555            0.291625          0.00133151
                  21             0.28802            0.291453           0.0012781
                  22            0.293971            0.291568          0.00122398
                  23            0.285733            0.291314          0.00119675
                  24            0.293855             0.29142          0.00115068
                  25            0.290767            0.291394          0.00110401
                  26            0.284477            0.291128          0.00109355
                  27            0.291717            0.291149          0.00105249
                  28            0.294088            0.291254          0.00101962
                  29            0.297375            0.291465          0.00100621
                  30            0.305052            0.291918          0.00107242
                  31            0.294588            0.292004          0.00104081
                  32            0.278915            0.291595          0.00108761
                  33            0.286485            0.291441          0.00106545
                  34            0.296598            0.291592          0.00104471
                  35            0.283102             0.29135          0.00104303
                  36            0.296752              0.2915          0.00102469
                  37            0.291821            0.291508         0.000996648
                  38            0.296862            0.291649         0.000980244
                  39            0.289639            0.291598         0.000956169
                  40            0.297759            0.291752           0.0009446
