                   1             1.17531             1.17531                   0
                   2             1.11291             1.14411            0.031198
                   3             1.16892             1.15238           0.0198201
                   4             1.13723              1.1486           0.0145176
                   5             1.11647             1.14217           0.0129516
                   6             1.17016             1.14684           0.0115583
                   7             1.10625             1.14104           0.0113598
                   8             1.18775             1.14688           0.0114404
                   9             1.13616             1.14569           0.0101595
                  10             1.12919             1.14404          0.00923551
                  11             1.13443             1.14316           0.0083994
                  12             1.12254             1.14144          0.00785785
                  13             1.13227             1.14074          0.00726256
                  14             1.07885             1.13632          0.00804667
                  15             1.11458             1.13487           0.0076299
                  16             1.12358             1.13416          0.00717192
                  17             1.12765             1.13378          0.00674771
                  18              1.1638             1.13545          0.00657671
                  19             1.13072              1.1352          0.00622592
                  20             1.11082             1.13398          0.00603088
                  21             1.07255             1.13105          0.00643922
                  22             1.16491             1.13259          0.00632948
                  23              1.1421             1.13301          0.00606213
                  24             1.11959             1.13245          0.00583092
                  25             1.10392             1.13131          0.00570804
                  26              1.1321             1.13134          0.00548419
                  27             1.16915             1.13274          0.00545985
                  28             1.16349             1.13384          0.00537465
                  29             1.13791             1.13398          0.00518791
                  30             1.16224             1.13492          0.00509976
                  31             1.11874              1.1344          0.00496004
                  32              1.1154              1.1338          0.00483908
                  33              1.1191             1.13336          0.00471125
                  34             1.14911             1.13382            0.004594
                  35             1.13978             1.13399          0.00446406
                  36             1.12598             1.13377          0.00434399
                  37             1.14161             1.13398          0.00423027
                  38             1.13765             1.13408          0.00411857
                  39             1.12601             1.13387          0.00401691
                  40             1.11299             1.13335          0.00394984
                   1             1.17696             1.17696                   0
                   2             1.12091             1.14894           0.0280242
                   3             1.17535             1.15774           0.0184202
                   4             1.12698             1.15005           0.0151268
                   5             1.11276             1.14259            0.013889
                   6             1.18013             1.14885           0.0129512
                   7             1.10808             1.14303            0.012399
                   8             1.20379             1.15062           0.0131529
                   9             1.15494              1.1511           0.0116097
                  10             1.12729             1.14872           0.0106535
                  11             1.12771             1.14681          0.00982379
                  12             1.12208             1.14475          0.00920166
                  13             1.12256             1.14304          0.00863466
                  14             1.07453             1.13815          0.00937316
                  15             1.11051             1.13631          0.00891831
                  16               1.128             1.13579          0.00835844
                  17             1.14066             1.13607          0.00785662
                  18              1.1603             1.13742          0.00752861
                  19             1.13236             1.13715          0.00712632
                  20             1.12394             1.13649          0.00679284
                  21             1.07845             1.13373          0.00702757
                  22             1.16026             1.13494          0.00680819
                  23              1.1525              1.1357          0.00655011
                  24             1.10944             1.13461          0.00636598
                  25             1.11445              1.1338          0.00615903
                  26             1.12772             1.13357          0.00592203
                  27             1.16637             1.13478          0.00582655
                  28             1.15348             1.13545          0.00565417
                  29              1.1574              1.1362          0.00550797
                  30             1.15716              1.1369          0.00536688
                  31             1.11805              1.1363          0.00522635
                  32             1.12322             1.13589          0.00507686
                  33             1.12959              1.1357           0.0049243
                  34             1.14655             1.13602          0.00478794
                  35             1.13997             1.13613           0.0046505
                  36             1.11688             1.13559            0.004551
                  37             1.14623             1.13588          0.00443562
                  38             1.13335             1.13581          0.00431783
                  39             1.12684             1.13558          0.00421195
                  40             1.12348             1.13528          0.00411645
