                   1           -0.003688           -0.003688                   0
                   2            0.003196           -0.000246            0.003442
                   3           -0.000708             -0.0004           0.0019932
                   4           -0.008444           -0.002411          0.00245572
                   5            0.001888          -0.0015512          0.00208748
                   6            0.000572         -0.00119733          0.00174077
                   7            -0.01162         -0.00268629          0.00209319
                   8            0.002844           -0.001995           0.0019401
                   9           -0.008876         -0.00275956          0.00187405
                  10           -0.001152          -0.0025988           0.0016839
                  11            0.014008         -0.00108909          0.00214457
                  12            0.003476        -0.000708667          0.00199434
                  13            0.018824         0.000793846          0.00237129
                  14            0.000556         0.000776857          0.00219545
                  15            -0.01314        -0.000150933          0.00224458
                  16           -0.000408           -0.000167          0.00209967
                  17            -0.00704        -0.000571294          0.00201331
                  18            0.013032         0.000184444          0.00204308
                  19           -0.006988        -0.000193053          0.00196909
                  20            0.013692           0.0005012          0.00199288
                  21              0.0003         0.000491619          0.00189563
                  22           -0.009916         1.85455e-05           0.0018683
                  23           -0.001432        -4.45217e-05          0.00178633
                  24            0.004232         0.000133667          0.00171954
                  25           -0.013556         -0.00041392          0.00173785
                  26            0.008584        -6.78462e-05          0.00170516
                  27           -0.012852        -0.000541333          0.00170774
                  28            0.005128        -0.000338857          0.00165803
                  29            0.019792          0.00035531          0.00174395
                  30            0.005584           0.0005296           0.0016938
                  31           -0.018716        -9.12258e-05          0.00175194
                  32            0.011412          0.00026825          0.00173398
                  33            0.007132         0.000476242          0.00169344
                  34            -0.00486         0.000319294          0.00165035
                  35           -0.024432        -0.000387886          0.00175161
                  36             0.00694        -0.000184333          0.00171439
                  37            -0.02006        -0.000721514           0.0017518
                  38           -0.006708        -0.000879053          0.00171234
                  39           -0.005804         -0.00100533          0.00167263
                  40           -0.011856          -0.0012766          0.00165269
                   1           -0.005512           -0.005512                   0
                   2            0.002492            -0.00151            0.004002
                   3            -0.00018         -0.00106667           0.0023527
                   4           -0.009628           -0.003207          0.00271084
                   5            0.002036          -0.0021584          0.00234707
                   6            0.000656         -0.00168933          0.00197295
                   7           -0.012932         -0.00329543          0.00231515
                   8            0.002452           -0.002577          0.00212981
                   9             -0.0092         -0.00331289          0.00201732
                  10            0.000372          -0.0029444          0.00184159
                  11              0.0144         -0.00136764          0.00229369
                  12            0.003764            -0.00094          0.00213707
                  13            0.017244         0.000458769          0.00241267
                  14           -0.000556         0.000386286          0.00223488
                  15           -0.012808        -0.000493333          0.00225886
                  16            0.000336          -0.0004415           0.0021136
                  17           -0.007544        -0.000859294          0.00202887
                  18              0.0131        -8.37778e-05          0.00206407
                  19           -0.007068        -0.000451368          0.00198671
                  20            0.013828           0.0002626          0.00201546
                  21            0.000928         0.000294286          0.00191735
                  22           -0.009636        -0.000157091          0.00188302
                  23           -0.001228        -0.000203652          0.00179989
                  24            0.005076         1.63333e-05          0.00173725
                  25           -0.012792           -0.000496          0.00174329
                  26            0.009136        -0.000125538          0.00171538
                  27           -0.012512        -0.000584296          0.00171319
                  28            0.004508        -0.000402429          0.00166086
                  29             0.01966         0.000289379          0.00174551
                  30            0.005768            0.000472          0.00169619
                  31           -0.017908        -0.000120903          0.00174441
                  32             0.01168         0.000247875          0.00172881
                  33            0.006316         0.000431758          0.00168566
                  34           -0.004144         0.000297176          0.00164086
                  35           -0.024584        -0.000413714          0.00174469
                  36            0.006508        -0.000221444           0.0017064
                  37           -0.019488        -0.000742162          0.00173941
                  38           -0.006844        -0.000902737          0.00170062
                  39           -0.006228         -0.00103928          0.00166205
                  40           -0.011112          -0.0012911          0.00163943
