                   1            0.990881            0.990881                   0
                   2            0.977632            0.984257          0.00662467
                   3            0.956683            0.975066          0.00995515
                   4            0.972138            0.974334          0.00707731
                   5            0.969372            0.973341          0.00557114
                   6            0.967915            0.972437          0.00463785
                   7            0.939381            0.967715          0.00613711
                   8            0.952322            0.965791          0.00565245
                   9            0.957265            0.964843          0.00507421
                  10            0.997134            0.968072          0.00557003
                  11            0.932717            0.964858          0.00597618
                  12            0.984661            0.966508          0.00569961
                  13            0.953489            0.965507          0.00533768
                  14            0.882425            0.959572          0.00772258
                  15            0.947895            0.958794          0.00723136
                  16            0.955005            0.958557          0.00676846
                  17            0.959864            0.958634          0.00635833
                  18            0.947002            0.957988          0.00602942
                  19            0.942312            0.957163          0.00576262
                  20            0.937854            0.956197           0.0055515
                  21            0.934641            0.955171          0.00537937
                  22              1.0141            0.957849          0.00578634
                  23            0.951704            0.957582          0.00553549
                  24            0.975556            0.958331          0.00535248
                  25            0.955708            0.958226          0.00513499
                  26            0.991519            0.959507            0.005097
                  27            0.904294            0.957462          0.00531383
                  28            0.988054            0.958554           0.0052358
                  29            0.963212            0.958715          0.00505458
                  30            0.979083            0.959394          0.00493016
                  31            0.932381            0.958522          0.00484744
                  32            0.946977            0.958162          0.00470736
                  33            0.968033            0.958461          0.00457227
                  34             1.00655            0.959875          0.00465577
                  35             0.99728            0.960944           0.0046454
                  36            0.952213            0.960701          0.00452103
                  37            0.920233            0.959608          0.00453112
                  38            0.963433            0.959708          0.00441142
                  39            0.940789            0.959223          0.00432412
                  40            0.968741            0.959461          0.00422134
                   1             1.00336             1.00336                   0
                   2            0.971332            0.987344            0.016012
                   3            0.958827            0.977838           0.0132595
                   4            0.974261            0.976944          0.00941845
                   5            0.966303            0.974816          0.00759958
                   6            0.971495            0.974262          0.00622967
                   7            0.947538            0.970445          0.00650355
                   8             0.95254            0.968207          0.00606061
                   9            0.960049              0.9673          0.00542127
                  10            0.994575            0.970028           0.0055634
                  11             0.94347            0.967613          0.00558147
                  12            0.986003            0.969146          0.00532064
                  13            0.948407            0.967551           0.0051477
                  14            0.883167            0.961523           0.0076839
                  15            0.947359            0.960579          0.00721538
                  16            0.956884            0.960348          0.00675332
                  17            0.955386            0.960056          0.00635035
                  18            0.946726            0.959316          0.00603279
                  19            0.943944            0.958506          0.00576352
                  20             0.94907            0.958035          0.00548807
                  21            0.931264             0.95676           0.0053736
                  22              1.0294            0.960062          0.00609526
                  23             0.94737             0.95951          0.00585031
                  24            0.974511            0.960135          0.00563601
                  25            0.950793            0.959761          0.00541877
                  26            0.982889            0.960651          0.00528163
                  27             0.90091            0.958438          0.00554301
                  28            0.980155            0.959214           0.0053974
                  29            0.962677            0.959333          0.00520933
                  30            0.989572            0.960341          0.00513263
                  31            0.921794            0.959098          0.00511767
                  32            0.952773              0.9589           0.0049591
                  33            0.956841            0.958838          0.00480688
                  34             1.00997            0.960342          0.00489987
                  35            0.981032            0.960933           0.0047944
                  36            0.961246            0.960941          0.00465932
                  37            0.927287            0.960032          0.00462203
                  38            0.961763            0.960077          0.00449898
                  39            0.954392            0.959932          0.00438453
                  40            0.968817            0.960154          0.00427928
