                   1           -0.002788           -0.002788                   0
                   2            0.002208            -0.00029            0.002498
                   3             6.4e-05           -0.000172          0.00144704
                   4            -0.00642           -0.001734           0.0018673
                   5           -0.005144           -0.002416          0.00159913
                   6            0.000284           -0.001966          0.00138105
                   7           -0.007556         -0.00276457          0.00141424
                   8           -0.001872           -0.002653          0.00122984
                   9           -0.003344         -0.00272978          0.00108733
                  10           -0.005916          -0.0030484           0.0010234
                  11            0.007156         -0.00212073          0.00131053
                  12           -0.006588           -0.002493          0.00125293
                  13            0.007968         -0.00168831          0.00140565
                  14            0.003472         -0.00131971          0.00135257
                  15            -0.00056         -0.00126907          0.00126019
                  16            0.014344         -0.00029325          0.00153029
                  17           -0.004596        -0.000546353          0.00145957
                  18           -0.003056        -0.000685778          0.00138314
                  19            0.004624        -0.000406316          0.00133784
                  20            0.001616          -0.0003052           0.0012732
                  21           -0.003684        -0.000466095           0.0012217
                  22            0.005196        -0.000208727          0.00119294
                  23            0.014084         0.000412696          0.00129828
                  24           -0.005404         0.000170333          0.00126641
                  25            0.004468          0.00034224           0.0012268
                  26           -0.004116         0.000170769          0.00119108
                  27            0.007292         0.000434519          0.00117608
                  28             -0.0027         0.000322571          0.00113881
                  29           -0.023116        -0.000485655          0.00136407
                  30           -0.013564          -0.0009216          0.00138805
                  31            0.007664        -0.000644645           0.0013708
                  32            0.006412        -0.000424125          0.00134546
                  33           -0.001756        -0.000464485          0.00130468
                  34            0.008512        -0.000200471          0.00129297
                  35           -0.002116          -0.0002552          0.00125667
                  36               6e-05        -0.000246444           0.0012213
                  37            0.000416        -0.000228541          0.00118797
                  38              0.0042           -0.000112          0.00116214
                  39           -0.007788        -0.000308821          0.00114893
                  40           -0.004052          -0.0004024          0.00112374
                   1            0.002404            0.002404                   0
                   2           -0.001228            0.000588            0.001816
                   3             5.6e-05         0.000410667          0.00106336
                   4            0.005792            0.001756           0.0015412
                   5            0.006808           0.0027664            0.001564
                   6            -2.8e-05          0.00230067          0.00135927
                   7            0.007372          0.00302514          0.00135816
                   8            0.002568            0.002968          0.00117759
                   9             0.00206          0.00286711          0.00104342
                  10            0.006456            0.003226         0.000999895
                  11           -0.007984          0.00220691          0.00136255
                  12            0.006036            0.002526          0.00128411
                  13            -0.00876          0.00165785          0.00146593
                  14            -0.00314          0.00131514          0.00139979
                  15             0.00078          0.00127947          0.00130362
                  16           -0.015496            0.000231          0.00160819
                  17            0.004992         0.000511059          0.00153637
                  18              0.0042            0.000716          0.00146293
                  19           -0.002584         0.000542316          0.00139465
                  20           -0.000312           0.0004996          0.00132377
                  21            0.003424         0.000638857          0.00126684
                  22           -0.005172         0.000374727          0.00123642
                  23             -0.0148        -0.000285043          0.00135318
                  24             0.00514            -5.9e-05          0.00131515
                  25           -0.003228         -0.00018576           0.0012678
                  26            0.002712        -7.43077e-05          0.00122315
                  27           -0.006456        -0.000310667          0.00120047
                  28            0.003124           -0.000188          0.00116329
                  29            0.022644          0.00059931          0.00137105
                  30             0.01418            0.001052          0.00139978
                  31            -0.00674         0.000800645          0.00137701
                  32           -0.006592         0.000569625          0.00135315
                  33              0.0014         0.000594788          0.00131175
                  34           -0.008004         0.000341882          0.00129747
                  35            0.001296         0.000369143          0.00126015
                  36           -0.001092         0.000328556          0.00122531
                  37            -0.00086         0.000296432          0.00119217
                  38           -0.004812            0.000162          0.00116813
                  39            0.007624         0.000353333          0.00115376
                  40             0.00454            0.000458          0.00112941
