                   1             54.7859             54.7859                   0
                   2             37.6238             46.2048             8.58107
                   3             65.4417             52.6171             8.10323
                   4             73.5726              57.856             7.76383
                   5             37.5873             53.8023             7.25252
                   6             44.9429             52.3257             6.10297
                   7             75.9225             55.6967             6.16181
                   8             9.11987             49.8746             7.89764
                   9             48.3489              49.705             6.96713
                  10             72.3214             51.9667             6.62931
                  11             46.3226             51.4536             6.01835
                  12             67.7051             52.8079             5.65843
                  13             52.8979             52.8148               5.205
                  14             63.2624             53.5611             4.87634
                  15             79.9693             55.3216             4.86906
                  16             59.5257             55.5844             4.56216
                  17             4.61732             52.5863             5.23001
                  18             65.4728             53.3022             4.98261
                  19             27.9289             51.9668             4.89862
                  20             76.8187             53.2094             4.81049
                  21             53.3896              53.218              4.5757
                  22             24.1388             51.8962             4.55859
                  23             86.0729             53.3821             4.60237
                  24             70.1232             54.0797              4.4613
                  25             41.3653             53.5711             4.30925
                  26             88.1074             54.8994             4.34806
                  27               53.23             54.8376             4.18438
                  28              74.838             55.5519             4.09495
                  29             73.4202              56.168             3.99897
                  30             70.1715             56.6348             3.89147
                  31             66.4906             56.9527             3.77725
                  32             78.1304             57.6146              3.7167
                  33             80.6065             58.3113             3.66907
                  34             29.5824             57.4663             3.65844
                  35             52.4114             57.3219             3.55531
                  36             22.7053             56.3603             3.58645
                  37             35.9692             55.8092             3.53144
                  38             29.9133             55.1277             3.50415
                  39             81.6601              55.808             3.48026
                  40             75.8589             56.3093             3.42898
                   1             59.4966             59.4966                   0
                   2             37.6301             48.5633             10.9333
                   3             65.4531             54.1932             8.45821
                   4             73.5796             59.0398             7.69806
                   5             37.5696             54.7458             7.34813
                   6             44.9368             53.1109             6.21847
                   7             75.9317             56.3711              6.1846
                   8             9.09948             50.4621             7.97512
                   9             48.3603             50.2286             7.03727
                  10             72.3252             52.4382             6.67092
                  11             46.3175             51.8818             6.05968
                  12              67.703             53.2002             5.68665
                  13             52.9029             53.1774             5.23101
                  14             63.2529              53.897             4.89615
                  15             79.9871             55.6364             4.87866
                  16             59.5211             55.8792             4.57002
                  17             4.63844              52.865              5.2453
                  18             65.4527             53.5643             4.99452
                  19             28.0008             52.2189             4.91219
                  20             76.8128             53.4486             4.81963
                  21             53.3721             53.4449             4.58438
                  22             24.1214             52.1121             4.56975
                  23             86.0781             53.5888             4.60951
                  24             70.1041              54.277              4.4666
                  25             41.3998             53.7619             4.31506
                  26             88.1005             55.0826             4.35106
                  27             53.2092             55.0132             4.18739
                  28             74.8551             55.7219             4.09682
                  29             73.4179             56.3321             3.99985
                  30             70.1687             56.7933             3.89165
                  31             66.4376             57.1044             3.77685
                  32             78.1431             57.7619             3.71555
                  33             80.6259             58.4547             3.66725
                  34             29.5969             57.6059             3.65759
                  35             52.4445             57.4585             3.55461
                  36             22.7138             56.4933             3.58675
                  37             35.9727             55.9387             3.53228
                  38             29.9092             55.2537             3.50564
                  39             81.6349             55.9302             3.48093
                  40             75.8287             56.4276             3.42906
