                   1            0.159742            0.159742                   0
                   2            0.158753            0.159247         0.000494131
                   3            0.153311            0.157269          0.00199932
                   4            0.157899            0.157426          0.00142249
                   5            0.156571            0.157255          0.00111505
                   6            0.159492            0.157628         0.000983788
                   7              0.1615            0.158181         0.000998616
                   8            0.156551            0.157977         0.000888493
                   9            0.155287            0.157678         0.000838647
                  10            0.157446            0.157655         0.000750469
                  11             0.15878            0.157757         0.000686482
                  12            0.157151            0.157707         0.000628702
                  13            0.156501            0.157614         0.000585708
                  14            0.156744            0.157552         0.000545813
                  15            0.160291            0.157735         0.000539931
                  16            0.160099            0.157882         0.000526235
                  17            0.159231            0.157962         0.000500642
                  18            0.158629            0.157999         0.000473465
                  19            0.161177            0.158166         0.000478068
                  20            0.155445             0.15803         0.000473505
                  21            0.156773             0.15797         0.000454356
                  22            0.157674            0.157957          0.00043342
                  23            0.157256            0.157926         0.000415267
                  24            0.157242            0.157898         0.000398608
                  25            0.153327            0.157715         0.000423798
                  26            0.154823            0.157604         0.000422095
                  27            0.158358            0.157632          0.00040712
                  28            0.160504            0.157734           0.0004055
                  29            0.157305            0.157719         0.000391548
                  30            0.159088            0.157765         0.000381012
                  31             0.16128            0.157878         0.000385565
                  32            0.153698            0.157748         0.000395516
                  33            0.159629            0.157805         0.000387561
                  34            0.158976            0.157839         0.000377565
                  35            0.155372            0.157769         0.000373336
                  36            0.159087            0.157805         0.000364659
                  37            0.155985            0.157756         0.000358061
                  38            0.153507            0.157644         0.000366013
                  39            0.155362            0.157586         0.000361277
                  40            0.158608            0.157611         0.000353056
                   1            0.156199            0.156199                   0
                   2            0.158541             0.15737          0.00117114
                   3            0.158077            0.157606         0.000716056
                   4            0.157284            0.157525         0.000512689
                   5            0.154173            0.156855         0.000779261
                   6             0.15797            0.157041         0.000662871
                   7            0.157902            0.157164         0.000573577
                   8            0.159102            0.157406         0.000552687
                   9             0.15509            0.157149         0.000551168
                  10             0.16133            0.157567         0.000646431
                  11            0.152372            0.157095         0.000751628
                  12            0.154574            0.156885         0.000717564
                  13            0.158673            0.157022         0.000674255
                  14            0.156348            0.156974         0.000626092
                  15            0.157928            0.157038         0.000586323
                  16            0.157102            0.157042          0.00054847
                  17            0.160785            0.157262          0.00056029
                  18            0.161244            0.157483         0.000572705
                  19            0.161021            0.157669         0.000572825
                  20            0.157606            0.157666         0.000543439
                  21            0.153191            0.157453         0.000559111
                  22            0.158535            0.157502         0.000535354
                  23             0.15537             0.15741         0.000519883
                  24            0.156427            0.157369         0.000499431
                  25            0.156307            0.157326         0.000480917
                  26            0.156873            0.157309         0.000462379
                  27            0.157909            0.157331          0.00044548
                  28            0.162283            0.157508         0.000464284
                  29              0.1589            0.157556         0.000450554
                  30             0.16031            0.157648         0.000444856
                  31            0.158848            0.157686         0.000432005
                  32            0.152948            0.157538         0.000443717
                  33             0.15797            0.157551          0.00043026
                  34            0.159487            0.157608         0.000421278
                  35            0.153088            0.157479         0.000428965
                  36            0.162096            0.157607         0.000436159
                  37            0.160013            0.157672         0.000429161
                  38            0.155866            0.157625          0.00042041
                  39            0.155604            0.157573         0.000412753
                  40            0.154163            0.157488         0.000411237
