                   1            0.438175            0.438175                   0
                   2            0.260669            0.349422           0.0887531
                   3            0.302952            0.333932           0.0535317
                   4            0.368392            0.342547           0.0388206
                   5            0.348866            0.343811           0.0300968
                   6             0.28932            0.334729           0.0261985
                   7            0.385956            0.342047           0.0233198
                   8             0.34012            0.341806           0.0201969
                   9            0.260059            0.332723           0.0199943
                  10             0.41236            0.340687           0.0195764
                  11            0.346755            0.341239           0.0177161
                  12            0.351363            0.342082           0.0161945
                  13            0.354013               0.343            0.014925
                  14            0.338387             0.34267           0.0138218
                  15            0.300579            0.339864           0.0131699
                  16            0.336998            0.339685           0.0123206
                  17             0.20908            0.332003           0.0138911
                  18            0.356701            0.333375           0.0131683
                  19            0.313319            0.332319           0.0125006
                  20            0.307134             0.33106           0.0119258
                  21            0.434004            0.335962           0.0123576
                  22            0.316816            0.335092           0.0118146
                  23            0.249633            0.331376            0.011885
                  24              0.2875            0.329548           0.0115249
                  25            0.383143            0.331692           0.0112603
                  26            0.288448            0.330029           0.0109456
                  27             0.29504            0.328733           0.0106118
                  28            0.311335            0.328111           0.0102447
                  29             0.34953             0.32885          0.00991266
                  30             0.36202            0.329956          0.00964016
                  31            0.407782            0.332466          0.00965607
                  32            0.322137            0.332143          0.00935502
                  33            0.279988            0.330563          0.00920382
                  34             0.36731            0.331644          0.00899419
                  35            0.358498            0.332411          0.00876707
                  36            0.400523            0.334303          0.00872761
                  37            0.345395            0.334603          0.00849374
                  38            0.358266            0.335225          0.00829062
                  39             0.28965            0.334057          0.00815936
                  40            0.270327            0.332464          0.00811078
                   1            0.386007            0.386007                   0
                   2            0.261372             0.32369           0.0623178
                   3            0.301602            0.316327           0.0367248
                   4            0.369783            0.329691           0.0292053
                   5            0.348401            0.333433           0.0229297
                   6            0.287582            0.325791           0.0202215
                   7            0.386702            0.334493            0.019178
                   8            0.338884            0.335042           0.0166177
                   9            0.258749            0.326565           0.0169304
                  10            0.412969            0.335205           0.0174347
                  11             0.34851            0.336415           0.0158166
                  12            0.350092            0.337554           0.0144834
                  13            0.354047            0.338823           0.0133831
                  14            0.339264            0.338855           0.0123904
                  15            0.298843            0.336187           0.0118392
                  16            0.339069            0.336367            0.011076
                  17            0.207104            0.328764           0.0128865
                  18            0.357293            0.330349           0.0122525
                  19            0.314744            0.329527           0.0116187
                  20            0.306777             0.32839            0.011081
                  21            0.436267            0.333527           0.0117254
                  22            0.317956            0.332819           0.0112021
                  23            0.252142            0.329311            0.011264
                  24            0.287514             0.32757           0.0109242
                  25            0.381778            0.329738           0.0107001
                  26            0.287596            0.328117           0.0104074
                  27            0.295511             0.32691            0.010087
                  28            0.309424            0.326285          0.00974015
                  29            0.349555            0.327087          0.00943248
                  30             0.36012            0.328189          0.00917892
                  31             0.40757            0.330749          0.00923981
                  32            0.321326            0.330455          0.00895126
                  33            0.278119            0.328869          0.00881953
                  34            0.367075            0.329993          0.00862967
                  35            0.361138            0.330882           0.0084266
                  36            0.399188             0.33278          0.00840612
                  37            0.346368            0.333147          0.00818401
                  38             0.35817            0.333806          0.00799291
                  39            0.289289            0.332664          0.00786849
                  40            0.267891            0.331045          0.00783835
