                   1             0.00698             0.00698                   0
                   2           -0.005788            0.000596            0.006384
                   3            0.002488          0.00122667          0.00373937
                   4           -0.005456           -0.000444          0.00312771
                   5             0.00608           0.0008608          0.00275174
                   6            0.007636             0.00199          0.00251458
                   7           -0.009112            0.000404          0.00265178
                   8            0.006116            0.001118          0.00240494
                   9           -0.005384         0.000395556          0.00224062
                  10            0.012964           0.0016524          0.00236558
                  11            0.000556          0.00155273          0.00214207
                  12            0.015224            0.002692          0.00226311
                  13            0.003776          0.00277538          0.00208342
                  14            0.007048          0.00308057          0.00195287
                  15             -0.0006           0.0028352          0.00183451
                  16           -0.002224            0.002519          0.00174491
                  17           -0.014848          0.00149741          0.00193136
                  18           -0.004064          0.00118844          0.00184693
                  19           -0.000712          0.00108842          0.00174988
                  20           -0.010168           0.0005256           0.0017529
                  21            0.002236         0.000607048          0.00166933
                  22            0.003572         0.000741818          0.00159734
                  23            0.003944         0.000881043          0.00153264
                  24            0.006552          0.00111733           0.0014863
                  25           -0.002072          0.00098976           0.0014313
                  26             0.01042          0.00135246          0.00142218
                  27            0.016084          0.00189807          0.00147325
                  28            0.005004            0.002009          0.00142399
                  29            0.007392          0.00219462          0.00138649
                  30           -0.004648          0.00196653          0.00135876
                  31            0.013156          0.00232748          0.00136286
                  32             0.00236           0.0023285          0.00131959
                  33             0.00116          0.00229309          0.00127946
                  34           -0.004476            0.002094          0.00125713
                  35           -0.003192          0.00194297          0.00122999
                  36              0.0038          0.00199456          0.00119645
                  37            0.003216          0.00202757          0.00116413
                  38            0.000328          0.00198284          0.00113396
                  39           -0.001796          0.00188595          0.00110875
                  40            -0.00884           0.0016178          0.00111344
                   1              0.0058              0.0058                   0
                   2           -0.005492            0.000154            0.005646
                   3            0.002172         0.000826667           0.0033284
                   4           -0.005536           -0.000764          0.00284066
                   5            0.006432           0.0006752          0.00262924
                   6            0.006896            0.001712          0.00238402
                   7           -0.007884         0.000341143          0.00243699
                   8            0.005104           0.0009365          0.00219286
                   9           -0.006304            0.000132          0.00209458
                  10            0.011868           0.0013056          0.00221069
                  11              0.0003          0.00121418          0.00200174
                  12            0.016448          0.00248367          0.00222502
                  13            0.002912          0.00251662          0.00204699
                  14            0.007452          0.00286914          0.00192765
                  15            0.000152            0.002688          0.00180366
                  16           -0.001844          0.00240475          0.00171078
                  17           -0.014036          0.00143765          0.00187556
                  18           -0.002744          0.00120533          0.00178349
                  19           -0.000428          0.00111937          0.00168921
                  20           -0.009536           0.0005866          0.00168876
                  21            0.002204         0.000663619          0.00160818
                  22            0.003944         0.000812727          0.00154057
                  23              0.0041         0.000955652          0.00147899
                  24            0.005764            0.001156          0.00143013
                  25           -0.002872          0.00099488          0.00138116
                  26            0.009768          0.00133231           0.0013692
                  27            0.016688          0.00190104          0.00143503
                  28            0.005524          0.00203043          0.00138887
                  29            0.007848          0.00223103          0.00135505
                  30           -0.003764           0.0020312          0.00132427
                  31            0.012728          0.00237626           0.0013265
                  32            0.003204          0.00240213          0.00128464
                  33            0.002376          0.00240133          0.00124511
                  34           -0.003736          0.00222082          0.00122134
                  35           -0.004512          0.00202846          0.00120143
                  36            0.005268          0.00211844          0.00117105
                  37              0.0026          0.00213146          0.00113903
                  38           -0.000576          0.00206021          0.00111094
                  39           -0.000144          0.00200369          0.00108355
                  40           -0.007336           0.0017702          0.00108162
