                   1           -0.015556           -0.015556                   0
                   2            0.079476             0.03196            0.047516
                   3            0.123792           0.0625707           0.0411048
                   4           -0.268236           -0.020131           0.0876605
                   5            -0.09048          -0.0342008           0.0693439
                   6            0.105924          -0.0108467           0.0612465
                   7           -0.038596          -0.0148109           0.0519143
                   8           -0.127952          -0.0289535           0.0471311
                   9            0.006632          -0.0249996           0.0417533
                  10           -0.074396          -0.0299392           0.0376706
                  11            0.171052          -0.0116673           0.0386642
                  12             0.09124         -0.00309167           0.0363223
                  13           -0.004188           -0.003176           0.0334118
                  14              0.0311        -0.000727714             0.03103
                  15            -0.11222         -0.00816053           0.0298283
                  16            -0.09464          -0.0135655           0.0284205
                  17            0.010392          -0.0121562           0.0267336
                  18            0.013016          -0.0107578           0.0252434
                  19             0.04024         -0.00807368           0.0240283
                  20           -0.062372          -0.0107886           0.0229563
                  21            0.013816         -0.00961695           0.0218672
                  22           -0.056628          -0.0117538           0.0209588
                  23            -0.06824          -0.0142097           0.0201769
                  24            0.149404          -0.0073925           0.0204855
                  25           -0.206372          -0.0153517           0.0211998
                  26             -0.0559          -0.0169112           0.0204277
                  27            0.195292         -0.00905185           0.0211696
                  28              0.1637         -0.00288214           0.0213121
                  29            0.118732          0.00131145           0.0209873
                  30            0.302288            0.011344            0.022622
                  31            0.094188           0.0140164           0.0220427
                  32             0.01326           0.0139928           0.0213428
                  33               0.102           0.0166596           0.0208571
                  34            0.124136           0.0198207           0.0204798
                  35           -0.113756           0.0160042            0.020249
                  36           -0.093868           0.0129522           0.0199137
                  37            0.098076           0.0152529           0.0195042
                  38            -0.06334           0.0131846           0.0190963
                  39            0.058628           0.0143498           0.0186367
                  40            0.089088           0.0162183           0.0182606
                   1           -0.026352           -0.026352                   0
                   2            0.079296            0.026472            0.052824
                   3            0.123496           0.0588133           0.0444532
                   4            -0.26836            -0.02298           0.0876253
                   5           -0.090688          -0.0365216           0.0692119
                   6            0.105804          -0.0128007           0.0612879
                   7           -0.038788          -0.0165131           0.0519306
                   8           -0.128188          -0.0304725           0.0470899
                   9            0.006584          -0.0263551            0.041733
                  10           -0.073992          -0.0311188           0.0376298
                  11             0.17104          -0.0127407           0.0386821
                  12            0.090756           -0.004116           0.0363498
                  13           -0.004544         -0.00414892           0.0334369
                  14             0.03066         -0.00166257           0.0310563
                  15            -0.11242          -0.0090464           0.0298398
                  16           -0.094064            -0.01436           0.0284138
                  17             0.00976          -0.0129412           0.0267278
                  18            0.013532          -0.0114704           0.0252421
                  19             0.04068         -0.00872568           0.0240339
                  20           -0.062664          -0.0114226           0.0229595
                  21            0.014172          -0.0102038           0.0218728
                  22           -0.056528          -0.0123095            0.020961
                  23           -0.067632          -0.0147148           0.0201728
                  24            0.148852          -0.0078995           0.0204812
                  25           -0.206728          -0.0158526           0.0211937
                  26            -0.05604          -0.0173983           0.0204208
                  27            0.195044         -0.00953007           0.0211667
                  28            0.163472         -0.00335143            0.021312
                  29            0.118844         0.000862207           0.0209913
                  30             0.30232           0.0109108           0.0226325
                  31            0.093904            0.013588           0.0220534
                  32            0.012728           0.0135611           0.0213531
                  33            0.101508           0.0162262           0.0208668
                  34            0.123424           0.0193791           0.0204879
                  35           -0.113292           0.0155885           0.0202518
                  36           -0.094044           0.0125431           0.0199154
                  37            0.097936            0.014851           0.0195067
                  38           -0.063388           0.0127921           0.0190977
                  39              0.0587           0.0139692           0.0186388
                  40            0.088956           0.0158439           0.0182633
