                   1           -0.889424           -0.889424                   0
                   2           -0.890984           -0.890204             0.00078
                   3           -0.882368           -0.887592          0.00265054
                   4           -0.894664            -0.88936          0.00257653
                   5              -0.892           -0.889888          0.00206443
                   6           -0.890728           -0.890028          0.00169141
                   7           -0.889312           -0.889926          0.00143315
                   8           -0.886688           -0.889521          0.00130547
                   9           -0.889848           -0.889557          0.00115189
                  10           -0.886448           -0.889246          0.00107617
                  11           -0.900216           -0.890244          0.00139358
                  12           -0.892776           -0.890455          0.00128954
                  13           -0.886264           -0.890132          0.00122923
                  14           -0.896448           -0.890583          0.00122419
                  15           -0.891464           -0.890642          0.00114117
                  16           -0.896488           -0.891008          0.00112827
                  17           -0.891264           -0.891023          0.00105993
                  18           -0.897608           -0.891388          0.00106418
                  19           -0.889664           -0.891298          0.00101069
                  20           -0.895864           -0.891526         0.000985637
                  21            -0.89192           -0.891545         0.000937716
                  22           -0.888896           -0.891424         0.000902147
                  23           -0.888968           -0.891318         0.000868622
                  24           -0.888864           -0.891215         0.000837902
                  25           -0.897792           -0.891478         0.000845646
                  26           -0.889368           -0.891397         0.000816515
                  27           -0.891128           -0.891387         0.000785755
                  28           -0.890776           -0.891365         0.000757487
                  29           -0.895384           -0.891504         0.000743921
                  30           -0.899608           -0.891774         0.000767786
                  31           -0.897616           -0.891963         0.000766143
                  32           -0.887608           -0.891826         0.000754193
                  33             -0.8884           -0.891723          0.00073832
                  34           -0.893728           -0.891782         0.000718699
                  35           -0.895536           -0.891889         0.000706059
                  36           -0.892272             -0.8919         0.000686248
                  37           -0.891248           -0.891882         0.000667676
                  38           -0.895712           -0.891983         0.000657638
                  39           -0.891528           -0.891971         0.000640659
                  40            -0.88352            -0.89176         0.000659212
                   1            -0.89076            -0.89076                   0
                   2           -0.890944           -0.890852             9.2e-05
                   3           -0.882528           -0.888077          0.00277518
                   4           -0.894736           -0.889742          0.00257331
                   5           -0.892136           -0.890221          0.00204997
                   6            -0.89064           -0.890291          0.00167526
                   7           -0.889512           -0.890179          0.00142021
                   8           -0.886544           -0.889725           0.0013112
                   9            -0.89008           -0.889764          0.00115705
                  10            -0.88612             -0.8894          0.00109719
                  11           -0.900304           -0.890391           0.0014027
                  12           -0.892888           -0.890599          0.00129728
                  13           -0.886304           -0.890269          0.00123822
                  14           -0.896168            -0.89069          0.00122136
                  15           -0.891536           -0.890747          0.00113842
                  16           -0.896424           -0.891101          0.00112245
                  17           -0.891088           -0.891101          0.00105436
                  18           -0.897952           -0.891481          0.00106444
                  19            -0.88972           -0.891389          0.00101112
                  20           -0.896072           -0.891623         0.000987401
                  21           -0.891792           -0.891631          0.00093924
                  22           -0.888728           -0.891499         0.000905199
                  23            -0.88904           -0.891392         0.000871529
                  24             -0.8892           -0.891301         0.000839409
                  25           -0.898056           -0.891571         0.000849267
                  26           -0.889336           -0.891485         0.000820465
                  27           -0.891192           -0.891474         0.000789567
                  28           -0.890992           -0.891457         0.000761041
                  29            -0.89564           -0.891601         0.000748362
                  30            -0.89948           -0.891864          0.00076921
                  31           -0.897144           -0.892034         0.000763232
                  32           -0.887568           -0.891895          0.00075206
                  33           -0.888384           -0.891788         0.000736636
                  34           -0.893824           -0.891848         0.000717146
                  35           -0.895576           -0.891955         0.000704454
                  36           -0.892224           -0.891962         0.000684647
                  37           -0.891344           -0.891945         0.000666095
                  38           -0.895648           -0.892043         0.000655611
                  39           -0.891624           -0.892032         0.000638669
                  40           -0.883312           -0.891814         0.000659566
