                   1           -0.610784           -0.610784                   0
                   2           -0.614472           -0.612628            0.001844
                   3            -0.61312           -0.612792          0.00107719
                   4           -0.612592           -0.612742         0.000763329
                   5           -0.614048           -0.613003         0.000646396
                   6           -0.614872           -0.613315         0.000612832
                   7           -0.614808           -0.613528         0.000560152
                   8           -0.613768           -0.613558         0.000486033
                   9           -0.616264           -0.613859         0.000523577
                  10           -0.616912           -0.614164         0.000559048
                  11           -0.611344           -0.613908          0.00056695
                  12           -0.611736           -0.613727          0.00054828
                  13           -0.612104           -0.613602          0.00051956
                  14           -0.609928           -0.613339         0.000547944
                  15           -0.612856           -0.613307         0.000511125
                  16           -0.615616           -0.613452         0.000499415
                  17           -0.612952           -0.613422         0.000470038
                  18           -0.614112            -0.61346          0.00044481
                  19           -0.614048           -0.613491         0.000421883
                  20           -0.614008           -0.613517         0.000401066
                  21           -0.612192           -0.613454         0.000386674
                  22           -0.612656           -0.613418          0.00037046
                  23           -0.614824           -0.613479         0.000359228
                  24           -0.610752           -0.613365         0.000362217
                  25           -0.614136           -0.613396         0.000348791
                  26           -0.615864           -0.613491         0.000348291
                  27           -0.613184            -0.61348         0.000335336
                  28           -0.613232           -0.613471         0.000323259
                  29           -0.611352           -0.613398         0.000320356
                  30           -0.614824           -0.613445         0.000313123
                  31             -0.6118           -0.613392          0.00030747
                  32           -0.615432           -0.613456         0.000304454
                  33           -0.608976            -0.61332         0.000324814
                  34            -0.61268           -0.613301         0.000315678
                  35              -0.614           -0.613321         0.000307176
                  36            -0.61532           -0.613377          0.00030364
                  37           -0.612904           -0.613364         0.000295595
                  38           -0.615856            -0.61343          0.00029509
                  39           -0.612368           -0.613402          0.00028871
                  40           -0.611536           -0.613356         0.000285242
                   1           -0.610032           -0.610032                   0
                   2           -0.615544           -0.612788            0.002756
                   3           -0.613232           -0.612936          0.00159805
                   4           -0.612048           -0.612714          0.00115159
                   5           -0.613224           -0.612816          0.00089783
                   6           -0.614312           -0.613065         0.000774317
                   7           -0.614672           -0.613295         0.000693501
                   8           -0.614064           -0.613391         0.000608236
                   9           -0.616344           -0.613719         0.000628805
                  10            -0.61524           -0.613871         0.000582622
                  11           -0.612592           -0.613755         0.000539679
                  12           -0.611896             -0.6136         0.000516438
                  13           -0.612472           -0.613513         0.000482913
                  14           -0.609832            -0.61325         0.000518681
                  15           -0.613344           -0.613257         0.000482906
                  16           -0.616456           -0.613456         0.000493999
                  17            -0.61264           -0.613408         0.000466511
                  18           -0.614312           -0.613459         0.000442686
                  19           -0.613192           -0.613445         0.000418974
                  20           -0.613304           -0.613438         0.000397536
                  21            -0.61204           -0.613371         0.000383944
                  22           -0.611608           -0.613291         0.000374745
                  23           -0.614992           -0.613365          0.00036564
                  24           -0.611832           -0.613301         0.000355852
                  25            -0.61392           -0.613326         0.000342218
                  26           -0.616072           -0.613431         0.000345342
                  27           -0.613568           -0.613436         0.000332344
                  28           -0.613072           -0.613423         0.000320519
                  29           -0.611576            -0.61336         0.000315762
                  30           -0.614072           -0.613383         0.000305978
                  31           -0.611088           -0.613309         0.000305066
                  32           -0.613784           -0.613324         0.000295751
                  33           -0.609016           -0.613194         0.000314979
                  34           -0.613432           -0.613201         0.000305655
                  35           -0.614032           -0.613224         0.000297742
                  36            -0.61584           -0.613297         0.000298335
                  37           -0.614176           -0.613321         0.000291131
                  38           -0.616032           -0.613392          0.00029221
                  39           -0.613608           -0.613398         0.000284672
                  40           -0.611344           -0.613346         0.000282175
