                   1           -0.443032           -0.443032                   0
                   2            -0.44492           -0.443976            0.000944
                   3            -0.44472           -0.444224          0.00059879
                   4           -0.442072           -0.443686          0.00068463
                   5           -0.441704            -0.44329         0.000662091
                   6           -0.445232           -0.443613         0.000630116
                   7           -0.441464           -0.443306         0.000614722
                   8           -0.442056            -0.44315         0.000554831
                   9           -0.444424           -0.443292         0.000509379
                  10           -0.445096           -0.443472         0.000490034
                  11           -0.443656           -0.443489         0.000443568
                  12           -0.440544           -0.443243         0.000473475
                  13           -0.442856           -0.443214         0.000436552
                  14            -0.44308           -0.443204         0.000404281
                  15           -0.442528           -0.443159         0.000379054
                  16           -0.440888           -0.443017         0.000381925
                  17             -0.4428           -0.443004         0.000358983
                  18           -0.441496            -0.44292          0.00034867
                  19           -0.446152           -0.443091         0.000371082
                  20           -0.441192           -0.442996         0.000364613
                  21            -0.44176           -0.442937         0.000351772
                  22           -0.444856           -0.443024         0.000346561
                  23           -0.443864           -0.443061         0.000333158
                  24           -0.441792           -0.443008         0.000323324
                  25           -0.444088           -0.443051         0.000313118
                  26           -0.442528           -0.443031         0.000301505
                  27           -0.444352            -0.44308         0.000294222
                  28           -0.444472           -0.443129         0.000287847
                  29           -0.442248           -0.443099         0.000279402
                  30           -0.442728           -0.443087         0.000270211
                  31            -0.44072            -0.44301         0.000272271
                  32            -0.44464           -0.443061           0.0002685
                  33           -0.441856           -0.443025         0.000262787
                  34           -0.441424           -0.442978         0.000259251
                  35           -0.442592           -0.442967         0.000251976
                  36           -0.443784           -0.442989         0.000245927
                  37            -0.44372           -0.443009         0.000240002
                  38           -0.442368           -0.442992         0.000234209
                  39           -0.442728           -0.442985         0.000228225
                  40           -0.442928           -0.442984         0.000222451
                   1            -0.44252            -0.44252                   0
                   2           -0.447008           -0.444764            0.002244
                   3           -0.445304           -0.444944          0.00130802
                   4           -0.441944           -0.444194          0.00119078
                   5           -0.442472            -0.44385         0.000984573
                   6           -0.444232           -0.443913         0.000806423
                   7           -0.441064           -0.443506         0.000793852
                   8            -0.44064           -0.443148         0.000775254
                   9           -0.444448           -0.443292         0.000698802
                  10           -0.443752           -0.443338         0.000626714
                  11           -0.444608           -0.443454         0.000578515
                  12           -0.441616           -0.443301         0.000549868
                  13           -0.443288             -0.4433         0.000505806
                  14            -0.44192           -0.443201         0.000478543
                  15           -0.443032            -0.44319         0.000445642
                  16           -0.442696           -0.443159         0.000418001
                  17            -0.44308           -0.443154         0.000392671
                  18           -0.442416           -0.443113         0.000372479
                  19           -0.443528           -0.443135         0.000353005
                  20            -0.43996           -0.442976         0.000370615
                  21           -0.442144           -0.442937         0.000354747
                  22           -0.443408           -0.442958         0.000338915
                  23            -0.44528           -0.443059         0.000339214
                  24           -0.442144           -0.443021         0.000327003
                  25           -0.442672           -0.443007         0.000313961
                  26           -0.441504           -0.442949         0.000307134
                  27           -0.444728           -0.443015         0.000302793
                  28           -0.442976           -0.443014         0.000291782
                  29           -0.442976           -0.443012         0.000281544
                  30            -0.44104           -0.442947         0.000279831
                  31           -0.439552           -0.442837         0.000291967
                  32           -0.444504           -0.442889         0.000287455
                  33            -0.44088           -0.442828         0.000285183
                  34           -0.442272           -0.442812         0.000277152
                  35           -0.442296           -0.442797          0.00026952
                  36           -0.442696           -0.442794         0.000261942
                  37           -0.443376            -0.44281         0.000255248
                  38            -0.44216           -0.442793         0.000249029
                  39           -0.446352           -0.442884         0.000259157
                  40           -0.443328           -0.442895         0.000252839
