                   1                1.35                1.35                   0
                   2             1.35896             1.35448          0.00447824
                   3             1.41058             1.37318           0.0188782
                   4             1.40634             1.38147            0.015714
                   5             1.33957             1.37309           0.0147777
                   6             1.33626             1.36695           0.0135379
                   7              1.3854             1.36959           0.0117413
                   8              1.3817              1.3711           0.0102804
                   9             1.43052              1.3777           0.0112156
                  10             1.29842             1.36978           0.0127865
                  11             1.36036             1.36892           0.0115975
                  12             1.36711             1.36877           0.0105881
                  13             1.32656             1.36552           0.0102667
                  14             1.45253             1.37174           0.0113567
                  15             1.39997             1.37362           0.0107388
                  16             1.36272             1.37294           0.0100684
                  17             1.33366             1.37063          0.00973576
                  18             1.36611             1.37038          0.00918239
                  19             1.35104             1.36936          0.00874512
                  20             1.33507             1.36764          0.00847163
                  21             1.34642             1.36663          0.00812124
                  22             1.39564             1.36795          0.00785472
                  23             1.37183             1.36812          0.00750734
                  24             1.38835             1.36896          0.00723699
                  25             1.34472             1.36799          0.00700886
                  26             1.39148              1.3689          0.00679422
                  27             1.37091             1.36897          0.00653817
                  28             1.33469             1.36775           0.0064182
                  29             1.31595             1.36596          0.00644531
                  30             1.37813             1.36637          0.00623996
                  31               1.365             1.36632          0.00603548
                  32             1.32184             1.36493          0.00600691
                  33             1.39093             1.36572          0.00587511
                  34              1.4045             1.36686          0.00581271
                  35             1.40604             1.36798          0.00575413
                  36             1.36501              1.3679          0.00559262
                  37             1.32724              1.3668          0.00554927
                  38             1.46868             1.36948          0.00603004
                  39             1.35906             1.36921          0.00587946
                  40              1.3447              1.3686          0.00576326
                   1             1.35489             1.35489                   0
                   2             1.35647             1.35568         0.000785474
                   3             1.40995             1.37377           0.0180955
                   4             1.41094             1.38306           0.0158134
                   5             1.35629             1.37771           0.0133679
                   6              1.3268             1.36922           0.0138245
                   7             1.37838             1.37053           0.0117567
                   8              1.3653             1.36988           0.0102026
                   9             1.42993             1.37655           0.0112022
                  10             1.29461             1.36836           0.0129435
                  11             1.35823             1.36744           0.0117439
                  12             1.34562             1.36562           0.0108738
                  13             1.33024              1.3629           0.0103659
                  14             1.46731             1.37036           0.0121543
                  15               1.385             1.37133            0.011357
                  16             1.33727              1.3692           0.0108347
                  17             1.32105             1.36637           0.0105643
                  18             1.35842             1.36593          0.00996993
                  19             1.33878              1.3645          0.00953828
                  20             1.33372             1.36296          0.00917876
                  21             1.34267             1.36199          0.00878402
                  22             1.39016             1.36327          0.00847249
                  23             1.37209             1.36366           0.0081048
                  24             1.39427             1.36493          0.00786389
                  25             1.33232             1.36363          0.00765474
                  26             1.39497             1.36483           0.0074526
                  27             1.37461              1.3652          0.00718039
                  28             1.34279              1.3644          0.00696534
                  29             1.31846             1.36281            0.006905
                  30             1.39495             1.36388          0.00675636
                  31             1.36841             1.36403           0.0065364
                  32             1.32846             1.36292          0.00642572
                  33             1.38296             1.36353          0.00625751
                  34              1.4144             1.36502          0.00625239
                  35             1.40248             1.36609          0.00616475
                  36             1.35857             1.36588           0.0059947
                  37             1.32961              1.3649          0.00591229
                  38             1.45326             1.36723          0.00620657
                  39             1.37077             1.36732          0.00604601
                  40             1.33305             1.36646          0.00595488
