                   1             0.34368             0.34368                   0
                   2            0.323736            0.333708          0.00997172
                   3            0.343495             0.33697          0.00661734
                   4            0.342357            0.338317          0.00486907
                   5            0.348095            0.340273          0.00424842
                   6            0.342109            0.340579          0.00348229
                   7            0.339489            0.340423          0.00294718
                   8            0.342176            0.340642          0.00256172
                   9            0.340174             0.34059          0.00225982
                  10            0.337862            0.340317          0.00203958
                  11            0.354083            0.341569          0.00222929
                  12            0.341585             0.34157          0.00203505
                  13            0.343113            0.341689          0.00187574
                  14            0.346645            0.342043          0.00177231
                  15            0.332537            0.341409          0.00176745
                  16            0.347468            0.341788          0.00169612
                  17            0.351443            0.342356          0.00169143
                  18            0.343445            0.342416          0.00159584
                  19            0.341615            0.342374           0.0015101
                  20            0.358324            0.343171          0.00163962
                  21            0.341179            0.343077          0.00156247
                  22            0.350413             0.34341          0.00152662
                  23            0.339177            0.343226           0.0014703
                  24            0.335703            0.342913          0.00144219
                  25            0.342523            0.342897          0.00138338
                  26            0.342742            0.342891          0.00132913
                  27            0.339857            0.342779          0.00128388
                  28            0.356686            0.343275          0.00133316
                  29            0.346284            0.343379          0.00129055
                  30            0.339367            0.343245          0.00125394
                  31            0.338602            0.343096          0.00122203
                  32            0.326223            0.342568          0.00129539
                  33             0.34954             0.34278          0.00127317
                  34            0.353069            0.343082          0.00127169
                  35            0.333629            0.342812          0.00126401
                  36            0.360043            0.343291          0.00131835
                  37            0.348792            0.343439          0.00129082
                  38             0.34992             0.34361          0.00126791
                  39            0.350089            0.343776          0.00124609
                  40            0.343312            0.343764           0.0012146
                   1            0.338344            0.338344                   0
                   2            0.331428            0.334886          0.00345804
                   3            0.349069            0.339614          0.00513194
                   4            0.341992            0.340208          0.00367724
                   5            0.351403            0.342447          0.00362296
                   6            0.342052            0.342381          0.00295887
                   7            0.340867            0.342165          0.00251004
                   8             0.33244            0.340949          0.00249061
                   9            0.340264            0.340873          0.00219783
                  10            0.344607            0.341247          0.00200095
                  11            0.356317            0.342617          0.00226997
                  12             0.34352            0.342692          0.00207356
                  13            0.346708            0.343001          0.00193225
                  14            0.349485            0.343464          0.00184789
                  15            0.334675            0.342878          0.00181735
                  16            0.349478            0.343291           0.0017493
                  17            0.348758            0.343612          0.00167437
                  18            0.348594            0.343889          0.00160269
                  19            0.341593            0.343768           0.0015208
                  20            0.357413             0.34445          0.00159593
                  21            0.344168            0.344437          0.00151809
                  22             0.33985            0.344228          0.00146238
                  23            0.330823            0.343646          0.00151404
                  24            0.333634            0.343228          0.00150841
                  25             0.34727             0.34339          0.00145582
                  26            0.352797            0.343752          0.00144474
                  27            0.339968            0.343612          0.00139725
                  28             0.35591            0.344051          0.00141625
                  29            0.346661            0.344141           0.0013695
                  30            0.342725            0.344094          0.00132391
                  31            0.330506            0.343655          0.00135343
                  32            0.333103            0.343326          0.00135131
                  33            0.348164            0.343472           0.0013179
                  34             0.35628            0.343849          0.00133289
                  35            0.332536            0.343526            0.001334
                  36            0.358949            0.343954          0.00136537
                  37            0.345672            0.344001          0.00132877
                  38            0.353688            0.344255          0.00131821
                  39            0.343731            0.344242          0.00128404
                  40            0.344229            0.344242          0.00125152
