                   1             3.55607             3.55607                   0
                   2             3.32243             3.43925             0.11682
                   3             3.64974             3.50941            0.097323
                   4             3.32138              3.4624           0.0833411
                   5             3.47031             3.46399           0.0645751
                   6             3.75846             3.51306           0.0720323
                   7             3.71906             3.54249           0.0676178
                   8             3.59917             3.54958           0.0589857
                   9             3.61755             3.55713           0.0525658
                  10             3.48527             3.54994           0.0475623
                  11              3.7445             3.56763           0.0465154
                  12              3.3086             3.54604           0.0476341
                  13             3.61665             3.55148           0.0441523
                  14             3.39518             3.54031           0.0423743
                  15             3.40899             3.53156           0.0404081
                  16             3.78248             3.54724           0.0409226
                  17             3.69295             3.55581           0.0393842
                  18             3.52711             3.55422           0.0371659
                  19             3.39143             3.54565           0.0361844
                  20             3.82849             3.55979           0.0371264
                  21             3.67649             3.56535           0.0357489
                  22             3.59346             3.56663           0.0341092
                  23             3.36432             3.55783           0.0337585
                  24              3.7877             3.56741           0.0337105
                  25             3.91739             3.58141           0.0352345
                  26             3.64969             3.58403           0.0339539
                  27             3.38519             3.57667           0.0334919
                  28             3.46401             3.57264           0.0325235
                  29              3.3605             3.56533           0.0322233
                  30             3.68064             3.56917           0.0313671
                  31              3.5598             3.56887           0.0303399
                  32             3.32709             3.56131           0.0303325
                  33             3.41621             3.55692            0.029726
                  34              3.5384             3.55637           0.0288436
                  35             3.49772              3.5547           0.0280575
                  36             3.79258              3.5613           0.0280562
                  37             3.70854             3.56528           0.0275761
                  38             3.86758             3.57324           0.0279946
                  39             3.56148             3.57294            0.027269
                  40             3.73401             3.57696           0.0268819
                   1             3.59672             3.59672                   0
                   2             3.33577             3.46625            0.130478
                   3             3.64981             3.52743           0.0970502
                   4             3.31829             3.47515           0.0862739
                   5              3.4674              3.4736           0.0668454
                   6             3.73931             3.51788           0.0702855
                   7             3.69905             3.54376           0.0647951
                   8             3.59692             3.55041           0.0565062
                   9             3.61582             3.55768           0.0503609
                  10             3.47447             3.54936           0.0458061
                  11             3.74563              3.5672            0.045112
                  12             3.31711             3.54636           0.0461544
                  13               3.639             3.55348           0.0430498
                  14             3.41752             3.54377           0.0410225
                  15              3.4012             3.53427           0.0393549
                  16             3.79199             3.55038           0.0401828
                  17             3.71279             3.55993           0.0389354
                  18             3.51405             3.55738            0.036797
                  19             3.41486             3.54988           0.0356056
                  20              3.8129             3.56303           0.0362481
                  21             3.70532             3.56981           0.0351383
                  22             3.59276             3.57085           0.0335193
                  23             3.37782             3.56246           0.0331101
                  24             3.77707              3.5714           0.0329375
                  25             3.92815             3.58567           0.0346659
                  26             3.71133              3.5905           0.0336548
                  27             3.40052             3.58347           0.0331399
                  28             3.46488             3.57923            0.032214
                  29             3.37478             3.57218           0.0318729
                  30             3.69429             3.57625             0.03106
                  31             3.56653             3.57594            0.030043
                  32             3.32251             3.56802           0.0301478
                  33             3.41473             3.56337           0.0295869
                  34             3.52412             3.56222           0.0287267
                  35             3.52143             3.56105           0.0279182
                  36             3.78395             3.56724           0.0278291
                  37             3.69444             3.57068            0.027284
                  38             3.87648             3.57873           0.0277488
                  39             3.57243             3.57857           0.0270284
                  40              3.7423             3.58266           0.0266601
