                   1             2.67591             2.67591                   0
                   2              2.3928             2.53435            0.141557
                   3             2.55624             2.54165            0.082053
                   4             2.41515             2.51003           0.0660789
                   5             2.46227             2.50047            0.052068
                   6              2.6042             2.51776           0.0458937
                   7             2.60964             2.53089           0.0409477
                   8             2.50666             2.52786           0.0355909
                   9             2.56582             2.53208           0.0316703
                  10             2.43929              2.5228           0.0298076
                  11             2.44454             2.51568           0.0278847
                  12             2.54114              2.5178           0.0255434
                  13             2.62787             2.52627           0.0249753
                  14             2.55952             2.52865           0.0232442
                  15             2.66433             2.53769           0.0234538
                  16             2.57167             2.53982           0.0220416
                  17             2.43978             2.53393           0.0215245
                  18             2.55122             2.53489           0.0203162
                  19             2.58405             2.53748           0.0193906
                  20             2.61129             2.54117           0.0187621
                  21             2.46364             2.53748           0.0182242
                  22             2.52561             2.53694           0.0173844
                  23             2.32178             2.52758           0.0190644
                  24             2.49864             2.52638           0.0182926
                  25             2.54154             2.52698           0.0175561
                  26             2.40673             2.52236             0.01749
                  27             2.41653             2.51844           0.0172802
                  28             2.47034             2.51672             0.01674
                  29             2.63041             2.52064           0.0166214
                  30             2.60953              2.5236           0.0163289
                  31             2.55112             2.52449           0.0158183
                  32             2.43179              2.5216           0.0155875
                  33             2.42144             2.51856           0.0154097
                  34             2.54328             2.51929           0.0149672
                  35             2.66608             2.52348           0.0151263
                  36             2.47043             2.52201           0.0147738
                  37             2.47025             2.52061           0.0144369
                  38             2.56549             2.52179           0.0141014
                  39             2.42457              2.5193           0.0139595
                  40             2.38859             2.51603           0.0139929
                   1             2.69963             2.69963                   0
                   2             2.41946             2.55954            0.140085
                   3             2.52987             2.54965           0.0814807
                   4             2.43349             2.52061           0.0645204
                   5             2.47719             2.51193           0.0507262
                   6             2.58162             2.52354           0.0430156
                   7             2.61052             2.53597           0.0384194
                   8             2.51594             2.53346           0.0333662
                   9             2.56569             2.53704           0.0296432
                  10             2.43882             2.52722           0.0282748
                  11             2.44235             2.51951           0.0267141
                  12              2.5407             2.52127           0.0244504
                  13             2.61961             2.52884            0.023729
                  14             2.53143             2.52902           0.0219696
                  15             2.65454             2.53739           0.0220983
                  16             2.58515             2.54037           0.0208854
                  17             2.45461             2.53533           0.0202567
                  18             2.56612             2.53704           0.0191746
                  19             2.59012             2.53983           0.0183512
                  20             2.59841             2.54276           0.0176542
                  21             2.48424             2.53998           0.0170221
                  22             2.52376             2.53924           0.0162467
                  23             2.32431             2.52989           0.0181199
                  24             2.48653             2.52809           0.0174423
                  25             2.54219             2.52865           0.0167396
                  26             2.40682             2.52397           0.0167516
                  27             2.42208             2.52019           0.0165551
                  28             2.47159             2.51846            0.016047
                  29             2.61634             2.52183           0.0158474
                  30             2.60795              2.5247           0.0155768
                  31             2.54594             2.52539           0.0150815
                  32             2.44873             2.52299           0.0147978
                  33              2.4287             2.52013           0.0146242
                  34             2.53403             2.52054           0.0141934
                  35             2.66572             2.52469           0.0143926
                  36             2.46527             2.52304           0.0140842
                  37             2.45174             2.52111           0.0138331
                  38             2.57748              2.5226           0.0135456
                  39             2.42938             2.52021           0.0134085
                  40             2.37242             2.51651           0.0135812
