                   1            0.390946            0.390946                   0
                   2            0.399604            0.395275           0.0043291
                   3            0.387049            0.392533          0.00371022
                   4             0.40193            0.394882           0.0035216
                   5            0.404284            0.396762          0.00331313
                   6            0.407664            0.398579          0.00325872
                   7            0.395152             0.39809           0.0027973
                   8            0.396694            0.397915          0.00242881
                   9            0.405897            0.398802          0.00231836
                  10            0.380437            0.396966          0.00276994
                  11            0.400516            0.397288          0.00252622
                  12            0.387665            0.396486          0.00244157
                  13            0.388276            0.395855          0.00233303
                  14            0.411551            0.396976          0.00243359
                  15            0.380346            0.395867          0.00252229
                  16            0.405893            0.396494          0.00244118
                  17            0.394371            0.396369          0.00229649
                  18            0.396341            0.396368          0.00216515
                  19            0.416071            0.397405          0.00229562
                  20            0.407234            0.397896          0.00223258
                  21            0.398456            0.397923          0.00212378
                  22            0.366729            0.396505          0.00247201
                  23            0.398087            0.396574          0.00236309
                  24            0.396277            0.396561          0.00226252
                  25            0.383466            0.396037          0.00223246
                  26            0.392412            0.395898           0.0021494
                  27            0.392747            0.395781          0.00207155
                  28            0.413506            0.396414          0.00209417
                  29            0.393465            0.396313          0.00202322
                  30            0.407055            0.396671          0.00198715
                  31            0.411869            0.397161          0.00198352
                  32            0.400825            0.397275          0.00192395
                  33            0.408472            0.397615          0.00189535
                  34            0.391891            0.397446          0.00184645
                  35            0.388584            0.397193          0.00181071
                  36            0.395992             0.39716          0.00176001
                  37            0.405233            0.397378          0.00172563
                  38            0.398881            0.397418          0.00168007
                  39               0.403            0.397561          0.00164267
                  40            0.384518            0.397235          0.00163394
                   1              0.3909              0.3909                   0
                   2            0.392293            0.391597         0.000696838
                   3            0.393272            0.392155         0.000688245
                   4            0.396041            0.393126          0.00108654
                   5            0.409554            0.396412          0.00339158
                   6            0.401816            0.397313          0.00291199
                   7            0.396731             0.39723          0.00246248
                   8            0.387211            0.395977          0.00247308
                   9            0.405791            0.397068          0.00243845
                  10            0.383115            0.395672          0.00258913
                  11            0.394893            0.395602          0.00234303
                  12            0.389707             0.39511          0.00219456
                  13            0.379264            0.393891          0.00235819
                  14            0.414958            0.395396          0.00265159
                  15            0.380931            0.394432          0.00265019
                  16            0.399811            0.394768          0.00250171
                  17            0.395697            0.394823          0.00235059
                  18            0.388286            0.394459          0.00224571
                  19            0.410492            0.395303          0.00228568
                  20            0.408044             0.39594          0.00226003
                  21            0.396942            0.395988          0.00215024
                  22            0.367721            0.394703          0.00241953
                  23            0.390979            0.394541          0.00231761
                  24            0.395304            0.394573          0.00221917
                  25            0.394139            0.394556          0.00212862
                  26            0.400012            0.394765          0.00205585
                  27            0.391564            0.394647           0.0019818
                  28            0.412174            0.395273          0.00200968
                  29              0.3921            0.395163          0.00194223
                  30            0.409535            0.395643          0.00193655
                  31            0.407407            0.396022           0.0019111
                  32            0.400152            0.396151          0.00185491
                  33            0.406176            0.396455          0.00182331
                  34            0.396028            0.396442          0.00176891
                  35            0.381562            0.396017          0.00176946
                  36            0.396108             0.39602          0.00171961
                  37            0.395338            0.396001          0.00167259
                  38            0.396738            0.396021          0.00162809
                  39            0.400836            0.396144           0.0015906
                  40             0.38863            0.395956          0.00156166
