                   1             2.07406             2.07406                   0
                   2             2.12577             2.09992           0.0258537
                   3             2.26208             2.15397           0.0560769
                   4             2.13295             2.14872           0.0399989
                   5             2.12564              2.1441           0.0313248
                   6             2.09862             2.13652           0.0266762
                   7             2.25252             2.15309           0.0279805
                   8             2.27381             2.16818           0.0285464
                   9             2.11647             2.16244           0.0258229
                  10             2.28371             2.17456           0.0260869
                  11             2.11257             2.16893           0.0242602
                  12             2.19981              2.1715           0.0222954
                  13             2.16133             2.17072           0.0205237
                  14             2.22003             2.17424           0.0193249
                  15             2.26597             2.18036           0.0190014
                  16              2.2258              2.1832           0.0179997
                  17             2.02797             2.17407           0.0192159
                  18              2.3461             2.18362           0.0204834
                  19             2.23199             2.18617           0.0195419
                  20              2.2939             2.19156           0.0193058
                  21             2.12776             2.18852           0.0186131
                  22             2.16897             2.18763           0.0177691
                  23             2.12904             2.18508            0.017169
                  24             2.05759             2.17977            0.017275
                  25             2.29219             2.18427            0.017169
                  26             2.24722             2.18669           0.0166722
                  27             2.12263             2.18432           0.0162173
                  28             2.12719             2.18228             0.01576
                  29             2.11302             2.17989           0.0153933
                  30             2.18948             2.18021           0.0148747
                  31             2.17612             2.18008           0.0143875
                  32             2.15379             2.17925           0.0139549
                  33             2.02216             2.17449           0.0143387
                  34              2.2152             2.17569            0.013962
                  35             2.13836             2.17462           0.0135991
                  36             2.27804              2.1775           0.0135246
                  37             2.16737             2.17722           0.0131568
                  38             2.20589             2.17798           0.0128281
                  39             2.18292              2.1781           0.0124955
                  40             2.18303             2.17823           0.0121797
                   1             2.07922             2.07922                   0
                   2             2.11157             2.09539           0.0161746
                   3             2.27347             2.15475           0.0600913
                   4             2.12818             2.14811           0.0430069
                   5             2.12638             2.14376           0.0335954
                   6             2.09535              2.1357           0.0285924
                   7             2.25785             2.15315            0.029807
                   8             2.27349             2.16819            0.029877
                   9              2.1276             2.16368           0.0267321
                  10             2.26194              2.1735           0.0258504
                  11              2.0973             2.16658           0.0243872
                  12              2.1893             2.16847           0.0223427
                  13               2.145             2.16667           0.0206314
                  14             2.22117             2.17056           0.0194938
                  15             2.25531             2.17621            0.019007
                  16             2.23617             2.17996           0.0181701
                  17             2.03685             2.17154           0.0190309
                  18             2.33163             2.18043            0.020026
                  19             2.22806             2.18294           0.0191078
                  20              2.2946             2.18852           0.0189675
                  21             2.13999             2.18621           0.0181891
                  22             2.14401             2.18429           0.0174484
                  23             2.12353             2.18165           0.0168805
                  24             2.06007             2.17658           0.0169372
                  25              2.2964             2.18138           0.0169378
                  26             2.23389              2.1834           0.0163981
                  27             2.10725             2.18058           0.0160292
                  28             2.12384             2.17855           0.0155784
                  29               2.105             2.17601           0.0152441
                  30              2.1891             2.17645           0.0147336
                  31             2.15483             2.17575           0.0142675
                  32             2.18517             2.17605           0.0138176
                  33             2.02532             2.17148           0.0141498
                  34             2.20575             2.17249           0.0137643
                  35             2.14502              2.1717           0.0133882
                  36             2.24557             2.17376           0.0131718
                  37             2.17676             2.17384           0.0128111
                  38             2.22785             2.17526           0.0125502
                  39             2.19256              2.1757           0.0122322
                  40             2.18378              2.1759           0.0119242
