                   1            0.012772            0.012772                   0
                   2              0.0079            0.010336            0.002436
                   3            0.020496           0.0137227          0.00366709
                   4            -0.00122            0.009987          0.00454741
                   5           -0.005712           0.0068472          0.00471866
                   6             0.01046          0.00744933          0.00389954
                   7            0.012008          0.00810057          0.00335944
                   8            0.014464            0.008896          0.00301613
                   9              0.0101          0.00902978          0.00266334
                  10            -0.00276           0.0078508          0.00265795
                  11           -0.008848          0.00633273          0.00284337
                  12            0.010584            0.006687           0.0026197
                  13            0.000924          0.00624369          0.00245021
                  14           -0.000768          0.00574286          0.00232308
                  15           -0.024992          0.00369387          0.00297918
                  16             -0.0049          0.00315675          0.00283806
                  17            -0.00026          0.00295576          0.00267345
                  18           -0.023148          0.00150556          0.00290797
                  19             0.00376          0.00162421          0.00275323
                  20           -0.021548           0.0004656          0.00285738
                  21            0.011724          0.00100171          0.00277028
                  22           -0.008132         0.000586545          0.00267379
                  23            0.019172          0.00139461          0.00267963
                  24           -0.022636         0.000393333          0.00275402
                  25           -0.011864          -9.696e-05          0.00268668
                  26            -0.01742        -0.000763231          0.00266588
                  27            0.000796        -0.000705481          0.00256589
                  28            0.009592        -0.000337714          0.00249976
                  29            0.003656             -0.0002          0.00241595
                  30            -0.00416           -0.000332          0.00233776
                  31             -0.0196        -0.000953548          0.00234496
                  32            0.025784           -0.000118          0.00241936
                  33             0.01918         0.000466788          0.00241672
                  34            0.017796         0.000976471          0.00239932
                  35           -0.023312         0.000282514          0.00243092
                  36            0.026368          0.00100711          0.00247105
                  37            -0.00484         0.000849081          0.00240853
                  38           -0.012428         0.000499684          0.00237019
                  39             0.00076         0.000506359          0.00230862
                  40           -0.010712           0.0002259          0.00226758
                   1            0.011916            0.011916                   0
                   2            0.006796            0.009356             0.00256
                   3            0.020068           0.0129267          0.00386448
                   4           -0.001828            0.009238          0.00459057
                   5             -0.0061           0.0061704          0.00469619
                   6              0.0098          0.00677533          0.00388185
                   7            0.012744            0.007628          0.00338975
                   8             0.01462            0.008502          0.00306295
                   9            0.008476          0.00849911          0.00270127
                  10           -0.003076           0.0073416          0.00267906
                  11           -0.008248          0.00592436           0.0028073
                  12            0.010748          0.00632633          0.00259403
                  13            -4.8e-05            0.005836          0.00243602
                  14           -0.001152          0.00533686          0.00230989
                  15           -0.025416          0.00328667          0.00297111
                  16           -0.004568          0.00279575          0.00282224
                  17            0.000232          0.00264494          0.00265532
                  18           -0.023372          0.00119956          0.00289075
                  19            0.004188          0.00135684           0.0027389
                  20           -0.021968           0.0001906          0.00284807
                  21              0.0118         0.000743429          0.00276489
                  22             -0.0095         0.000277818          0.00267702
                  23            0.019756           0.0011247          0.00269453
                  24           -0.021908            0.000165          0.00275254
                  25           -0.012352         -0.00033568           0.0026872
                  26           -0.017936         -0.00101262          0.00266904
                  27             0.00054        -0.000955111          0.00256893
                  28            0.009204        -0.000592286          0.00250193
                  29            0.003788        -0.000441241          0.00241884
                  30            -0.00384        -0.000554533          0.00233957
                  31           -0.019752         -0.00117381          0.00234605
                  32            0.024808        -0.000361875           0.0024123
                  33              0.0196          0.00024303          0.00241504
                  34            0.017776         0.000758706          0.00239901
                  35           -0.023108            7.68e-05          0.00242721
                  36            0.027336            0.000834          0.00247738
                  37            -0.00434         0.000694162          0.00241355
                  38           -0.011168            0.000382          0.00236983
                  39            0.000848         0.000393949          0.00230829
                  40           -0.011264           0.0001025          0.00226864
