                   1            0.433787            0.433787                   0
                   2            0.431158            0.432473          0.00131485
                   3            0.421843            0.428929          0.00362355
                   4            0.428345            0.428783          0.00256639
                   5             0.43154            0.429335          0.00206296
                   6            0.412881            0.426593          0.00321825
                   7            0.407229            0.423826          0.00387937
                   8            0.406812              0.4217          0.00397622
                   9            0.436844            0.423382          0.00388955
                  10            0.414087            0.422453          0.00360096
                  11            0.408346             0.42117          0.00350057
                  12             0.41048            0.420279          0.00331744
                  13            0.420707            0.420312          0.00305177
                  14            0.427188            0.420803          0.00286777
                  15            0.412427            0.420245          0.00272752
                  16            0.433423            0.421069          0.00268101
                  17            0.422252            0.421138          0.00251933
                  18            0.403617            0.420165          0.00256696
                  19            0.447534            0.421605          0.00282323
                  20            0.422264            0.421638          0.00267855
                  21            0.425404            0.421818          0.00255412
                  22            0.396177            0.420652          0.00269978
                  23            0.435347            0.421291          0.00265767
                  24            0.416844            0.421106          0.00255126
                  25            0.408672            0.420608          0.00249711
                  26            0.420514            0.420605          0.00239915
                  27            0.424332            0.420743          0.00231271
                  28            0.423599            0.420845          0.00223092
                  29            0.426017            0.421023          0.00215999
                  30            0.431454            0.421371          0.00211552
                  31            0.422611            0.421411          0.00204653
                  32            0.414824            0.421205          0.00199221
                  33            0.415899            0.421044          0.00193758
                  34            0.404177            0.420548          0.00194409
                  35            0.407608            0.420178          0.00192359
                  36            0.415932             0.42006          0.00187311
                  37            0.419517            0.420046          0.00182184
                  38            0.402584            0.419586          0.00183183
                  39             0.42818            0.419807           0.0017978
                  40            0.418248            0.419768          0.00175271
                   1            0.433215            0.433215                   0
                   2            0.428283            0.430749          0.00246616
                   3            0.423225            0.428241          0.00288386
                   4            0.422995             0.42693          0.00242457
                   5            0.431393            0.427822          0.00207942
                   6            0.409679            0.424798          0.00346785
                   7            0.407537            0.422333          0.00383023
                   8             0.39947            0.419475          0.00437837
                   9            0.434774            0.421175          0.00421897
                  10            0.414963            0.420553          0.00382435
                  11            0.411712             0.41975          0.00355141
                  12            0.407328            0.418715          0.00340322
                  13            0.426241            0.419293          0.00318359
                  14            0.424031            0.419632           0.0029668
                  15            0.420379            0.419682          0.00276239
                  16             0.43265            0.420492          0.00270811
                  17              0.4252            0.420769          0.00255885
                  18            0.398426            0.419528          0.00271311
                  19            0.445986             0.42092          0.00291981
                  20            0.425886            0.421169          0.00278108
                  21            0.426176            0.421407          0.00265606
                  22            0.395399            0.420225           0.0027948
                  23            0.430968            0.420692          0.00271107
                  24            0.421829            0.420739          0.00259608
                  25            0.408095            0.420234          0.00254092
                  26            0.424742            0.420407          0.00244739
                  27            0.418701            0.420344          0.00235585
                  28            0.423828            0.420468          0.00227356
                  29            0.422515            0.420539           0.0021949
                  30            0.427416            0.420768          0.00213283
                  31            0.415968            0.420613          0.00206868
                  32            0.422617            0.420676          0.00200397
                  33            0.416569            0.420551          0.00194628
                  34            0.405952            0.420122          0.00193638
                  35             0.40388            0.419658          0.00193666
                  36            0.412549            0.419461          0.00189243
                  37            0.420254            0.419482          0.00184069
                  38            0.403483            0.419061          0.00184041
                  39            0.426805            0.419259          0.00180356
                  40            0.416983            0.419203          0.00175881
