                   1            -0.67972            -0.67972                   0
                   2            -0.68452            -0.68212              0.0024
                   3           -0.681008           -0.681749          0.00143436
                   4           -0.680232            -0.68137          0.00108286
                   5           -0.681504           -0.681397          0.00083921
                   6           -0.683328           -0.681719         0.000757042
                   7           -0.682008            -0.68176         0.000641151
                   8           -0.680232           -0.681569         0.000587186
                   9           -0.683448           -0.681778         0.000558351
                  10           -0.684424           -0.682042         0.000565181
                  11           -0.681664           -0.682008         0.000512382
                  12            -0.67904           -0.681761         0.000529106
                  13           -0.681752            -0.68176         0.000486707
                  14           -0.680168           -0.681646          0.00046473
                  15           -0.679416           -0.681498         0.000457477
                  16           -0.686664            -0.68182         0.000536087
                  17           -0.681608           -0.681808         0.000503721
                  18           -0.684376           -0.681951         0.000495879
                  19           -0.681912           -0.681949         0.000469059
                  20           -0.686568            -0.68218         0.000501359
                  21           -0.679544           -0.682054         0.000493126
                  22           -0.681344           -0.682022         0.000471284
                  23           -0.683256           -0.682075         0.000453513
                  24           -0.679448           -0.681966         0.000447795
                  25           -0.684888           -0.682083         0.000445128
                  26           -0.679384           -0.681979         0.000440083
                  27           -0.679424           -0.681884         0.000433915
                  28           -0.679728           -0.681807         0.000425164
                  29           -0.681072           -0.681782         0.000411025
                  30           -0.683352           -0.681834         0.000400521
                  31           -0.682424           -0.681853         0.000387852
                  32           -0.681064           -0.681829         0.000376346
                  33            -0.67736           -0.681693         0.000389088
                  34           -0.677112           -0.681559           0.0004008
                  35           -0.681992           -0.681571         0.000389377
                  36             -0.6834           -0.681622         0.000381802
                  37           -0.681808           -0.681627         0.000371374
                  38           -0.688904           -0.681818         0.000409065
                  39           -0.679512           -0.681759         0.000402802
                  40           -0.679328           -0.681698          0.00039728
                   1            -0.67996            -0.67996                   0
                   2           -0.684856           -0.682408            0.002448
                   3            -0.68048           -0.681765          0.00155261
                   4           -0.680512           -0.681452           0.0011417
                   5           -0.681536           -0.681469         0.000884514
                   6            -0.68296           -0.681717         0.000763771
                   7            -0.68184           -0.681735         0.000645742
                   8           -0.679928           -0.681509         0.000603116
                   9           -0.683144           -0.681691         0.000562066
                  10           -0.683264           -0.681848         0.000526772
                  11           -0.682296           -0.681889          0.00047822
                  12             -0.6796           -0.681698         0.000476399
                  13           -0.682656           -0.681772         0.000444376
                  14             -0.6794           -0.681602         0.000444925
                  15            -0.67964           -0.681471         0.000434371
                  16           -0.687184           -0.681829         0.000540894
                  17           -0.681584           -0.681814         0.000508285
                  18           -0.685472           -0.682017         0.000520523
                  19           -0.681712           -0.682001         0.000492627
                  20           -0.686448           -0.682224          0.00051754
                  21           -0.680208           -0.682128         0.000501548
                  22           -0.681512             -0.6821         0.000479025
                  23           -0.683424           -0.682157         0.000461332
                  24           -0.679872           -0.682062         0.000451838
                  25            -0.68492           -0.682176         0.000448212
                  26            -0.67928           -0.682065         0.000444804
                  27             -0.6802           -0.681996          0.00043355
                  28           -0.679808           -0.681918         0.000425023
                  29           -0.681896           -0.681917         0.000410106
                  30           -0.683248           -0.681961         0.000398677
                  31           -0.682552            -0.68198         0.000386072
                  32           -0.680576           -0.681936          0.00037638
                  33           -0.677824           -0.681812         0.000385496
                  34           -0.677248           -0.681678         0.000397346
                  35           -0.682528           -0.681702          0.00038659
                  36           -0.682904           -0.681735         0.000377179
                  37           -0.682168           -0.681747          0.00036703
                  38           -0.688864           -0.681934         0.000403358
                  39           -0.680144           -0.681888         0.000395552
                  40            -0.67904           -0.681817         0.000392058
