                   1            0.321017            0.321017                   0
                   2             0.30811            0.314564          0.00645337
                   3            0.317699            0.315609          0.00386963
                   4            0.312135             0.31474          0.00287076
                   5            0.318949            0.315582           0.0023777
                   6            0.318586            0.316083          0.00200491
                   7            0.309492            0.315141          0.00193848
                   8            0.310773            0.314595          0.00176536
                   9            0.312681            0.314382          0.00157136
                  10             0.30983            0.313927          0.00147735
                  11            0.325436            0.314973          0.00169715
                  12            0.319801            0.315376          0.00160065
                  13            0.312752            0.315174          0.00148615
                  14            0.318612            0.315419          0.00139765
                  15            0.319098            0.315665          0.00132405
                  16            0.320702            0.315979          0.00127792
                  17            0.315639            0.315959          0.00120056
                  18            0.313646            0.315831          0.00113917
                  19            0.318753            0.315985          0.00108847
                  20            0.313313            0.315851          0.00104122
                  21            0.318233            0.315965         0.000996872
                  22            0.312649            0.315814         0.000962357
                  23            0.313137            0.315697           0.0009269
                  24            0.314537            0.315649         0.000888756
                  25            0.317074            0.315706         0.000854368
                  26            0.311996            0.315563         0.000833159
                  27            0.324676            0.315901         0.000869854
                  28            0.320138            0.316052          0.00085176
                  29            0.321823            0.316251          0.00084561
                  30            0.318819            0.316337         0.000821407
                  31            0.316236            0.316334         0.000794475
                  32            0.309272            0.316113         0.000800275
                  33            0.312361            0.315999         0.000783933
                  34            0.317449            0.316042         0.000761722
                  35            0.311473            0.315911         0.000751067
                  36            0.330649            0.316321         0.000836879
                  37            0.318381            0.316376         0.000815848
                  38            0.315448            0.316352         0.000794464
                  39             0.32191            0.316494          0.00078684
                  40            0.314842            0.316453         0.000768028
                   1            0.318869            0.318869                   0
                   2            0.310783            0.314826          0.00404305
                   3            0.311419            0.313691          0.00259587
                   4            0.316624            0.314424          0.00197659
                   5            0.321694            0.315878          0.00211148
                   6             0.32315             0.31709          0.00210744
                   7            0.314443            0.316712           0.0018208
                   8            0.306562            0.315443          0.00202387
                   9            0.314018            0.315285           0.0017919
                  10            0.315104            0.315267          0.00160282
                  11            0.329996            0.316606          0.00197356
                  12            0.319508            0.316848          0.00181777
                  13            0.318856            0.317002          0.00167923
                  14            0.319542            0.317184          0.00156521
                  15            0.315621            0.317079          0.00146085
                  16            0.317027            0.317076          0.00136651
                  17            0.312398            0.316801          0.00131278
                  18            0.314726            0.316686          0.00124306
                  19            0.322042            0.316968          0.00120914
                  20            0.314032            0.316821          0.00115645
                  21            0.315959             0.31678          0.00110076
                  22            0.309428            0.316446          0.00110145
                  23            0.304797            0.315939          0.00116799
                  24            0.313767            0.315849          0.00112192
                  25             0.31891            0.315971          0.00108305
                  26            0.313884            0.315891          0.00104366
                  27            0.318667            0.315994          0.00100951
                  28            0.323902            0.316276          0.00101296
                  29            0.326688            0.316635          0.00104126
                  30            0.318948            0.316712           0.0010089
                  31            0.317256             0.31673         0.000975974
                  32            0.310892            0.316547         0.000962432
                  33             0.30942            0.316331         0.000957487
                  34            0.320083            0.316442          0.00093543
                  35            0.312365            0.316325         0.000915748
                  36            0.327967            0.316649         0.000946878
                  37            0.317159            0.316662         0.000921035
                  38            0.319615             0.31674          0.00089983
                  39            0.316892            0.316744         0.000876462
                  40             0.31515            0.316704         0.000855199
