                   1            -0.00588            -0.00588                   0
                   2            0.031264            0.012692            0.018572
                   3           -0.003344          0.00734667           0.0119811
                   4             0.01722            0.009815          0.00882414
                   5           -0.002912           0.0072696          0.00729372
                   6           -0.002792          0.00559267           0.0061869
                   7            -0.02652          0.00100514          0.00695605
                   8            0.054636            0.007709          0.00901286
                   9            0.071092           0.0147516           0.0106197
                  10           -0.010368           0.0122396          0.00982508
                  11           -0.009744           0.0102411          0.00910905
                  12            0.030532            0.011932          0.00848557
                  13            0.010312           0.0118074          0.00780658
                  14            0.000992           0.0110349          0.00726866
                  15           -0.036716          0.00785147          0.00747817
                  16           -0.053848          0.00399525          0.00798768
                  17           -0.038384          0.00150235          0.00790641
                  18            -0.00668          0.00104778          0.00746808
                  19            0.041776          0.00319137          0.00738217
                  20            0.005724            0.003318          0.00700449
                  21           -0.014936          0.00244876          0.00671906
                  22            0.011928          0.00287964          0.00642085
                  23           -0.045792         0.000763478          0.00649002
                  24            -0.03382          -0.0006775          0.00637862
                  25            0.062656          0.00185584          0.00662191
                  26           -0.065684        -0.000741846          0.00687201
                  27           -0.042764         -0.00229822          0.00679329
                  28           -0.046732         -0.00388514          0.00673578
                  29           -0.023484         -0.00456097          0.00653441
                  30           -0.015756         -0.00493413          0.00632386
                  31            0.060352         -0.00282813          0.00646887
                  32            0.040504           -0.001474          0.00640817
                  33            0.003616         -0.00131976          0.00621286
                  34           -0.007136         -0.00149082          0.00602979
                  35           -0.001412         -0.00148857          0.00585497
                  36            -0.00628         -0.00162167          0.00569157
                  37            0.000964         -0.00155178          0.00553605
                  38            0.020884        -0.000961368          0.00542064
                  39           -0.004308         -0.00104718          0.00528052
                  40           -0.025656          -0.0016624          0.00518345
                   1            -0.00152            -0.00152                   0
                   2            0.031536            0.015008            0.016528
                   3           -0.003252          0.00892133           0.0113184
                   4            0.017088            0.010963          0.00825962
                   5             -0.0028           0.0082104          0.00696488
                   6           -0.001564          0.00658133          0.00591554
                   7           -0.025968          0.00193143          0.00682767
                   8            0.054856            0.008547          0.00887291
                   9             0.07128           0.0155173           0.0104794
                  10           -0.009552           0.0130104          0.00970257
                  11           -0.009364           0.0109764          0.00900893
                  12            0.029964           0.0125587          0.00837482
                  13            0.009432           0.0123182          0.00770747
                  14            0.000856           0.0114994          0.00718255
                  15           -0.036852            0.008276            0.007423
                  16           -0.053632          0.00440675          0.00794886
                  17           -0.038952          0.00185624          0.00789025
                  18              -0.008          0.00130867          0.00745913
                  19            0.042156          0.00345853          0.00737589
                  20            0.005584           0.0035648          0.00699819
                  21           -0.014724           0.0026939          0.00671334
                  22            0.011832          0.00310927          0.00641438
                  23           -0.045212          0.00100835          0.00647923
                  24           -0.033852        -0.000444167          0.00637117
                  25            0.062116          0.00205824          0.00660352
                  26           -0.065516        -0.000540769          0.00685617
                  27           -0.042764         -0.00210459          0.00678016
                  28           -0.045992           -0.003672          0.00671891
                  29           -0.023492         -0.00435545          0.00651901
                  30           -0.015236         -0.00471813          0.00630839
                  31            0.060716         -0.00260735          0.00645629
                  32            0.040364          -0.0012645          0.00639388
                  33            0.003484         -0.00112061          0.00619877
                  34           -0.006992         -0.00129329          0.00601617
                  35           -0.001612          -0.0013024          0.00584176
                  36           -0.006076           -0.001435          0.00567872
                  37            0.001112         -0.00136616          0.00552354
                  38            0.021416        -0.000766632          0.00540954
                  39             -0.0041        -0.000852103           0.0052697
                  40           -0.025712          -0.0014736          0.00517374
