                   1            0.002888            0.002888                   0
                   2           -0.000592            0.001148             0.00174
                   3           -0.005172        -0.000958667          0.00233393
                   4            0.001424           -0.000363          0.00175455
                   5             -0.0013          -0.0005504          0.00137193
                   6            -0.00154        -0.000715333          0.00113225
                   7            0.008096         0.000543429           0.0015812
                   8             -0.0017            0.000263          0.00139778
                   9            0.000164            0.000252          0.00123277
                  10           -0.004844          -0.0002576          0.00121469
                  11            0.005888         0.000301091          0.00123262
                  12            0.009436          0.00106233          0.00135853
                  13            0.003072          0.00121692          0.00125919
                  14           -0.004464         0.000811143          0.00123439
                  15             0.00846          0.00132107          0.00125721
                  16             0.01052            0.001896          0.00130903
                  17           -0.003352          0.00158729          0.00126778
                  18           -0.007236          0.00109711          0.00129188
                  19             0.00486          0.00129516          0.00123794
                  20           -0.009688            0.000746          0.00129646
                  21           -0.003256         0.000555429          0.00124782
                  22            0.002544         0.000645818          0.00119318
                  23            -0.00168         0.000544696           0.0011446
                  24            0.001256         0.000574333          0.00109627
                  25           -0.010072          0.00014848          0.00113447
                  26           -0.001896         6.98462e-05          0.00109279
                  27            0.009564         0.000421481          0.00110878
                  28           -0.001192         0.000363857             0.00107
                  29            0.005992         0.000557931          0.00105052
                  30              0.0003         0.000549333          0.00101494
                  31            0.005432         0.000706839         0.000994208
                  32           -0.009952          0.00037375          0.00101864
                  33            0.003116         0.000456848         0.000990777
                  34            -0.00332         0.000345765         0.000967593
                  35           -0.003656         0.000231429         0.000946472
                  36            0.002184         0.000285667         0.000921403
                  37            0.002208         0.000337622         0.000897659
                  38           -0.000588         0.000313263         0.000874057
                  39           -0.006592         0.000136205         0.000869567
                  40           -0.000944           0.0001092         0.000847979
                   1            0.004268            0.004268                   0
                   2           -0.000944            0.001662            0.002606
                   3           -0.005752        -0.000809333          0.00289331
                   4            0.001816           -0.000153          0.00214858
                   5           -0.000408           -0.000204          0.00166506
                   6           -0.002148           -0.000528          0.00139759
                   7            0.007736         0.000652571          0.00167001
                   8             -0.0016            0.000371          0.00147343
                   9            0.000896         0.000429333          0.00130075
                  10           -0.005704           -0.000184          0.00131519
                  11            0.004512         0.000242909          0.00126392
                  12             0.01016          0.00106933          0.00141923
                  13             0.00372          0.00127323          0.00132133
                  14           -0.004688         0.000847429           0.0012953
                  15            0.009084          0.00139653            0.001325
                  16            0.011396           0.0020215          0.00138807
                  17           -0.002272          0.00176894           0.0013281
                  18              -0.006          0.00133733          0.00132445
                  19            0.004936          0.00152674          0.00126704
                  20           -0.010552           0.0009228          0.00134521
                  21           -0.004128         0.000682286          0.00130196
                  22            0.002408         0.000760727          0.00124384
                  23           -0.002148         0.000634261          0.00119524
                  24            0.000828         0.000642333          0.00114439
                  25           -0.009988          0.00021712          0.00117714
                  26           -0.000612         0.000185231          0.00113141
                  27            0.009164         0.000517778          0.00113835
                  28           -0.000384         0.000485571          0.00109742
                  29            0.005268         0.000650483          0.00107166
                  30           -0.000844         0.000600667          0.00103652
                  31            0.004976         0.000741806          0.00101242
                  32           -0.008052            0.000467          0.00101806
                  33             0.00286         0.000539515         0.000989388
                  34           -0.002308         0.000455765         0.000963494
                  35            -0.00482         0.000305029         0.000947626
                  36            0.002752            0.000373         0.000923432
                  37            0.002284         0.000424649         0.000899611
                  38           -0.001864         0.000364421         0.000877686
                  39            -0.00652         0.000187897          0.00087292
                  40            -0.00056           0.0001692         0.000851023
