                   1           -0.381008           -0.381008                   0
                   2           -0.378696           -0.379852            0.001156
                   3           -0.380152           -0.379952         0.000674867
                   4           -0.380888           -0.380186         0.000531487
                   5           -0.377368           -0.379622         0.000697949
                   6            -0.37976           -0.379645         0.000570334
                   7           -0.377352           -0.379318         0.000582819
                   8           -0.379328           -0.379319         0.000504737
                   9            -0.38152           -0.379564         0.000507892
                  10           -0.382336           -0.379841         0.000532191
                  11           -0.382256            -0.38006         0.000529093
                  12           -0.381344           -0.380167         0.000494698
                  13           -0.380552           -0.380197         0.000456017
                  14             -0.3798           -0.380169          0.00042314
                  15           -0.381912           -0.380285         0.000410711
                  16           -0.379632           -0.380244         0.000386346
                  17           -0.380336           -0.380249         0.000362949
                  18           -0.376208           -0.380025         0.000409274
                  19           -0.383952           -0.380232         0.000438855
                  20           -0.379368           -0.380188         0.000418568
                  21           -0.379456           -0.380154         0.000399662
                  22           -0.382648           -0.380267         0.000397574
                  23           -0.377776           -0.380159         0.000395031
                  24           -0.379832           -0.380145         0.000378458
                  25            -0.37876            -0.38009         0.000367207
                  26           -0.380736           -0.380114         0.000353676
                  27           -0.381744           -0.380175         0.000345635
                  28           -0.379256           -0.380142         0.000334675
                  29           -0.378016           -0.380069         0.000331145
                  30           -0.378224           -0.380007         0.000325772
                  31            -0.37764           -0.379931         0.000324209
                  32           -0.380616           -0.379952         0.000314644
                  33           -0.378808           -0.379918         0.000306925
                  34           -0.380096           -0.379923         0.000297807
                  35           -0.380016           -0.379925         0.000289186
                  36           -0.379384            -0.37991          0.00028144
                  37             -0.3816           -0.379956         0.000277511
                  38           -0.380568           -0.379972         0.000270589
                  39           -0.379896            -0.37997         0.000263566
                  40           -0.380504           -0.379984         0.000257239
                   1            -0.38004            -0.38004                   0
                   2           -0.380416           -0.380228            0.000188
                   3           -0.380384            -0.38028         0.000120355
                   4            -0.38028            -0.38028         8.51039e-05
                   5             -0.3776           -0.379744         0.000540039
                   6           -0.379296           -0.379669         0.000447217
                   7           -0.376568           -0.379226         0.000582366
                   8           -0.379032           -0.379202         0.000504928
                   9            -0.38104           -0.379406         0.000489901
                  10            -0.38208           -0.379674         0.000513316
                  11           -0.382696           -0.379948         0.000539519
                  12           -0.379904           -0.379945         0.000492525
                  13           -0.380952           -0.380022         0.000459636
                  14            -0.37968           -0.379998         0.000426241
                  15           -0.383624           -0.380239         0.000464652
                  16             -0.3804           -0.380249         0.000434758
                  17           -0.378496           -0.380146         0.000421209
                  18            -0.37692           -0.379967         0.000435697
                  19              -0.382           -0.380074          0.00042579
                  20           -0.378608           -0.380001         0.000410537
                  21           -0.378232           -0.379917         0.000399479
                  22           -0.381128           -0.379972         0.000384849
                  23            -0.37976           -0.379962         0.000367851
                  24            -0.37952           -0.379944         0.000352672
                  25           -0.377512           -0.379847         0.000351981
                  26            -0.38024           -0.379862         0.000338511
                  27           -0.379552            -0.37985         0.000325934
                  28           -0.377664           -0.379772         0.000323639
                  29           -0.378312           -0.379722         0.000316314
                  30           -0.377664           -0.379653         0.000313193
                  31           -0.376512           -0.379552         0.000319421
                  32           -0.379936           -0.379564         0.000309511
                  33           -0.379152           -0.379552         0.000300245
                  34           -0.380976           -0.379593         0.000294278
                  35            -0.38144           -0.379646         0.000290576
                  36           -0.379608           -0.379645         0.000282391
                  37           -0.381512           -0.379696         0.000279249
                  38           -0.381312           -0.379738          0.00027511
                  39           -0.381968           -0.379795         0.000273995
                  40            -0.38052           -0.379813         0.000267671
