                   1           -0.007192           -0.007192                   0
                   2           -0.008028            -0.00761            0.000418
                   3            0.000452         -0.00492267          0.00269815
                   4            -5.2e-05           -0.003705          0.00226334
                   5             0.00586           -0.001792          0.00259484
                   6           -0.000528         -0.00158133          0.00212913
                   7            0.007948            -0.00022          0.00225637
                   8             -0.0049           -0.000805          0.00203976
                   9             0.00452        -0.000213333          0.00189371
                  10             0.01426            0.001234          0.00222793
                  11           -0.008136         0.000382182          0.00218787
                  12           -0.010532        -0.000527333          0.00219458
                  13            0.008448         0.000163077          0.00213352
                  14            0.000344            0.000176           0.0019753
                  15            0.003188           0.0003768          0.00184983
                  16            0.003548            0.000575          0.00174168
                  17            0.000932            0.000596          0.00163615
                  18           -0.005156         0.000276444          0.00157533
                  19           -0.021808        -0.000885895          0.00188983
                  20            0.006884          -0.0004974          0.00183446
                  21            -0.01472         -0.00117467          0.00187175
                  22            0.016956        -0.000350545          0.00196574
                  23           -0.001308        -0.000392174          0.00187879
                  24           -0.010816          -0.0008265           0.0018505
                  25            0.006544         -0.00053168          0.00179925
                  26            0.006512        -0.000260769          0.00174976
                  27             0.00524         -5.7037e-05          0.00169599
                  28           -0.004232        -0.000206143          0.00164109
                  29           -0.011412        -0.000592552          0.00162995
                  30           -0.010284          -0.0009156          0.00160748
                  31           -0.016864         -0.00143006          0.00163767
                  32             0.00574           -0.001206          0.00160142
                  33            0.001332         -0.00112909          0.00155403
                  34           -0.005544         -0.00125894          0.00151322
                  35           -0.005256         -0.00137314          0.00147378
                  36           -0.026964           -0.002084          0.00159896
                  37           -0.013808         -0.00240086           0.0015871
                  38            0.006232         -0.00217368          0.00156138
                  39           -0.008212         -0.00232851          0.00152868
                  40           -0.022548           -0.002834          0.00157338
                   1            0.008512            0.008512                   0
                   2              0.0084            0.008456             5.6e-05
                   3           -0.000164          0.00558267          0.00287352
                   4           -0.001268             0.00387           0.0026574
                   5           -0.005652           0.0019656          0.00280425
                   6             7.6e-05          0.00165067          0.00231122
                   7           -0.007296         0.000372571          0.00233432
                   8            0.004736            0.000918          0.00209387
                   9           -0.004468         0.000319556          0.00194117
                  10           -0.013528          -0.0010652          0.00222082
                  11             0.00924        -0.000128364          0.00221652
                  12            0.010628            0.000768          0.00221306
                  13           -0.008136         8.30769e-05          0.00214785
                  14            0.000116         8.54286e-05          0.00198852
                  15           -0.002476        -8.53333e-05          0.00185907
                  16            -0.00412          -0.0003375          0.00175719
                  17             -0.0009        -0.000370588          0.00165093
                  18            0.005728        -3.17778e-05          0.00159296
                  19            0.020672          0.00105789          0.00185951
                  20           -0.007448           0.0006326          0.00181463
                  21            0.013264           0.0012341          0.00182786
                  22           -0.016364         0.000434182           0.0019176
                  23            0.001052         0.000461043          0.00183253
                  24            0.011252         0.000910667          0.00181121
                  25           -0.006468          0.00061552          0.00176214
                  26             -0.0069         0.000326462          0.00171751
                  27           -0.004916         0.000132296          0.00166404
                  28            0.004192         0.000277286          0.00161005
                  29            0.012316         0.000692414          0.00160805
                  30            0.010948          0.00103427          0.00159069
                  31            0.016296          0.00152658          0.00161537
                  32           -0.004796            0.001329          0.00157651
                  33           -0.002684          0.00120739          0.00153282
                  34            0.005296          0.00132765          0.00149191
                  35             0.00578          0.00145486          0.00145423
                  36            0.026116          0.00213989          0.00157053
                  37             0.01344           0.0024453          0.00155773
                  38           -0.005512          0.00223589          0.00153057
                  39            0.007176          0.00236256          0.00149618
                  40            0.022152           0.0028573          0.00153993
