                   1             13.9521             13.9521                   0
                   2             16.3697             15.1609             1.20877
                   3             15.0602             15.1273            0.698693
                   4             14.6788             15.0152            0.506615
                   5             14.4274             14.8976            0.409655
                   6             14.9672             14.9092            0.334683
                   7             15.1236             14.9399            0.284511
                   8             16.3479             15.1159            0.302803
                   9             15.6517             15.1754            0.273604
                  10             14.0312              15.061            0.270149
                  11             14.5055             15.0105            0.249522
                  12             15.3657             15.0401            0.229697
                  13              13.342             14.9095            0.248406
                  14             16.2355             15.0042            0.248719
                  15             12.3904             14.8299            0.289788
                  16             17.5269             14.9985            0.319206
                  17             16.5876              15.092            0.314074
                  18             14.6083             15.0651            0.297329
                  19             13.8897             15.0032            0.287969
                  20             13.8499             14.9456            0.279211
                  21             13.7615             14.8892            0.271501
                  22               15.36             14.9106             0.25975
                  23             13.7788             14.8614             0.25303
                  24             15.4618             14.8864            0.243546
                  25             18.4452             15.0287            0.273558
                  26              15.833             15.0597             0.26464
                  27             17.4857             15.1495            0.270037
                  28             14.6338             15.1311            0.260865
                  29             16.8512             15.1904            0.258603
                  30             15.7804             15.2101            0.250607
                  31             13.2904             15.1482            0.250174
                  32             12.5356             15.0665            0.255618
                  33             11.7451             14.9659            0.267415
                  34             14.4331             14.9502            0.259903
                  35             13.5441               14.91            0.255546
                  36             15.5845             14.9288            0.249052
                  37             16.5684             14.9731            0.246247
                  38             10.8847             14.8655             0.26272
                  39              14.162             14.8475             0.25653
                  40             14.7252             14.8444            0.250053
                   1             14.0411             14.0411                   0
                   2             16.3798             15.2104             1.16935
                   3              15.083              15.168            0.676457
                   4             14.6807             15.0461            0.493597
                   5             14.4539             14.9277            0.400262
                   6             14.9643             14.9338             0.32687
                   7             15.0978             14.9572            0.277247
                   8             16.3368             15.1297            0.295614
                   9             15.6668             15.1894             0.26745
                  10             14.0164             15.0721            0.266424
                  11             14.4911             15.0192            0.246709
                  12             15.3653             15.0481            0.227051
                  13             13.3632             14.9185            0.245801
                  14             16.2652             15.0147            0.247064
                  15             12.4198             14.8417            0.287798
                  16             17.5523             15.0111            0.318081
                  17             16.5762             15.1032            0.312648
                  18             14.5962              15.075             0.29611
                  19             13.9088             15.0136            0.286738
                  20             13.8778             14.9568            0.277889
                  21             13.7526             14.8995            0.270474
                  22             15.3215             14.9187            0.258599
                  23             13.7821             14.8693            0.251993
                  24             15.5052             14.8958            0.242716
                  25             18.4786             15.0391            0.273381
                  26             15.8501             15.0703            0.264502
                  27             17.5166             15.1609            0.270164
                  28              14.658             15.1429            0.260955
                  29              16.849             15.2017            0.258577
                  30             15.7683             15.2206            0.250522
                  31             13.3007             15.1587            0.250096
                  32             12.5519             15.0772            0.255489
                  33             11.7531             14.9765            0.267331
                  34             14.4559             14.9612            0.259801
                  35             13.5563              14.921            0.255442
                  36             15.5969             14.9398            0.248954
                  37             16.5587             14.9836            0.246054
                  38             10.8915             14.8759            0.262588
                  39              14.146             14.8572             0.25645
                  40             14.7236             14.8538            0.249979
