                   1            0.180917            0.180917                   0
                   2            0.184273            0.182595          0.00167816
                   3            0.182808            0.182666         0.000971469
                   4            0.182351            0.182587         0.000691424
                   5            0.178405            0.181751         0.000993215
                   6            0.181647            0.181734         0.000811141
                   7            0.185394            0.182257         0.000862232
                   8            0.182352            0.182269         0.000746811
                   9            0.183615            0.182418           0.0006754
                  10             0.18392            0.182568         0.000622477
                  11            0.185862            0.182868         0.000637722
                  12            0.184218             0.18298         0.000592933
                  13            0.184963            0.183133         0.000566349
                  14            0.186878              0.1834         0.000588651
                  15            0.187269            0.183658         0.000605664
                  16            0.184002             0.18368         0.000566954
                  17            0.176194            0.183239         0.000691022
                  18            0.182026            0.183172         0.000654978
                  19            0.184888            0.183262         0.000626095
                  20            0.186534            0.183426         0.000616087
                  21            0.187481            0.183619         0.000617003
                  22            0.184077             0.18364         0.000588658
                  23            0.179401            0.183456         0.000591908
                  24            0.179541            0.183292         0.000589714
                  25            0.180614            0.183185          0.00057569
                  26             0.18055            0.183084         0.000562316
                  27            0.180814               0.183         0.000547582
                  28            0.180185            0.182899         0.000537154
                  29            0.179977            0.182799         0.000528005
                  30            0.186974            0.182938         0.000528749
                  31            0.184273            0.182981         0.000513221
                  32            0.175589             0.18275         0.000547988
                  33            0.184792            0.182812         0.000534716
                  34            0.179104            0.182703         0.000530086
                  35            0.184015             0.18274         0.000516081
                  36            0.180859            0.182688         0.000504255
                  37             0.18188            0.182666         0.000490923
                  38            0.177264            0.182524         0.000498525
                  39            0.180516            0.182472         0.000488296
                  40            0.177869            0.182357         0.000489647
                   1            0.180891            0.180891                   0
                   2            0.178208             0.17955          0.00134173
                   3            0.183068            0.180722          0.00140553
                   4            0.183199            0.181341          0.00117093
                   5            0.180009            0.181075         0.000945357
                   6            0.183779            0.181526         0.000893803
                   7            0.183142            0.181756         0.000789901
                   8            0.182838            0.181892         0.000697305
                   9            0.180819            0.181772         0.000626413
                  10            0.186101            0.182205         0.000707993
                  11            0.181659            0.182156         0.000642329
                  12            0.182073            0.182149         0.000586404
                  13            0.185993            0.182444         0.000615141
                  14            0.184339             0.18258         0.000585371
                  15            0.185779            0.182793         0.000585197
                  16            0.181287            0.182699         0.000555432
                  17            0.177982            0.182421         0.000590921
                  18            0.184561             0.18254         0.000569671
                  19             0.18432            0.182634         0.000546932
                  20            0.185448            0.182775         0.000537599
                  21            0.181775            0.182727         0.000513571
                  22            0.182813            0.182731         0.000489686
                  23            0.182236            0.182709         0.000468405
                  24            0.178451            0.182532         0.000482284
                  25            0.180309            0.182443         0.000471059
                  26            0.182512            0.182446         0.000452587
                  27            0.180231            0.182364          0.00044316
                  28            0.187851             0.18256         0.000469855
                  29            0.183105            0.182578         0.000453753
                  30            0.187561            0.182745          0.00046878
                  31            0.182855            0.182748          0.00045342
                  32            0.175015            0.182506         0.000501133
                  33            0.185199            0.182588         0.000492518
                  34            0.178575             0.18247         0.000492171
                  35            0.183574            0.182502         0.000478942
                  36            0.181099            0.182463         0.000467077
                  37            0.184847            0.182527         0.000458825
                  38            0.180381            0.182471         0.000450145
                  39            0.177262            0.182337         0.000458338
                  40              0.1807            0.182296         0.000448604
