                   1            0.137484            0.137484                   0
                   2            0.134998            0.136241          0.00124306
                   3            0.133286            0.135256          0.00121875
                   4            0.136823            0.135648         0.000946632
                   5            0.135299            0.135578         0.000736564
                   6            0.137021            0.135819         0.000647688
                   7            0.135847            0.135823         0.000547411
                   8            0.139317            0.136259         0.000644588
                   9            0.134177            0.136028         0.000613771
                  10            0.134054            0.135831         0.000583379
                  11            0.135148            0.135769         0.000531325
                  12            0.135087            0.135712         0.000488346
                  13            0.136515            0.135774         0.000453439
                  14            0.136317            0.135812         0.000421594
                  15            0.137691            0.135938         0.000411982
                  16            0.136129             0.13595         0.000385561
                  17            0.138126            0.136078         0.000384142
                  18            0.135934             0.13607         0.000362261
                  19            0.138033            0.136173         0.000357908
                  20            0.134087            0.136069         0.000355199
                  21             0.13641            0.136085         0.000338252
                  22             0.13704            0.136128         0.000325416
                  23            0.135743            0.136112         0.000311398
                  24            0.134413            0.136041          0.00030643
                  25            0.138973            0.136158          0.00031645
                  26            0.139377            0.136282         0.000328283
                  27             0.13713            0.136313         0.000317449
                  28            0.138893            0.136405          0.00031948
                  29            0.136473            0.136408         0.000308275
                  30            0.138399            0.136474         0.000305129
                  31            0.138828             0.13655         0.000304732
                  32            0.134784            0.136495         0.000300175
                  33            0.137893            0.136537         0.000294007
                  34            0.136863            0.136547         0.000285389
                  35            0.135455            0.136516         0.000278866
                  36            0.138711            0.136577         0.000277783
                  37            0.133955            0.136506         0.000279311
                  38            0.134287            0.136447         0.000278058
                  39            0.137024            0.136462         0.000271238
                  40            0.132332            0.136359         0.000283818
                   1            0.134541            0.134541                   0
                   2            0.136288            0.135414         0.000873554
                   3             0.13636            0.135729         0.000594712
                   4            0.135119            0.135577         0.000447387
                   5            0.135987            0.135659         0.000356132
                   6            0.139337            0.136272         0.000678464
                   7            0.134994            0.136089         0.000601747
                   8            0.138778            0.136425         0.000620085
                   9            0.136296            0.136411         0.000547052
                  10            0.136961            0.136466         0.000492382
                  11            0.135619            0.136389          0.00045198
                  12            0.135306            0.136299         0.000422353
                  13            0.137088             0.13636         0.000393227
                  14            0.133698            0.136169         0.000410716
                  15            0.136422            0.136186         0.000382727
                  16             0.13788            0.136292         0.000373336
                  17            0.138135            0.136401         0.000367058
                  18            0.137378            0.136455         0.000350301
                  19             0.13872            0.136574         0.000352146
                  20            0.138399            0.136665         0.000346306
                  21            0.134224            0.136549         0.000349316
                  22            0.135299            0.136492         0.000337875
                  23            0.136867            0.136509         0.000323262
                  24            0.135571            0.136469         0.000311957
                  25            0.139212            0.136579         0.000318694
                  26            0.139806            0.136703         0.000330392
                  27            0.140548            0.136846         0.000348345
                  28            0.139717            0.136948         0.000350989
                  29            0.135818            0.136909         0.000340903
                  30            0.137055            0.136914         0.000329379
                  31            0.137626            0.136937         0.000319402
                  32            0.135122             0.13688         0.000314419
                  33            0.140333            0.136985         0.000322207
                  34            0.136891            0.136982         0.000312599
                  35            0.134726            0.136918         0.000310303
                  36            0.137842            0.136943         0.000302651
                  37            0.134379            0.136874         0.000302406
                  38            0.136808            0.136872         0.000294346
                  39            0.135895            0.136847         0.000287793
                  40              0.1333            0.136759         0.000294194
