                   1             2.83434             2.83434                   0
                   2             2.87368             2.85401           0.0196698
                   3             3.04658              2.9182           0.0651883
                   4             2.86232             2.90423           0.0481652
                   5             2.85538             2.89446           0.0385665
                   6             2.88198             2.89238           0.0315581
                   7             3.11387             2.92402           0.0413823
                   8             2.89131             2.91993           0.0360706
                   9             2.89941             2.91765           0.0318929
                  10             2.84157             2.91004           0.0295232
                  11             2.94734             2.91344           0.0269191
                  12             3.01245             2.92169            0.025922
                  13             2.99216             2.92711           0.0244532
                  14              2.9429             2.92824           0.0226673
                  15             2.90335             2.92658           0.0211673
                  16             3.17837             2.94231           0.0252925
                  17             3.11105             2.95224           0.0257483
                  18             2.92244             2.95058           0.0243321
                  19             2.97878             2.95207           0.0230637
                  20              3.1145             2.96019           0.0233387
                  21             2.64973             2.94541           0.0266718
                  22             3.30524             2.96176           0.0302363
                  23             3.02643             2.96457           0.0290283
                  24             2.88364              2.9612           0.0279963
                  25              2.9189             2.95951           0.0269063
                  26             2.94668             2.95902           0.0258555
                  27              2.8469             2.95486           0.0252236
                  28             2.95631             2.95491           0.0243061
                  29             3.00404             2.95661           0.0235141
                  30             2.97435              2.9572           0.0227244
                  31             2.99124              2.9583           0.0220066
                  32             3.14856             2.96424           0.0221218
                  33             2.71369             2.95665           0.0227455
                  34             2.78509             2.95161            0.022636
                  35             2.96579             2.95201           0.0219835
                  36             3.01722             2.95382           0.0214408
                  37             2.90663             2.95255           0.0208922
                  38              2.8636             2.95021           0.0204693
                  39             3.12109             2.95459           0.0204133
                  40              2.8288             2.95144           0.0201434
                   1               2.847               2.847                   0
                   2             2.87396             2.86048           0.0134798
                   3             3.04187             2.92094           0.0609617
                   4             2.87665             2.90987           0.0445058
                   5             2.84667             2.89723           0.0367181
                   6             2.85618             2.89039           0.0307507
                   7              3.1164             2.92267           0.0414481
                   8             2.88087             2.91745           0.0362735
                   9             2.89268              2.9147           0.0321084
                  10             2.83574              2.9068           0.0297842
                  11             2.94164             2.90997           0.0271263
                  12             2.99436               2.917            0.025742
                  13             3.01061              2.9242           0.0247498
                  14             2.94563             2.92573           0.0229649
                  15             2.89646             2.92378           0.0214681
                  16             3.18606             2.94017           0.0259225
                  17             3.10107             2.94964           0.0261247
                  18             2.93368             2.94875           0.0246465
                  19               2.996             2.95124           0.0234455
                  20             3.11068             2.95921           0.0236279
                  21             2.65287             2.94462           0.0267937
                  22             3.31867             2.96162           0.0306872
                  23                3.01             2.96373            0.029398
                  24             2.87217             2.95991           0.0284038
                  25             2.89358             2.95726           0.0273729
                  26             2.94804              2.9569           0.0263014
                  27             2.84676             2.95282           0.0256352
                  28             2.96628              2.9533           0.0247074
                  29             3.00821              2.9552           0.0239153
                  30             2.94776             2.95495           0.0231057
                  31             2.97649             2.95565           0.0223587
                  32             3.16566             2.96221           0.0226217
                  33             2.74111             2.95551           0.0229262
                  34             2.78544             2.95051           0.0227972
                  35             2.94768             2.95043           0.0221364
                  36             3.01825             2.95231           0.0215951
                  37              2.9203             2.95144           0.0210211
                  38             2.86729             2.94923             0.02058
                  39             3.14073             2.95414            0.020638
                  40             2.83188             2.95108           0.0203463
