                   1            -0.46276            -0.46276                   0
                   2            -0.46348            -0.46312             0.00036
                   3           -0.462848           -0.463029         0.000226761
                   4           -0.461072            -0.46254         0.000514934
                   5           -0.460328           -0.462098         0.000595661
                   6           -0.463504           -0.462332         0.000539893
                   7           -0.460672           -0.462095         0.000514237
                   8           -0.461528           -0.462024         0.000450944
                   9           -0.465048            -0.46236         0.000520632
                  10           -0.461432           -0.462267         0.000474824
                  11           -0.464152           -0.462439         0.000462412
                  12           -0.459704           -0.462211         0.000479704
                  13           -0.460728           -0.462097         0.000455765
                  14           -0.459704           -0.461926         0.000455252
                  15           -0.462384           -0.461956         0.000424916
                  16            -0.46116           -0.461906         0.000400576
                  17           -0.462624           -0.461949         0.000378635
                  18           -0.460928           -0.461892         0.000361457
                  19            -0.46592           -0.462104         0.000402296
                  20            -0.46144           -0.462071         0.000383093
                  21           -0.459568           -0.461952         0.000383389
                  22           -0.463024              -0.462         0.000368783
                  23           -0.461624           -0.461984         0.000352764
                  24            -0.46008           -0.461905         0.000346938
                  25           -0.463808           -0.461981         0.000341369
                  26           -0.462728            -0.46201         0.000329234
                  27           -0.463328           -0.462058         0.000320546
                  28           -0.462856           -0.462087         0.000310197
                  29           -0.461112           -0.462053         0.000301191
                  30            -0.46032           -0.461995         0.000296659
                  31           -0.461128           -0.461967         0.000288291
                  32           -0.462208           -0.461975         0.000279238
                  33           -0.460056           -0.461917          0.00027682
                  34           -0.461464           -0.461904         0.000268885
                  35           -0.461784             -0.4619         0.000261112
                  36           -0.465224           -0.461992         0.000270031
                  37           -0.460664           -0.461957         0.000265074
                  38             -0.4628           -0.461979         0.000258957
                  39           -0.463128           -0.462008         0.000253946
                  40            -0.45976           -0.461952         0.000253817
                   1           -0.461952           -0.461952                   0
                   2           -0.464896           -0.463424            0.001472
                   3           -0.463696           -0.463515         0.000854682
                   4           -0.461256            -0.46295         0.000827097
                   5           -0.460656           -0.462491         0.000788004
                   6           -0.462304            -0.46246         0.000644159
                   7            -0.46064             -0.4622         0.000603313
                   8           -0.460064           -0.461933         0.000586753
                   9           -0.465376           -0.462316         0.000643522
                  10           -0.459928           -0.462077         0.000623138
                  11           -0.465848            -0.46242         0.000659725
                  12           -0.460384            -0.46225         0.000625679
                  13           -0.460768           -0.462136         0.000586723
                  14            -0.45932           -0.461935         0.000579245
                  15           -0.462536           -0.461975         0.000540735
                  16            -0.46132           -0.461934         0.000507465
                  17           -0.462152           -0.461947         0.000476852
                  18           -0.462384           -0.461971         0.000450236
                  19           -0.463952           -0.462075         0.000438457
                  20           -0.459528           -0.461948          0.00043502
                  21           -0.460096            -0.46186          0.00042308
                  22           -0.462176           -0.461874         0.000403647
                  23           -0.461048           -0.461838         0.000387367
                  24            -0.45992           -0.461758         0.000379391
                  25           -0.462016           -0.461769         0.000364045
                  26            -0.46136           -0.461753         0.000350116
                  27            -0.46352           -0.461818         0.000343197
                  28            -0.46216           -0.461831         0.000330938
                  29            -0.46168           -0.461825         0.000319365
                  30           -0.459456           -0.461746         0.000318484
                  31           -0.459824           -0.461684         0.000314219
                  32           -0.462264           -0.461703          0.00030478
                  33           -0.458736           -0.461613         0.000308775
                  34           -0.462456           -0.461637         0.000300581
                  35           -0.462272           -0.461656         0.000292429
                  36           -0.463272             -0.4617         0.000287716
                  37            -0.46112           -0.461685         0.000280271
                  38           -0.463472           -0.461732          0.00027682
                  39           -0.465904           -0.461839         0.000290077
                  40            -0.46008           -0.461795          0.00028613
