                   1            -0.93268            -0.93268                   0
                   2            -0.93672             -0.9347             0.00202
                   3           -0.935992           -0.935131          0.00124322
                   4           -0.937592           -0.935746          0.00107305
                   5           -0.927376           -0.934072          0.00186899
                   6           -0.937848           -0.934701           0.0016507
                   7           -0.934528           -0.934677          0.00139532
                   8           -0.933648           -0.934548           0.0012152
                   9           -0.931152           -0.934171          0.00113619
                  10           -0.935592           -0.934313          0.00102613
                  11           -0.937944           -0.934643         0.000985128
                  12           -0.946128             -0.9356           0.0013133
                  13           -0.942328           -0.936118          0.00131425
                  14            -0.93548           -0.936072          0.00121761
                  15           -0.936872           -0.936125          0.00113479
                  16           -0.944056           -0.936621          0.00117152
                  17           -0.942976           -0.936995          0.00116221
                  18           -0.924736           -0.936314          0.00129015
                  19            -0.92972           -0.935967          0.00126874
                  20            -0.93404            -0.93587          0.00120748
                  21           -0.938368           -0.935989          0.00115469
                  22           -0.932032           -0.935809          0.00111555
                  23            -0.94684           -0.936289          0.00116886
                  24           -0.942024           -0.936528          0.00114433
                  25           -0.928472           -0.936206          0.00114393
                  26           -0.929352           -0.935942          0.00113022
                  27           -0.945776           -0.936306          0.00114692
                  28            -0.93532           -0.936271          0.00110576
                  29           -0.926896           -0.935948          0.00111485
                  30           -0.937504              -0.936           0.0010783
                  31            -0.93328           -0.935912          0.00104662
                  32           -0.937384           -0.935958          0.00101443
                  33           -0.927456             -0.9357           0.0010164
                  34           -0.931696           -0.935583         0.000993063
                  35           -0.930808           -0.935446         0.000973875
                  36           -0.936128           -0.935465         0.000946625
                  37           -0.937016           -0.935507         0.000921639
                  38           -0.941592           -0.935667         0.000911238
                  39           -0.938624           -0.935743         0.000890798
                  40           -0.928048           -0.935551         0.000889299
                   1           -0.934544           -0.934544                   0
                   2           -0.936448           -0.935496            0.000952
                   3           -0.936016           -0.935669         0.000576321
                   4           -0.937544           -0.936138         0.000621065
                   5           -0.927416           -0.934394          0.00180952
                   6           -0.937688           -0.934943          0.00157619
                   7           -0.934536           -0.934885          0.00133339
                   8           -0.933784           -0.934747          0.00116292
                   9            -0.93116           -0.934348          0.00110032
                  10           -0.935568            -0.93447          0.00099168
                  11           -0.937976           -0.934789         0.000951939
                  12           -0.946448           -0.935761           0.0013035
                  13           -0.942496           -0.936279          0.00130619
                  14           -0.935448           -0.936219          0.00121076
                  15           -0.936816           -0.936259          0.00112785
                  16           -0.943864           -0.936734          0.00115713
                  17           -0.942976           -0.937102          0.00114727
                  18           -0.924856           -0.936421          0.00127781
                  19           -0.929832           -0.936075          0.00125746
                  20           -0.934296           -0.935986          0.00119624
                  21           -0.938104           -0.936086          0.00114232
                  22           -0.932152           -0.935908          0.00110374
                  23           -0.946872           -0.936384           0.0011574
                  24           -0.942168           -0.936625          0.00113402
                  25           -0.928552           -0.936302          0.00113464
                  26           -0.929464           -0.936039          0.00112141
                  27           -0.945848           -0.936403          0.00113859
                  28           -0.935408           -0.936367          0.00109774
                  29           -0.927168            -0.93605          0.00110569
                  30           -0.937384           -0.936094          0.00106913
                  31           -0.933008           -0.935995          0.00103885
                  32           -0.937264           -0.936034          0.00100664
                  33           -0.927392           -0.935773           0.0010102
                  34           -0.931768           -0.935655         0.000987088
                  35           -0.930808           -0.935516         0.000968423
                  36           -0.936088           -0.935532         0.000941272
                  37            -0.93724           -0.935578         0.000916642
                  38           -0.941584           -0.935736         0.000906083
                  39            -0.93876           -0.935814         0.000885943
                  40           -0.927824           -0.935614         0.000886313
