                   1            0.190663            0.190663                   0
                   2            0.181596             0.18613          0.00453379
                   3            0.186723            0.186327          0.00262505
                   4            0.183261            0.185561          0.00200825
                   5            0.186821            0.185813          0.00157587
                   6            0.184296             0.18556          0.00131129
                   7            0.180245            0.184801          0.00134339
                   8            0.185041            0.184831          0.00116379
                   9            0.179536            0.184242          0.00118304
                  10            0.184179            0.184236          0.00105816
                  11            0.184936              0.1843         0.000959255
                  12            0.183135            0.184203         0.000881037
                  13            0.183212            0.184127         0.000814009
                  14            0.180523            0.183869         0.000796368
                  15            0.185427            0.183973         0.000748617
                  16            0.189332            0.184308         0.000776254
                  17            0.179875            0.184047         0.000774396
                  18            0.183742             0.18403         0.000730305
                  19            0.185279            0.184096         0.000693921
                  20             0.18174            0.183978         0.000668771
                  21            0.181811            0.183875         0.000644444
                  22            0.185709            0.183958          0.00062008
                  23            0.183183            0.183925         0.000593465
                  24            0.184946            0.183967         0.000569789
                  25             0.18229              0.1839         0.000550622
                  26            0.186528            0.184001         0.000538592
                  27            0.182424            0.183943         0.000521543
                  28            0.183355            0.183922          0.00050301
                  29            0.183571             0.18391         0.000485506
                  30            0.179115             0.18375         0.000495527
                  31            0.182839             0.18372         0.000480175
                  32            0.183013            0.183698         0.000465453
                  33            0.182556            0.183664         0.000452454
                  34             0.18232            0.183624         0.000440719
                  35            0.180081            0.183523         0.000439753
                  36            0.180767            0.183446         0.000434166
                  37            0.186206            0.183521         0.000428804
                  38            0.176576            0.183338         0.000455632
                  39            0.185115            0.183384         0.000446127
                  40            0.179369            0.183283         0.000446266
                   1             0.18966             0.18966                   0
                   2            0.182252            0.185956          0.00370395
                   3            0.182191            0.184701          0.00247949
                   4            0.178876            0.183245          0.00227917
                   5            0.182988            0.183193          0.00176619
                   6            0.178158            0.182354          0.00166852
                   7            0.181568            0.182242          0.00141463
                   8            0.185804            0.182687          0.00130353
                   9            0.180506            0.182445          0.00117488
                  10             0.18601            0.182801          0.00110967
                  11            0.181102            0.182647          0.00101556
                  12            0.180448            0.182464         0.000945011
                  13            0.183314            0.182529         0.000871742
                  14            0.183243             0.18258         0.000808684
                  15            0.179495            0.182374         0.000780436
                  16            0.185569            0.182574         0.000756841
                  17            0.188227            0.182906         0.000784856
                  18            0.183316            0.182929         0.000740319
                  19            0.184489            0.183011         0.000705065
                  20            0.181613            0.182941         0.000672527
                  21            0.181928            0.182893         0.000641518
                  22            0.187117            0.183085         0.000641089
                  23            0.182883            0.183076         0.000612645
                  24            0.184163            0.183122         0.000588308
                  25            0.178155            0.182923         0.000598232
                  26            0.181755            0.182878         0.000576514
                  27            0.181089            0.182812         0.000558694
                  28             0.18535            0.182902         0.000545951
                  29            0.188165            0.183084          0.00055717
                  30            0.179667             0.18297         0.000550194
                  31            0.182096            0.182942         0.000532897
                  32            0.183886            0.182971         0.000516819
                  33            0.179535            0.182867         0.000511624
                  34            0.181133            0.182816          0.00049896
                  35            0.183502            0.182836         0.000484891
                  36            0.184401            0.182879          0.00047323
                  37            0.187216            0.182996         0.000474949
                  38            0.177353            0.182848          0.00048555
                  39            0.180946            0.182799         0.000475443
                  40            0.179505            0.182717         0.000470667
