                   1             -0.6156             -0.6156                   0
                   2           -0.616906           -0.616253          0.00065268
                   3           -0.611857           -0.614788          0.00151287
                   4             -0.6107           -0.613766          0.00147944
                   5           -0.613335            -0.61368          0.00114919
                   6           -0.617901           -0.614383          0.00117281
                   7           -0.617178           -0.614782          0.00106857
                   8           -0.617701           -0.615147         0.000994717
                   9           -0.616242           -0.615269         0.000885658
                  10           -0.614055           -0.615148         0.000801407
                  11           -0.614818           -0.615118         0.000725519
                  12           -0.616035           -0.615194         0.000666707
                  13           -0.616038           -0.615259         0.000616708
                  14           -0.614289            -0.61519         0.000575151
                  15           -0.613951           -0.615107          0.00054177
                  16           -0.615581           -0.615137         0.000507645
                  17           -0.613389           -0.615034         0.000487801
                  18           -0.614162           -0.614985          0.00046245
                  19           -0.617592           -0.615123         0.000458441
                  20           -0.617346           -0.615234         0.000448897
                  21           -0.616735           -0.615305         0.000432932
                  22           -0.614334           -0.615261         0.000415141
                  23           -0.615648           -0.615278         0.000397037
                  24           -0.617516           -0.615371          0.00039141
                  25           -0.616371           -0.615411          0.00037755
                  26           -0.614533           -0.615377         0.000364307
                  27           -0.610658           -0.615203         0.000391708
                  28           -0.616716           -0.615257         0.000381309
                  29           -0.615809           -0.615276         0.000368419
                  30           -0.613894            -0.61523         0.000358896
                  31           -0.614834           -0.615217          0.00034736
                  32           -0.614564           -0.615197         0.000336949
                  33           -0.614701           -0.615182         0.000326923
                  34           -0.612229           -0.615095         0.000328835
                  35           -0.617468           -0.615162          0.00032642
                  36           -0.615786            -0.61518         0.000317697
                  37           -0.615701           -0.615194         0.000309312
                  38           -0.614453           -0.615174         0.000301693
                  39           -0.614385           -0.615154         0.000294551
                  40           -0.614167           -0.615129         0.000288152
                   1           -0.615246           -0.615246                   0
                   2           -0.615932           -0.615589            0.000343
                   3           -0.611974           -0.614384          0.00122106
                   4           -0.611101           -0.613563          0.00119131
                   5           -0.613338           -0.613518         0.000923885
                   6           -0.618117           -0.614284          0.00107543
                   7           -0.617305           -0.614716          0.00100613
                   8           -0.616579           -0.614949         0.000901935
                   9           -0.618501           -0.615344         0.000887979
                  10           -0.613236           -0.615133         0.000821727
                  11           -0.615173           -0.615136         0.000743289
                  12           -0.616416           -0.615243         0.000686848
                  13            -0.61584           -0.615289         0.000633475
                  14           -0.615174           -0.615281         0.000586541
                  15           -0.613742           -0.615178         0.000555597
                  16           -0.616595           -0.615267         0.000527206
                  17           -0.613088           -0.615139         0.000511544
                  18           -0.614833           -0.615122         0.000482587
                  19           -0.618258           -0.615287         0.000485418
                  20           -0.618151            -0.61543         0.000482271
                  21           -0.616573           -0.615484         0.000461948
                  22            -0.61472            -0.61545         0.000441817
                  23           -0.616016           -0.615474         0.000422889
                  24           -0.617856           -0.615573         0.000416873
                  25           -0.616246             -0.6156         0.000400755
                  26           -0.614366           -0.615553          0.00038795
                  27           -0.611639           -0.615408         0.000400467
                  28           -0.616444           -0.615445         0.000387669
                  29           -0.614804           -0.615423         0.000374714
                  30           -0.614282           -0.615385         0.000363998
                  31           -0.614903           -0.615369         0.000352404
                  32           -0.615338           -0.615368         0.000341215
                  33            -0.61466           -0.615347         0.000331409
                  34           -0.611659           -0.615238         0.000339314
                  35           -0.617882           -0.615314         0.000338024
                  36           -0.615774           -0.615327         0.000328749
                  37           -0.616075           -0.615347         0.000320379
                  38           -0.613676           -0.615303         0.000314921
                  39           -0.613892           -0.615267         0.000308865
                  40           -0.612873           -0.615207         0.000306934
