                   1             0.28696             0.28696                   0
                   2             0.32006             0.30351             0.01655
                   3            0.290552            0.299191           0.0104861
                   4            0.251904            0.287369           0.0139546
                   5            0.256276             0.28115           0.0124703
                   6            0.321012            0.287794           0.0121577
                   7            0.281552            0.286902           0.0103138
                   8            0.358492            0.295851           0.0126436
                   9              0.3008            0.296401           0.0111641
                  10            0.333168            0.300078           0.0106409
                  11            0.341456            0.303839            0.010334
                  12            0.262436            0.300389           0.0100448
                  13            0.321896            0.302043          0.00938679
                  14             0.18272             0.29352           0.0121724
                  15            0.177304            0.285773           0.0137273
                  16            0.273204            0.284987           0.0128647
                  17            0.341552            0.288314            0.012534
                  18             0.30756            0.289384           0.0118655
                  19            0.250248            0.287324           0.0114111
                  20            0.249424            0.285429           0.0109901
                  21            0.252304            0.283851            0.010572
                  22            0.311232            0.285096           0.0101565
                  23             0.27654            0.284724          0.00971204
                  24            0.247748            0.283183          0.00942534
                  25            0.259092             0.28222          0.00909169
                  26            0.271724            0.281816          0.00874433
                  27            0.266732            0.281257          0.00843276
                  28            0.256596            0.280377          0.00817361
                  29            0.273788            0.280149          0.00788999
                  30            0.250884            0.279174          0.00768463
                  31            0.301704            0.279901          0.00746805
                  32            0.363956            0.282527          0.00769323
                  33            0.264308            0.281975          0.00747687
                  34            0.259212            0.281306          0.00728446
                  35             0.35446            0.283396          0.00737562
                  36            0.274504            0.283149          0.00717207
                  37            0.247536            0.282186          0.00704163
                  38            0.372616            0.284566           0.0072552
                  39             0.28876            0.284674          0.00706754
                  40            0.283876            0.284654          0.00688861
                   1             0.28692             0.28692                   0
                   2            0.320392            0.303656            0.016736
                   3            0.291896            0.299736           0.0104274
                   4             0.25212            0.287832           0.0140025
                   5            0.256336            0.281533           0.0125428
                   6            0.319684            0.287891           0.0120546
                   7            0.282992            0.287191            0.010212
                   8            0.358076            0.296052           0.0125189
                   9            0.301472            0.296654           0.0110571
                  10            0.333344            0.300323           0.0105484
                  11            0.341692            0.304084           0.0102558
                  12            0.261668            0.300549           0.0100072
                  13            0.321752             0.30218          0.00934869
                  14            0.182884            0.293659           0.0121459
                  15            0.176956            0.285879           0.0137253
                  16            0.273536            0.285107            0.012862
                  17            0.341472            0.288423           0.0125285
                  18            0.307116            0.289462           0.0118575
                  19            0.251524            0.287465           0.0113924
                  20            0.249384            0.285561           0.0109742
                  21            0.252232            0.283974           0.0105585
                  22            0.311956            0.285246           0.0101472
                  23             0.27706             0.28489          0.00970252
                  24            0.248272            0.283364          0.00941392
                  25            0.259008             0.28239          0.00908192
                  26            0.271432            0.281968           0.0087358
                  27            0.266984            0.281413          0.00842433
                  28            0.256636            0.280528          0.00816597
                  29            0.274204             0.28031          0.00788237
                  30            0.251356            0.279345          0.00767602
                  31            0.302264            0.280085          0.00746099
                  32            0.363496            0.282691          0.00767995
                  33            0.264136            0.282129           0.0074648
                  34            0.259292            0.281457            0.007273
                  35              0.3547             0.28355          0.00736567
                  36            0.274432            0.283297          0.00716262
                  37            0.248528            0.282357          0.00702944
                  38            0.371968            0.284715          0.00723695
                  39            0.288744            0.284818           0.0070497
                  40             0.28328             0.28478           0.0068713
