                   1             3.50689             3.50689                   0
                   2             3.72206             3.61448            0.107585
                   3             3.48639             3.57178           0.0753723
                   4             3.58507              3.5751           0.0533998
                   5             3.41147             3.54238           0.0527444
                   6              3.6518             3.56061           0.0467682
                   7             3.67453             3.57689           0.0427453
                   8             3.54902              3.5734           0.0371821
                   9              3.5182             3.56727           0.0333602
                  10             3.41211             3.55176           0.0336314
                  11             3.51524             3.54844           0.0306013
                  12             3.54316               3.548           0.0279385
                  13             3.49501             3.54392           0.0260208
                  14             3.68906             3.55429           0.0262267
                  15             3.34986             3.54066            0.027962
                  16             3.67786             3.54923           0.0275258
                  17             3.54659             3.54908           0.0258565
                  18             3.43646             3.54282           0.0251678
                  19             3.64249             3.54807           0.0243774
                  20             3.64688             3.55301           0.0236483
                  21             3.57347             3.55398           0.0225151
                  22             3.65242             3.55846           0.0219286
                  23               3.457             3.55405           0.0214128
                  24             3.60018             3.55597           0.0205911
                  25             3.72726             3.56282            0.020905
                  26             3.52623             3.56141           0.0201341
                  27             3.57164             3.56179           0.0193778
                  28             3.52247             3.56039           0.0187256
                  29              3.5263             3.55921           0.0181065
                  30             3.50235             3.55732            0.017595
                  31             3.57432             3.55786           0.0170268
                  32             3.60743             3.55941           0.0165587
                  33             3.34623             3.55295           0.0173005
                  34             3.63342             3.55532             0.01695
                  35             3.60134             3.55663            0.016511
                  36             3.73026             3.56146            0.016755
                  37             3.36018             3.55602           0.0171799
                  38             3.41759             3.55238           0.0171138
                  39             3.53559             3.55194           0.0166748
                  40             3.58586             3.55279           0.0162747
                   1             3.48737             3.48737                   0
                   2             3.72592             3.60665            0.119274
                   3             3.50112             3.57147           0.0773269
                   4             3.60334             3.57944            0.055256
                   5             3.41471             3.54649           0.0540123
                   6             3.65278             3.56421           0.0475259
                   7             3.67173             3.57957           0.0430036
                   8             3.53911             3.57451            0.037584
                   9             3.53559             3.57019           0.0334268
                  10             3.41744             3.55491           0.0335739
                  11             3.52911             3.55257           0.0304592
                  12             3.56582             3.55367           0.0278272
                  13             3.48374             3.54829           0.0261564
                  14             3.68323             3.55793           0.0260637
                  15             3.37092             3.54546           0.0272796
                  16             3.70221             3.55526           0.0273338
                  17             3.53819             3.55426           0.0256953
                  18              3.4478             3.54834           0.0249372
                  19             3.65065             3.55373           0.0241951
                  20             3.66824             3.55945           0.0236568
                  21             3.55363             3.55917           0.0225038
                  22             3.63335             3.56255           0.0217199
                  23             3.47482             3.55873           0.0211016
                  24             3.59625             3.56029           0.0202637
                  25              3.7283             3.56701           0.0205651
                  26             3.49895              3.5644            0.019931
                  27             3.55986             3.56423           0.0191794
                  28             3.51697             3.56254           0.0185586
                  29             3.55475             3.56227           0.0179092
                  30             3.48943             3.55984           0.0174715
                  31             3.58653             3.56071           0.0169204
                  32             3.61645             3.56245           0.0164755
                  33             3.33462             3.55554           0.0173969
                  34             3.63338             3.55783            0.017032
                  35             3.58767             3.55869           0.0165602
                  36             3.72463              3.5633           0.0167408
                  37             3.35973             3.55779           0.0171865
                  38             3.42148             3.55421           0.0171084
                  39              3.5264             3.55349           0.0166792
                  40             3.58741             3.55434            0.016279
