                   1            -1.00684            -1.00684                   0
                   2            -1.00282            -1.00483          0.00200704
                   3             -1.0033            -1.00432          0.00126625
                   4            -1.00348            -1.00411         0.000919533
                   5           -0.997428            -1.00277           0.0015144
                   6           -0.998705             -1.0021          0.00141021
                   7           -0.999871            -1.00178          0.00123348
                   8            -1.00667            -1.00239          0.00123079
                   9           -0.998773            -1.00199          0.00115743
                  10           -0.999314            -1.00172          0.00106919
                  11            -1.00933            -1.00241          0.00118897
                  12           -0.997623            -1.00201          0.00115641
                  13            -1.00024            -1.00188          0.00107248
                  14           -0.999853            -1.00173          0.00100338
                  15           -0.991462            -1.00105          0.00115814
                  16            -1.00808            -1.00149          0.00116904
                  17            -1.00836            -1.00189          0.00117015
                  18            -1.00436            -1.00203          0.00111174
                  19            -1.00441            -1.00215          0.00105904
                  20             -1.0007            -1.00208          0.00100731
                  21            -1.00264            -1.00211         0.000958513
                  22            -1.00417             -1.0022         0.000918707
                  23            -1.00431            -1.00229         0.000882652
                  24            -1.00431            -1.00238         0.000849226
                  25             -1.0024            -1.00238          0.00081455
                  26            -1.00088            -1.00232         0.000784709
                  27             -1.0094            -1.00258         0.000799361
                  28            -1.00355            -1.00262         0.000771065
                  29           -0.997352            -1.00244         0.000765834
                  30            -1.00783            -1.00262         0.000761405
                  31            -1.00832             -1.0028         0.000759052
                  32            -1.00756            -1.00295         0.000749842
                  33            -1.00577            -1.00303         0.000731768
                  34            -1.00725            -1.00316         0.000720649
                  35             -1.0014            -1.00311         0.000701546
                  36            -1.00213            -1.00308         0.000682318
                  37            -1.00767             -1.0032         0.000675108
                  38            -1.01075             -1.0034         0.000686441
                  39            -1.00061            -1.00333         0.000672444
                  40            -1.00566            -1.00339         0.000658007
                   1            -1.00745            -1.00745                   0
                   2            -1.00289            -1.00517          0.00228016
                   3            -1.00327            -1.00454          0.00146108
                   4            -1.00346            -1.00427           0.0010675
                   5           -0.997508            -1.00292          0.00158465
                   6           -0.998654            -1.00221          0.00147597
                   7           -0.999977            -1.00189          0.00128739
                   8             -1.0067            -1.00249          0.00126685
                   9           -0.998828            -1.00208          0.00118898
                  10           -0.999246             -1.0018          0.00110062
                  11            -1.00936            -1.00249          0.00120961
                  12           -0.997667            -1.00208          0.00117496
                  13            -1.00018            -1.00194          0.00109071
                  14           -0.999844            -1.00179          0.00102081
                  15           -0.991469             -1.0011          0.00117317
                  16            -1.00802            -1.00153          0.00117959
                  17            -1.00841            -1.00194          0.00117949
                  18            -1.00433            -1.00207          0.00111993
                  19            -1.00434            -1.00219          0.00106604
                  20            -1.00074            -1.00212          0.00101394
                  21            -1.00265            -1.00214         0.000964779
                  22            -1.00416            -1.00223         0.000924428
                  23            -1.00434            -1.00232         0.000888045
                  24            -1.00436            -1.00241         0.000854468
                  25            -1.00255            -1.00241         0.000819596
                  26            -1.00095            -1.00236         0.000789468
                  27            -1.00949            -1.00262         0.000804278
                  28            -1.00332            -1.00265          0.00077542
                  29           -0.997495            -1.00247          0.00076901
                  30            -1.00786            -1.00265         0.000764363
                  31            -1.00819            -1.00283          0.00076063
                  32            -1.00758            -1.00298         0.000751319
                  33             -1.0057            -1.00306         0.000732864
                  34            -1.00726            -1.00318         0.000721661
                  35            -1.00136            -1.00313          0.00070268
                  36            -1.00224            -1.00311         0.000683331
                  37            -1.00773            -1.00323         0.000676267
                  38            -1.01058            -1.00342         0.000686075
                  39            -1.00081            -1.00336         0.000671598
                  40            -1.00563            -1.00341         0.000657058
