                   1           -0.917099           -0.917099                   0
                   2           -0.915232           -0.916165          0.00093348
                   3           -0.921222           -0.917851          0.00176965
                   4           -0.905099           -0.914663          0.00342472
                   5           -0.915229           -0.914776          0.00265519
                   6           -0.910106           -0.913998          0.00230342
                   7           -0.914566           -0.914079          0.00194844
                   8           -0.912227           -0.913847          0.00170319
                   9           -0.915098           -0.913986          0.00150849
                  10           -0.917405           -0.914328          0.00139188
                  11           -0.910461           -0.913977          0.00130717
                  12           -0.919881           -0.914469          0.00129072
                  13             -0.9134           -0.914387          0.00119013
                  14           -0.913025           -0.914289          0.00110613
                  15            -0.90831           -0.913891          0.00110422
                  16           -0.915939           -0.914019           0.0010408
                  17           -0.913435           -0.913984         0.000978267
                  18           -0.918275           -0.914223         0.000952619
                  19           -0.911239           -0.914066         0.000914664
                  20            -0.91977           -0.914351         0.000913398
                  21           -0.908512           -0.914073         0.000912217
                  22            -0.91731            -0.91422         0.000882123
                  23           -0.906074           -0.913866         0.000914291
                  24           -0.915947           -0.913952         0.000879652
                  25           -0.909647            -0.91378         0.000861131
                  26           -0.909651           -0.913621         0.000842453
                  27           -0.902677           -0.913216          0.00090634
                  28           -0.910135           -0.913106         0.000880274
                  29           -0.908213           -0.912937         0.000865977
                  30           -0.909646           -0.912828         0.000843775
                  31           -0.910235           -0.912744         0.000820376
                  32           -0.904924             -0.9125          0.00083107
                  33           -0.904151           -0.912247         0.000844284
                  34           -0.910078           -0.912183         0.000821555
                  35           -0.914848           -0.912259         0.000801362
                  36           -0.917609           -0.912408         0.000792836
                  37           -0.915617           -0.912494         0.000775973
                  38           -0.919519           -0.912679         0.000777572
                  39           -0.916342           -0.912773         0.000763172
                  40           -0.907257           -0.912635         0.000756522
                   1           -0.917755           -0.917755                   0
                   2           -0.915151           -0.916453          0.00130184
                   3           -0.920998           -0.917968          0.00169107
                   4           -0.904774           -0.914669          0.00350851
                   5           -0.915309           -0.914797          0.00272069
                   6               -0.91           -0.913998          0.00236094
                   7           -0.914906           -0.914128          0.00199958
                   8           -0.912171           -0.913883          0.00174887
                   9           -0.915024            -0.91401          0.00154755
                  10           -0.917148           -0.914324          0.00141931
                  11           -0.910509           -0.913977          0.00132982
                  12            -0.91965            -0.91445          0.00130274
                  13           -0.913432           -0.914371           0.0012009
                  14           -0.912621           -0.914246          0.00111883
                  15           -0.908475           -0.913862          0.00111037
                  16           -0.916152           -0.914005          0.00104847
                  17           -0.913854           -0.913996         0.000984904
                  18           -0.917757           -0.914205         0.000951794
                  19             -0.9114           -0.914057         0.000912328
                  20            -0.91967           -0.914338          0.00090988
                  21            -0.90873           -0.914071         0.000905723
                  22           -0.917177           -0.914212         0.000875036
                  23           -0.906085           -0.913859         0.000907729
                  24            -0.91611           -0.913952         0.000874132
                  25           -0.909845           -0.913788         0.000854381
                  26           -0.909695           -0.913631         0.000835823
                  27           -0.902993           -0.913237         0.000895585
                  28           -0.909906           -0.913118         0.000871168
                  29           -0.908536            -0.91296          0.00085531
                  30           -0.909931           -0.912859         0.000832454
                  31           -0.910201           -0.912773         0.000809704
                  32           -0.905419           -0.912543         0.000816979
                  33           -0.904099           -0.912287         0.000832158
                  34           -0.910019           -0.912221         0.000810065
                  35           -0.914479           -0.912285         0.000789223
                  36           -0.917941           -0.912442         0.000782912
                  37           -0.915169           -0.912516         0.000765016
                  38           -0.919245           -0.912693         0.000765381
                  39           -0.916568           -0.912792         0.000752088
                  40           -0.907348           -0.912656         0.000745575
