                   1             0.21971             0.21971                   0
                   2            0.214483            0.217097          0.00261333
                   3            0.221173            0.218455           0.0020304
                   4            0.211046            0.216603          0.00234362
                   5            0.215719            0.216426          0.00182395
                   6            0.209129             0.21521          0.00192275
                   7            0.214385            0.215092          0.00162929
                   8            0.210416            0.214508          0.00152726
                   9            0.213934            0.214444          0.00134842
                  10            0.212345            0.214234           0.0012242
                  11            0.214474            0.214256          0.00110755
                  12            0.211329            0.214012          0.00104006
                  13            0.220152            0.214484          0.00106694
                  14             0.20933            0.214116          0.00105417
                  15             0.21426            0.214126         0.000981427
                  16            0.213826            0.214107         0.000918232
                  17             0.21393            0.214096         0.000862591
                  18            0.213905            0.214086         0.000813329
                  19             0.21608            0.214191          0.00077646
                  20            0.217159            0.214339         0.000751419
                  21            0.211461            0.214202         0.000727763
                  22            0.210028            0.214012         0.000719362
                  23            0.212936            0.213966         0.000688967
                  24            0.216301            0.214063         0.000666776
                  25            0.213534            0.214042         0.000639899
                  26            0.219621            0.214256         0.000651166
                  27            0.211431            0.214152         0.000635262
                  28            0.216163            0.214224         0.000616354
                  29            0.217137            0.214324         0.000603145
                  30            0.213016             0.21428         0.000584322
                  31             0.21685            0.214363         0.000571207
                  32            0.212456            0.214304         0.000556272
                  33             0.21349            0.214279         0.000539716
                  34            0.214841            0.214296         0.000523862
                  35            0.209306            0.214153         0.000528276
                  36            0.210109            0.214041         0.000525537
                  37            0.211568            0.213974         0.000515486
                  38            0.208139             0.21382         0.000524707
                  39            0.215786            0.213871         0.000513554
                  40            0.210481            0.213786         0.000507673
                   1               0.216               0.216                   0
                   2            0.214264            0.215132         0.000867599
                   3            0.217376             0.21588         0.000900162
                   4            0.211563            0.214801          0.00125299
                   5            0.212014            0.214243          0.00111919
                   6            0.213787            0.214167         0.000916975
                   7            0.214384            0.214198         0.000775606
                   8            0.208009            0.213425          0.00102454
                   9            0.215003              0.2136         0.000920426
                  10            0.216628            0.213903          0.00087716
                  11            0.207715             0.21334         0.000972627
                  12            0.209712            0.213038         0.000937945
                  13             0.21919            0.213511         0.000984038
                  14            0.213469            0.213508         0.000911047
                  15            0.210997            0.213341         0.000864499
                  16            0.212543            0.213291         0.000810199
                  17            0.215509            0.213421         0.000772156
                  18            0.215189             0.21352         0.000734586
                  19            0.215573            0.213628         0.000703207
                  20            0.219558            0.213924         0.000730044
                  21            0.211528             0.21381         0.000703724
                  22            0.215127             0.21387          0.00067364
                  23            0.214423            0.213894         0.000644135
                  24            0.211926            0.213812         0.000622139
                  25            0.209391            0.213635         0.000622382
                  26             0.21887            0.213837         0.000630957
                  27            0.214103            0.213846         0.000607218
                  28            0.216199             0.21393         0.000591132
                  29             0.22397            0.214277         0.000667224
                  30            0.215535            0.214319         0.000645964
                  31            0.213258            0.214284         0.000625715
                  32            0.209991             0.21415         0.000620523
                  33            0.211282            0.214063         0.000607672
                  34            0.215574            0.214108           0.0005912
                  35            0.210663            0.214009         0.000582434
                  36            0.218152            0.214124         0.000577604
                  37            0.213262            0.214101         0.000562259
                  38            0.208621            0.213957         0.000565945
                  39            0.214034            0.213959         0.000551246
                  40            0.210784            0.213879         0.000543117
