                   1             10.4404             10.4404                   0
                   2             9.11106             9.77574            0.664686
                   3             9.73207             9.76118            0.384032
                   4             9.79928             9.77071            0.271719
                   5             10.5338             9.92333            0.259985
                   6              9.5466             9.86054            0.221368
                   7             9.78112              9.8492            0.187433
                   8             10.1759             9.89003             0.16738
                   9             9.22969             9.81666            0.164844
                  10             9.61426             9.79642            0.148824
                  11             8.90654             9.71552            0.157054
                  12             10.4145             9.77377            0.154751
                  13             8.99365             9.71376            0.154481
                  14             9.84079             9.72283             0.14331
                  15               9.736             9.72371            0.133417
                  16             9.87329             9.73306             0.12515
                  17             9.87178             9.74122            0.117841
                  18             9.44754             9.72491            0.112293
                  19             10.6847             9.77542            0.117618
                  20             10.4229             9.80779            0.116184
                  21             9.89336             9.81187            0.110588
                  22             9.10713             9.77983              0.1102
                  23             9.25765             9.75713            0.107719
                  24              9.6929             9.75445            0.103168
                  25             10.1785             9.77142            0.100399
                  26             9.22106             9.75025           0.0987554
                  27             9.45553             9.73933           0.0956522
                  28             10.2968             9.75924           0.0942986
                  29             9.69144             9.75691           0.0910189
                  30             9.22906             9.73931           0.0896756
                  31             10.2349              9.7553           0.0881954
                  32             8.64361             9.72056           0.0921909
                  33             9.34599             9.70921           0.0900716
                  34             8.98768             9.68798           0.0899222
                  35             10.0694             9.69888           0.0879928
                  36             9.04827             9.68081           0.0874025
                  37             9.52129              9.6765           0.0851167
                  38             9.66383             9.67617           0.0828472
                  39             10.0367             9.68541           0.0812226
                  40              9.9177             9.69122           0.0793787
                   1             10.4412             10.4412                   0
                   2             9.08738              9.7643            0.676922
                   3             9.74955             9.75938            0.390852
                   4             9.76862             9.76169            0.276384
                   5             10.5295             9.91526             0.26347
                   6             9.55731              9.8556            0.223242
                   7             9.79089             9.84636              0.1889
                   8             10.1664             9.88637            0.168413
                   9             9.23289             9.81376            0.165324
                  10             9.66175             9.79856             0.14865
                  11              8.9225             9.71892            0.156275
                  12             10.4227             9.77756            0.154243
                  13             9.01657             9.71902            0.153484
                  14             9.79953             9.72477            0.142215
                  15              9.7165             9.72422            0.132396
                  16             9.83192             9.73095            0.124028
                  17             9.84808             9.73784            0.116707
                  18             9.44931             9.72181            0.111194
                  19             10.6748             9.77197            0.116526
                  20             10.4596             9.80635            0.115769
                  21             9.83947             9.80793            0.110129
                  22             9.07217             9.77448            0.110202
                  23             9.23491             9.75102            0.107883
                  24             9.67805             9.74798            0.103335
                  25             10.1897             9.76565            0.100678
                  26             9.22523             9.74487           0.0989363
                  27              9.4603             9.73433           0.0957831
                  28             10.3079             9.75481           0.0945451
                  29             9.69953             9.75291           0.0912466
                  30             9.25806             9.73641           0.0896825
                  31             10.2421             9.75272           0.0882616
                  32             8.70356             9.71994           0.0915323
                  33              9.3462             9.70861           0.0894353
                  34             9.00447              9.6879           0.0892024
                  35             10.0266             9.69758           0.0871552
                  36             9.06986             9.68014           0.0864758
                  37             9.48331             9.67482           0.0842742
                  38             9.67102             9.67472           0.0820266
                  39             10.0779             9.68506           0.0805617
                  40             9.90934             9.69067           0.0787218
