                   1            0.230821            0.230821                   0
                   2            0.235853            0.233337           0.0025158
                   3            0.229555            0.232077          0.00192328
                   4             0.22926            0.231372          0.00153148
                   5            0.238668            0.232831          0.00188049
                   6            0.232628            0.232798          0.00153579
                   7            0.228669            0.232208          0.00142572
                   8            0.229306            0.231845          0.00128687
                   9            0.231706             0.23183          0.00113502
                  10            0.225471            0.231194           0.0011979
                  11              0.2375            0.231767          0.00122585
                  12            0.229369            0.231567          0.00113675
                  13            0.236481            0.231945          0.00111189
                  14            0.230637            0.231852          0.00103365
                  15            0.237704            0.232242          0.00103837
                  16            0.228533             0.23201          0.00099859
                  17            0.233231            0.232082         0.000940758
                  18            0.227253            0.231814         0.000926639
                  19            0.232472            0.231848         0.000877199
                  20            0.231547            0.231833          0.00083232
                  21            0.228933            0.231695         0.000803647
                  22            0.226459            0.231457         0.000802352
                  23             0.23145            0.231457         0.000766674
                  24             0.23785            0.231723         0.000780881
                  25            0.233615            0.231799         0.000752808
                  26            0.237887            0.232033          0.00076024
                  27            0.231686             0.23202         0.000731654
                  28            0.237198            0.232205         0.000728888
                  29            0.231616            0.232185         0.000703598
                  30            0.225393            0.231958         0.000716449
                  31            0.229679            0.231885         0.000696842
                  32            0.231662            0.231878          0.00067475
                  33            0.225122            0.231673         0.000685275
                  34            0.228622            0.231583         0.000670843
                  35            0.225078            0.231398         0.000677394
                  36            0.233947            0.231468         0.000662106
                  37            0.228091            0.231377         0.000650399
                  38            0.227545            0.231276         0.000641033
                  39            0.231056            0.231271         0.000624406
                  40            0.235598            0.231379         0.000618138
                   1            0.232022            0.232022                   0
                   2            0.234185            0.233103          0.00108127
                   3            0.227953            0.231387          0.00182675
                   4            0.230155            0.231079          0.00132788
                   5            0.234094            0.231682          0.00119234
                   6            0.236346            0.232459          0.00124588
                   7            0.230031            0.232112          0.00110864
                   8            0.229782            0.231821          0.00100331
                   9            0.231034            0.231734          0.00088915
                  10             0.23468            0.232028         0.000848098
                  11            0.231644            0.231993         0.000767927
                  12             0.23012            0.231837         0.000718198
                  13            0.237531            0.232275         0.000792631
                  14            0.233656            0.232374         0.000740432
                  15            0.234992            0.232548         0.000711058
                  16            0.230487            0.232419         0.000677493
                  17            0.235512            0.232601          0.00066188
                  18            0.230135            0.232464         0.000638893
                  19            0.237585            0.232734         0.000661708
                  20             0.22874            0.232534         0.000658745
                  21            0.225912            0.232219         0.000701471
                  22             0.23183            0.232201         0.000669059
                  23            0.232752            0.232225         0.000639757
                  24            0.234906            0.232337         0.000622624
                  25            0.231892            0.232319         0.000597465
                  26            0.239619              0.2326         0.000639003
                  27            0.234456            0.232669         0.000618712
                  28            0.232806            0.232673         0.000596226
                  29            0.230056            0.232583         0.000582336
                  30             0.23506            0.232666         0.000568617
                  31            0.229015            0.232548         0.000562434
                  32            0.229114            0.232441         0.000555047
                  33            0.224976            0.232214         0.000583585
                  34            0.225398            0.232014         0.000600612
                  35            0.224887             0.23181         0.000617726
                  36            0.239677            0.232029         0.000638855
                  37            0.232798             0.23205         0.000621696
                  38            0.228292            0.231951         0.000613141
                  39             0.22885            0.231871         0.000602481
                  40            0.234328            0.231933          0.00059043
