                   1            0.019752            0.019752                   0
                   2            0.024456            0.022104            0.002352
                   3            0.029648           0.0246187          0.00285789
                   4             0.00988            0.020934          0.00420244
                   5            0.020884            0.020924          0.00325521
                   6            0.016744           0.0202273          0.00274766
                   7            0.026204           0.0210811          0.00247418
                   8            0.024788           0.0215445          0.00219223
                   9            0.027292           0.0221831          0.00203611
                  10            0.024728           0.0224376          0.00183885
                  11              0.0172           0.0219615          0.00173011
                  12            0.026288            0.022322             0.00162
                  13            0.025908           0.0225978           0.0015155
                  14             0.02112           0.0224923          0.00140704
                  15              0.0273           0.0228128          0.00134853
                  16            0.025184            0.022961          0.00127011
                  17            0.025004           0.0230812           0.0011991
                  18            0.023296           0.0230931          0.00113058
                  19             0.02632           0.0232629          0.00108283
                  20              0.0154           0.0228698          0.00109992
                  21            0.020496           0.0227568          0.00105232
                  22             0.02944           0.0230605          0.00104833
                  23            0.025448           0.0231643          0.00100708
                  24            0.019464           0.0230102         0.000976452
                  25            0.015472           0.0227086         0.000983921
                  26              0.0178           0.0225198         0.000963989
                  27            0.021944           0.0224985         0.000927844
                  28            0.024932           0.0225854         0.000898307
                  29            0.026712           0.0227277          0.00087838
                  30            0.029708           0.0229604         0.000879916
                  31            0.023896           0.0229906         0.000851593
                  32            0.023012           0.0229913         0.000824552
                  33            0.030468           0.0232178         0.000830671
                  34            0.026412           0.0233118         0.000811327
                  35             0.03144            0.023544         0.000821322
                  36            0.024832           0.0235798         0.000798983
                  37            0.017592           0.0234179         0.000793761
                  38            0.033268           0.0236772         0.000814915
                  39             0.01874           0.0235506         0.000803777
                  40            0.021724           0.0235049         0.000784754
                   1            0.021428            0.021428                   0
                   2            0.023012             0.02222            0.000792
                   3            0.030436           0.0249587          0.00277658
                   4            0.011404             0.02157          0.00391634
                   5             0.02128            0.021512          0.00303414
                   6            0.014652           0.0203687          0.00272847
                   7             0.02642           0.0212331          0.00246269
                   8            0.024912            0.021693          0.00218177
                   9            0.027176           0.0223022          0.00201828
                  10            0.023908           0.0224628          0.00181233
                  11             0.01668           0.0219371          0.00172155
                  12            0.025604           0.0222427          0.00160099
                  13            0.024404           0.0224089          0.00148205
                  14            0.021032           0.0223106          0.00137563
                  15            0.025736           0.0225389          0.00130084
                  16            0.024928           0.0226882          0.00122595
                  17            0.025456           0.0228511          0.00116303
                  18            0.022748           0.0228453          0.00109653
                  19            0.026012            0.023012          0.00105052
                  20            0.014324           0.0225776          0.00108717
                  21               0.021           0.0225025          0.00103683
                  22            0.029644           0.0228271          0.00104051
                  23            0.024284           0.0228904          0.00099626
                  24            0.017836           0.0226798         0.000976819
                  25            0.015496           0.0223925         0.000980007
                  26            0.019864           0.0222952         0.000946569
                  27            0.020512           0.0222292         0.000913228
                  28             0.02386           0.0222874         0.000881934
                  29            0.026424           0.0224301         0.000862851
                  30            0.031104           0.0227192         0.000882312
                  31             0.02316           0.0227334         0.000853494
                  32             0.02324           0.0227492         0.000826544
                  33            0.028512           0.0229239         0.000819918
                  34             0.02568           0.0230049         0.000799557
                  35            0.032604           0.0232792         0.000823394
                  36             0.02434           0.0233087         0.000800738
                  37            0.017428           0.0231497         0.000794848
                  38            0.034956           0.0234604         0.000833703
                  39            0.020084           0.0233738         0.000816647
                  40            0.022644           0.0233556         0.000796178
