                   1              1.0431              1.0431                   0
                   2             1.06588             1.05449           0.0113901
                   3             1.05216             1.05371          0.00662161
                   4             1.04356             1.05117          0.00532571
                   5             1.04917             1.05077           0.0041446
                   6             1.06567             1.05326          0.00419716
                   7             1.02966             1.04989          0.00489376
                   8             1.06946             1.05233           0.0048939
                   9             1.02134             1.04889          0.00552135
                  10             1.06288             1.05029          0.00513294
                  11             1.05552             1.05076          0.00466725
                  12             1.03023             1.04905          0.00459146
                  13             1.04999             1.04913          0.00422414
                  14             1.06206             1.05005          0.00401839
                  15             1.06274             1.05089          0.00383536
                  16             1.04287             1.05039          0.00362257
                  17              1.0597             1.05094          0.00344657
                  18             1.05206               1.051          0.00325006
                  19             1.04475             1.05067          0.00309182
                  20              1.0154             1.04891           0.0034226
                  21             1.05301              1.0491           0.0032614
                  22             1.07682             1.05036           0.0033551
                  23             1.04055             1.04994          0.00323417
                  24             1.03076             1.04914          0.00319797
                  25             1.06233             1.04967          0.00311242
                  26             1.05659             1.04993          0.00300216
                  27             1.02915             1.04916          0.00298962
                  28             1.02493              1.0483          0.00300804
                  29             1.02284             1.04742          0.00303233
                  30             1.02353             1.04662          0.00303582
                  31             1.03243             1.04617          0.00297172
                  32             1.02431             1.04548           0.0029573
                  33             1.01796             1.04465           0.0029852
                  34             1.03348             1.04432          0.00291463
                  35             1.04818             1.04443          0.00283228
                  36             1.03806             1.04425          0.00275816
                  37              1.0925             1.04556          0.00298266
                  38             1.03582              1.0453           0.0029144
                  39             1.01014              1.0444          0.00297842
                  40              1.0576             1.04473          0.00292171
                   1             1.06021             1.06021                   0
                   2             1.04747             1.05384          0.00636937
                   3             1.04608             1.05126          0.00449643
                   4             1.06268             1.05411          0.00427343
                   5             1.04205              1.0517          0.00409598
                   6             1.07319             1.05528          0.00489997
                   7             1.03308             1.05211          0.00521622
                   8             1.07588             1.05508          0.00540676
                   9             1.03702             1.05307          0.00517346
                  10             1.07192             1.05496          0.00499647
                  11             1.06085             1.05549          0.00455116
                  12             1.02666             1.05309          0.00479939
                  13             1.03533             1.05172          0.00462136
                  14             1.04897             1.05153          0.00428306
                  15             1.05836             1.05198          0.00401322
                  16             1.03645             1.05101          0.00387755
                  17             1.05222             1.05108          0.00364302
                  18             1.04482             1.05074          0.00345223
                  19             1.05534             1.05098          0.00327445
                  20             1.01608             1.04923          0.00356292
                  21             1.04351             1.04896          0.00339994
                  22             1.08548             1.05062          0.00364201
                  23             1.05069             1.05062          0.00348007
                  24             1.00217              1.0486          0.00389582
                  25             1.05848               1.049          0.00375754
                  26             1.03801             1.04858          0.00363479
                  27             1.03561              1.0481          0.00353039
                  28             1.03897             1.04777          0.00341753
                  29             1.02835              1.0471          0.00336491
                  30             1.01848             1.04615          0.00338792
                  31             1.03701             1.04585          0.00329004
                  32             1.03174             1.04541          0.00321596
                  33             1.02301             1.04473          0.00319006
                  34             1.04048             1.04461          0.00309734
                  35             1.04585             1.04464          0.00300776
                  36             1.03793             1.04446          0.00292896
                  37             1.09518             1.04583          0.00316147
                  38             1.04413             1.04578          0.00307747
                  39             1.00926             1.04485          0.00314041
                  40              1.0514             1.04501          0.00306528
