                   1            0.497328            0.497328                   0
                   2             0.47998            0.488654            0.008674
                   3            0.487092            0.488133          0.00503493
                   4            0.405348            0.467437           0.0210003
                   5            0.529028            0.479755           0.0204046
                   6            0.476112            0.479148           0.0166713
                   7            0.471888            0.478111            0.014128
                   8            0.474572            0.477668           0.0122432
                   9            0.426524            0.471986           0.0122016
                  10            0.546668            0.479454           0.0132241
                  11            0.474652            0.479017           0.0119696
                  12            0.480832            0.479169           0.0109278
                  13            0.476408            0.478956           0.0100543
                  14            0.461648             0.47772          0.00939024
                  15            0.427092            0.474345          0.00937079
                  16             0.45454            0.473107          0.00885253
                  17            0.377348            0.467474           0.0100438
                  18            0.422928            0.464999          0.00978739
                  19            0.369572            0.459977           0.0105326
                  20            0.484096            0.461183           0.0100646
                  21            0.423212            0.459375          0.00974258
                  22            0.465092            0.459635          0.00929282
                  23            0.333676            0.454158           0.0104326
                  24            0.493344            0.455791            0.010121
                  25             0.47474            0.456549          0.00973728
                  26            0.420552            0.455164          0.00945716
                  27            0.347468            0.451176          0.00993595
                  28            0.423968            0.450204           0.0096237
                  29            0.370632             0.44746          0.00968282
                  30            0.395904            0.445741          0.00951104
                  31            0.418964            0.444878          0.00923959
                  32            0.390984            0.443194          0.00910334
                  33            0.375972            0.441156          0.00905526
                  34            0.514316            0.443308          0.00904458
                  35            0.476396            0.444254           0.0088331
                  36            0.433644            0.443959          0.00858928
                  37             0.41804            0.443258          0.00838323
                  38            0.493968            0.444593          0.00826804
                  39            0.498288             0.44597          0.00817009
                  40            0.434464            0.445682          0.00796842
                   1             0.50094             0.50094                   0
                   2            0.480756            0.490848            0.010092
                   3            0.487876            0.489857          0.00591024
                   4              0.4051            0.468668           0.0215975
                   5            0.528672            0.480669           0.0205886
                   6            0.475608            0.479825           0.0168317
                   7            0.472124            0.478725           0.0142678
                   8            0.474964            0.478255           0.0123653
                   9            0.426792            0.472537           0.0123134
                  10            0.545816            0.479865           0.0132285
                  11            0.475072            0.479429           0.0119736
                  12            0.481276            0.479583           0.0109314
                  13            0.475992            0.479307           0.0100592
                  14            0.461436             0.47803           0.0094001
                  15            0.426948            0.474625          0.00939029
                  16            0.454376            0.473359          0.00887452
                  17             0.37748            0.467719           0.0100648
                  18             0.42184             0.46517          0.00982556
                  19            0.370404            0.460183           0.0105478
                  20             0.48352             0.46135           0.0100743
                  21             0.42332            0.459539          0.00975223
                  22            0.464832            0.459779           0.0093015
                  23            0.333832            0.454303           0.0104394
                  24              0.4939            0.455953           0.0101302
                  25            0.474268            0.456686          0.00974413
                  26            0.421144            0.455319          0.00946114
                  27             0.34806            0.451346          0.00993296
                  28            0.423696            0.450359          0.00962244
                  29            0.370792            0.447615          0.00968161
                  30            0.395736            0.445886          0.00951184
                  31            0.418864            0.445014           0.0092411
                  32            0.390164              0.4433          0.00911035
                  33            0.375728            0.441252          0.00906428
                  34            0.514128            0.443396          0.00905109
                  35            0.476768            0.444349          0.00884026
                  36            0.434248            0.444069          0.00859577
                  37             0.41764            0.443354          0.00839068
                  38            0.494272            0.444694          0.00827608
                  39            0.497984            0.446061          0.00817607
                  40            0.434592            0.445774           0.0079742
