                   1            0.034276            0.034276                   0
                   2            0.027564             0.03092            0.003356
                   3              0.0306           0.0308133          0.00194052
                   4            0.038424            0.032716          0.00234584
                   5            0.023776            0.030928          0.00254926
                   6            0.023036           0.0296127          0.00246223
                   7            0.029204           0.0295543          0.00208178
                   8            0.028104            0.029373          0.00181197
                   9            0.036136           0.0301244          0.00176587
                  10            0.038432           0.0309552           0.0017846
                  11            0.036104           0.0314233          0.00168072
                  12            0.027764           0.0311183          0.00156429
                  13            0.037972           0.0316455          0.00153248
                  14            0.026188           0.0312557          0.00147138
                  15            0.022564           0.0306763           0.0014873
                  16            0.039356           0.0312188          0.00149326
                  17            0.028312           0.0310478          0.00141306
                  18              0.0243           0.0306729          0.00138398
                  19              0.0197           0.0300954          0.00143085
                  20            0.018204           0.0295008          0.00148192
                  21             0.02278           0.0291808          0.00144547
                  22             0.03114           0.0292698          0.00138107
                  23             0.02312           0.0290024          0.00134648
                  24               0.032           0.0291273          0.00129519
                  25            0.022096           0.0288461          0.00127374
                  26            0.020612           0.0285294          0.00126408
                  27            0.029276            0.028557          0.00121668
                  28            0.033588           0.0287367          0.00118611
                  29            0.037688           0.0290454          0.00118537
                  30            0.024692           0.0289003          0.00115434
                  31              0.0391           0.0292293          0.00116395
                  32            0.029432           0.0292356          0.00112701
                  33            0.023472            0.029061           0.0011062
                  34             0.03794           0.0293221          0.00110449
                  35            0.024156           0.0291745          0.00108258
                  36             0.02922           0.0291758          0.00105207
                  37            0.035832           0.0293557          0.00103894
                  38            0.035232           0.0295103          0.00102298
                  39            0.027792           0.0294663         0.000997383
                  40            0.023924           0.0293277         0.000981953
                   1            0.035136            0.035136                   0
                   2            0.028544             0.03184            0.003296
                   3             0.03176           0.0318133          0.00190313
                   4            0.038884            0.033581          0.00222162
                   5             0.02592           0.0320488          0.00230413
                   6            0.021196             0.03024          0.00260981
                   7             0.02754           0.0298543          0.00223916
                   8            0.027848           0.0296035          0.00195532
                   9             0.03716           0.0304431          0.00191797
                  10             0.03934           0.0313328          0.00193247
                  11            0.036592           0.0318109          0.00181219
                  12            0.027448           0.0314473          0.00169378
                  13             0.03936            0.032056          0.00167272
                  14            0.026308           0.0316454          0.00160214
                  15            0.023304           0.0310893           0.0015918
                  16             0.03868           0.0315638          0.00156275
                  17             0.02832           0.0313729           0.0014803
                  18            0.024188           0.0309738           0.0014516
                  19             0.02078           0.0304373          0.00147417
                  20             0.01738           0.0297844           0.0015434
                  21            0.023608           0.0294903          0.00149724
                  22             0.03368           0.0296807          0.00144021
                  23            0.023688           0.0294202          0.00140062
                  24            0.031176           0.0294933          0.00134298
                  25            0.022912           0.0292301          0.00131477
                  26            0.020264           0.0288852          0.00130941
                  27            0.027948           0.0288505          0.00126046
                  28            0.033436           0.0290143           0.0012256
                  29             0.03774           0.0293152          0.00122026
                  30             0.02432           0.0291487          0.00119059
                  31            0.039472           0.0294817          0.00119872
                  32            0.029696           0.0294884          0.00116068
                  33             0.02386           0.0293178          0.00113781
                  34            0.037056           0.0295454          0.00112706
                  35            0.023952           0.0293856          0.00110599
                  36            0.028956           0.0293737           0.0010749
                  37            0.034428           0.0295103          0.00105433
                  38            0.035716           0.0296736          0.00103912
                  39            0.027768           0.0296247          0.00101331
                  40            0.024548           0.0294978         0.000995769
