                   1            0.294325            0.294325                   0
                   2            0.299372            0.296849          0.00252355
                   3            0.293052            0.295583          0.00192996
                   4            0.291964            0.294678          0.00163741
                   5            0.306327            0.297008          0.00265256
                   6            0.296511            0.296925          0.00216739
                   7            0.299025            0.297225          0.00185619
                   8            0.301251            0.297728          0.00168444
                   9             0.29134            0.297019           0.0016464
                  10            0.295098            0.296826          0.00148505
                  11            0.298261            0.296957           0.0013496
                  12            0.300565            0.297258          0.00126816
                  13            0.298795            0.297376          0.00117252
                  14            0.301307            0.297657          0.00112128
                  15            0.293332            0.297368          0.00108294
                  16            0.307567            0.298006          0.00119687
                  17            0.297878            0.297998          0.00112429
                  18            0.293683            0.297758          0.00108676
                  19            0.304102            0.298092          0.00108083
                  20            0.293149            0.297845          0.00105474
                  21            0.299652            0.297931          0.00100694
                  22            0.292613            0.297689         0.000990039
                  23            0.290057            0.297358          0.00100253
                  24            0.294899            0.297255         0.000965303
                  25            0.303318            0.297498         0.000957119
                  26            0.302937            0.297707         0.000943063
                  27            0.295058            0.297609         0.000912753
                  28            0.288363            0.297279         0.000939486
                  29            0.302434            0.297456         0.000923775
                  30            0.291663            0.297263         0.000913108
                  31            0.304019            0.297481         0.000909649
                  32            0.300823            0.297586         0.000886935
                  33            0.289158             0.29733         0.000896767
                  34             0.30603            0.297586         0.000906837
                  35            0.286934            0.297282          0.00093166
                  36            0.303107            0.297444         0.000919758
                  37            0.293072            0.297325         0.000902324
                  38            0.293562            0.297226         0.000883823
                  39            0.299683            0.297289         0.000863164
                  40            0.300088            0.297359         0.000844212
                   1            0.297009            0.297009                   0
                   2            0.299957            0.298483          0.00147404
                   3            0.288415            0.295127           0.0034622
                   4            0.295298             0.29517          0.00244852
                   5            0.300592            0.296255          0.00218476
                   6            0.299846            0.296853          0.00188162
                   7             0.29482            0.296563          0.00161656
                   8            0.296832            0.296596          0.00140039
                   9            0.291213            0.295998          0.00137225
                  10            0.295971            0.295996          0.00122738
                  11            0.294889            0.295895          0.00111475
                  12            0.296804            0.295971          0.00102044
                  13            0.295687            0.295949         0.000938922
                  14            0.303411            0.296482          0.00101967
                  15            0.292751            0.296233         0.000981313
                  16            0.303273            0.296673          0.00101793
                  17            0.301022            0.296929         0.000989807
                  18            0.298545            0.297019          0.00093751
                  19            0.307077            0.297548           0.0010328
                  20            0.297888            0.297565         0.000979944
                  21             0.29578             0.29748         0.000935981
                  22            0.297812            0.297495         0.000892551
                  23            0.292772             0.29729         0.000877234
                  24            0.293227            0.297121         0.000856781
                  25            0.294143            0.297001         0.000830384
                  26            0.299143            0.297084         0.000802049
                  27            0.292647             0.29692         0.000789073
                  28            0.290247            0.296681         0.000796843
                  29            0.313757             0.29727         0.000968444
                  30            0.299817            0.297355         0.000939449
                  31             0.30187            0.297501         0.000920239
                  32            0.295143            0.297427         0.000894059
                  33            0.288643            0.297161         0.000906504
                  34            0.300034            0.297245         0.000883489
                  35            0.289078            0.297012         0.000889045
                  36            0.299999            0.297095         0.000867971
                  37            0.297094            0.297095         0.000844186
                  38            0.293878             0.29701          0.00082602
                  39            0.293762            0.296927         0.000808861
                  40            0.297894            0.296951         0.000788751
