                   1           -0.460594           -0.460594                   0
                   2           -0.464778           -0.462686          0.00209232
                   3           -0.461722           -0.462364          0.00125002
                   4           -0.459936           -0.461757          0.00107239
                   5           -0.461326           -0.461671         0.000835135
                   6           -0.465526           -0.462314         0.000936937
                   7            -0.46245           -0.462333         0.000792095
                   8           -0.463125           -0.462432         0.000693085
                   9           -0.464889           -0.462705         0.000669422
                  10           -0.462448           -0.462679         0.000599299
                  11           -0.464701           -0.462863         0.000572391
                  12           -0.462766           -0.462855         0.000522582
                  13            -0.46285           -0.462855         0.000480706
                  14            -0.46517            -0.46302         0.000474781
                  15           -0.464651           -0.463129         0.000455173
                  16           -0.463089           -0.463126         0.000425782
                  17             -0.4645           -0.463207         0.000408035
                  18           -0.465073           -0.463311         0.000398416
                  19            -0.46122           -0.463201         0.000392604
                  20            -0.45975           -0.463028         0.000410471
                  21           -0.466634             -0.4632         0.000426522
                  22           -0.461811           -0.463137         0.000411541
                  23            -0.46469           -0.463204         0.000398994
                  24           -0.463628           -0.463222         0.000382416
                  25           -0.465371           -0.463308          0.00037674
                  26            -0.46216           -0.463264         0.000364644
                  27           -0.463866           -0.463286         0.000351588
                  28           -0.463178           -0.463282          0.00033882
                  29           -0.463846           -0.463302         0.000327506
                  30           -0.462034           -0.463259         0.000319211
                  31           -0.461746           -0.463211         0.000312577
                  32           -0.465386           -0.463278         0.000310192
                  33           -0.465336           -0.463341          0.00030704
                  34           -0.462182           -0.463307         0.000299815
                  35           -0.462026            -0.46327         0.000293415
                  36           -0.464139           -0.463294         0.000286169
                  37           -0.465031           -0.463341         0.000282255
                  38           -0.463684            -0.46335         0.000274875
                  39           -0.461491           -0.463303         0.000271947
                  40           -0.463329           -0.463303         0.000265062
                   1           -0.461052           -0.461052                   0
                   2           -0.464227           -0.462639          0.00158736
                   3           -0.461564           -0.462281         0.000984099
                   4           -0.459881           -0.461681         0.000918782
                   5           -0.460908           -0.461526         0.000728272
                   6           -0.464999           -0.462105         0.000829843
                   7           -0.462185           -0.462117         0.000701438
                   8           -0.463871           -0.462336         0.000645818
                   9           -0.466225           -0.462768         0.000714923
                  10            -0.45991           -0.462482         0.000700416
                  11           -0.466721           -0.462867         0.000741543
                  12           -0.462729           -0.462856         0.000677032
                  13            -0.46535           -0.463048         0.000651663
                  14           -0.465035            -0.46319         0.000619791
                  15           -0.464064           -0.463248         0.000579929
                  16           -0.463033           -0.463235          0.00054264
                  17           -0.464413           -0.463304         0.000514412
                  18           -0.464579           -0.463375         0.000490136
                  19           -0.462177           -0.463312         0.000467886
                  20           -0.460674            -0.46318         0.000463047
                  21            -0.46635           -0.463331         0.000465604
                  22           -0.461711           -0.463257         0.000449998
                  23           -0.463536           -0.463269         0.000430158
                  24            -0.46337           -0.463273         0.000411867
                  25           -0.464657           -0.463329         0.000398907
                  26           -0.462034           -0.463279         0.000386479
                  27           -0.461814           -0.463225         0.000375828
                  28           -0.463235           -0.463225         0.000362157
                  29           -0.462796            -0.46321         0.000349758
                  30            -0.46242           -0.463184         0.000338924
                  31           -0.461615           -0.463133         0.000331694
                  32           -0.464597           -0.463179         0.000324401
                  33           -0.465825           -0.463259         0.000324476
                  34           -0.461456           -0.463206         0.000319223
                  35           -0.461539           -0.463159         0.000313608
                  36           -0.464966           -0.463209         0.000308881
                  37           -0.464288           -0.463238         0.000301831
                  38           -0.462981           -0.463231         0.000293858
                  39           -0.460219           -0.463154         0.000296461
                  40           -0.462463           -0.463137          0.00028947
