                   1             5.39213             5.39213                   0
                   2             5.14427              5.2682            0.123928
                   3             5.81437             5.45026            0.195611
                   4             6.12933             5.62002            0.218981
                   5             5.65066             5.62615            0.169733
                   6              5.3417             5.57874            0.146471
                   7             5.56587              5.5769            0.123804
                   8             5.42038             5.55734            0.108988
                   9             5.26758             5.52514            0.101367
                  10             5.02728             5.47536            0.103435
                  11             5.32478             5.46167           0.0945569
                  12             5.65303             5.47762            0.087779
                  13             5.71743             5.49606           0.0828253
                  14             5.75974              5.5149           0.0789605
                  15             5.19115             5.49331           0.0766112
                  16             5.55063              5.4969           0.0717527
                  17             5.56805             5.50108           0.0675298
                  18             5.41852              5.4965           0.0638327
                  19             5.55159              5.4994           0.0604493
                  20             5.41264             5.49506            0.057511
                  21             5.84675              5.5118             0.05721
                  22             5.07088             5.49176           0.0581131
                  23             5.59769             5.49637           0.0557196
                  24             5.62402             5.50169            0.053612
                  25              5.5615             5.50408           0.0514784
                  26             5.54403             5.50562           0.0494827
                  27              5.4022             5.50179           0.0477686
                  28             5.37356             5.49721           0.0462582
                  29             5.33212             5.49151           0.0449961
                  30             5.36522              5.4873           0.0436738
                  31             5.52501             5.48852           0.0422589
                  32              5.3656             5.48468            0.041097
                  33             5.11084             5.47335           0.0414117
                  34             5.67869             5.47939           0.0406267
                  35              5.5139             5.48038           0.0394612
                  36             5.74962             5.48786           0.0390719
                  37             5.21096             5.48037           0.0387311
                  38             4.98058             5.46722           0.0399266
                  39             5.94248             5.47941           0.0407539
                  40             5.45558             5.47881           0.0397265
                   1             5.40145             5.40145                   0
                   2             5.15466             5.27805            0.123391
                   3             5.83677             5.46429            0.199398
                   4              6.1284             5.63032            0.217818
                   5             5.65418             5.63509            0.168788
                   6             5.34504             5.58675            0.146048
                   7             5.55069              5.5816             0.12354
                   8             5.41109             5.56028            0.109091
                   9              5.2495             5.52575            0.102219
                  10             4.99827               5.473            0.105553
                  11             5.35484             5.46226           0.0960784
                  12             5.64027              5.4771           0.0889528
                  13             5.69196             5.49362           0.0834772
                  14             5.72888             5.51043           0.0790906
                  15             5.19463             5.48937           0.0765801
                  16             5.57382             5.49465           0.0718283
                  17             5.56958             5.49906           0.0676147
                  18             5.40272             5.49371           0.0639721
                  19             5.56913             5.49768           0.0606416
                  20             5.43462             5.49452            0.057616
                  21             5.85087             5.51149           0.0573707
                  22             5.09277             5.49246           0.0579174
                  23             5.56726             5.49571           0.0554375
                  24             5.63997             5.50172           0.0534166
                  25              5.5231             5.50258           0.0512425
                  26             5.55345             5.50453           0.0492711
                  27             5.37329             5.49967           0.0476597
                  28             5.39414              5.4959           0.0460804
                  29             5.32587             5.49004           0.0448479
                  30             5.36175             5.48577           0.0435377
                  31             5.49183             5.48596           0.0421103
                  32             5.39248             5.48304           0.0408777
                  33             5.07826             5.47077           0.0414749
                  34             5.67796             5.47687           0.0406954
                  35             5.49809             5.47747           0.0395202
                  36              5.7514             5.48508           0.0391532
                  37             5.18454             5.47696            0.038937
                  38             4.94606             5.46299           0.0403916
                  39             5.97764             5.47618           0.0414965
                  40             5.45823             5.47574           0.0404483
