                   1           -0.961167           -0.961167                   0
                   2           -0.961447           -0.961307          0.00014008
                   3           -0.946571           -0.956395           0.0049128
                   4           -0.957488           -0.956668          0.00348461
                   5           -0.957806           -0.956896          0.00270874
                   6           -0.959181           -0.957277          0.00224422
                   7           -0.954496           -0.956879          0.00193785
                   8           -0.961597           -0.957469          0.00177882
                   9           -0.959368            -0.95768           0.0015829
                  10           -0.962438           -0.958156          0.00149361
                  11           -0.969019           -0.959144          0.00167347
                  12           -0.966801           -0.959782          0.00165559
                  13           -0.958683           -0.959697          0.00152526
                  14           -0.965021           -0.960077          0.00146242
                  15           -0.960062           -0.960076          0.00136144
                  16           -0.967976            -0.96057          0.00136587
                  17           -0.967829           -0.960997          0.00135221
                  18           -0.974023           -0.961721          0.00146595
                  19           -0.963921           -0.961837          0.00139147
                  20           -0.976608           -0.962575          0.00151264
                  21           -0.969663           -0.962913          0.00147786
                  22           -0.954645           -0.962537          0.00145834
                  23           -0.960417           -0.962445          0.00139654
                  24           -0.964168           -0.962517          0.00133901
                  25           -0.958483           -0.962355          0.00129442
                  26           -0.959674           -0.962252          0.00124791
                  27            -0.95226           -0.961882          0.00125654
                  28           -0.961395           -0.961865          0.00121096
                  29            -0.96292           -0.961901          0.00116902
                  30           -0.957346           -0.961749          0.00113954
                  31            -0.96012           -0.961697          0.00110342
                  32           -0.956944           -0.961548          0.00107866
                  33           -0.953177           -0.961294           0.0010758
                  34           -0.975391           -0.961709          0.00112301
                  35           -0.958624           -0.961621          0.00109401
                  36           -0.961711           -0.961623          0.00106319
                  37           -0.974497           -0.961971          0.00109102
                  38           -0.971008           -0.962209          0.00108822
                  39           -0.966225           -0.962312          0.00106494
                  40           -0.963047            -0.96233          0.00103814
                   1           -0.961524           -0.961524                   0
                   2           -0.961509           -0.961517            7.32e-06
                   3           -0.946476           -0.956503          0.00501346
                   4           -0.957231           -0.956685          0.00354972
                   5           -0.957994           -0.956947          0.00276203
                   6           -0.959152           -0.957314          0.00228495
                   7           -0.954659           -0.956935          0.00196802
                   8           -0.961711           -0.957532          0.00180591
                   9           -0.959417           -0.957742          0.00160637
                  10            -0.96233             -0.9582          0.00150827
                  11           -0.969013           -0.959183          0.00168153
                  12            -0.96679           -0.959817          0.00166075
                  13           -0.958759           -0.959736          0.00152984
                  14            -0.96463           -0.960085          0.00145886
                  15           -0.960191           -0.960093          0.00135814
                  16           -0.968028           -0.960589          0.00136381
                  17           -0.967866           -0.961017          0.00135071
                  18           -0.973779           -0.961726          0.00145753
                  19           -0.963996           -0.961845          0.00138386
                  20           -0.976433           -0.962574          0.00150185
                  21           -0.969707           -0.962914          0.00146837
                  22           -0.954741           -0.962543          0.00144848
                  23           -0.960469           -0.962452            0.001387
                  24           -0.964202           -0.962525          0.00132995
                  25           -0.958683           -0.962372          0.00128487
                  26           -0.959722            -0.96227          0.00123867
                  27           -0.952586           -0.961911          0.00124469
                  28           -0.961324            -0.96189           0.0011996
                  29           -0.963097           -0.961932          0.00115824
                  30           -0.957292           -0.961777          0.00112961
                  31           -0.959841           -0.961715          0.00109434
                  32           -0.956978           -0.961567          0.00106988
                  33           -0.953324           -0.961317          0.00106662
                  34           -0.975506           -0.961734          0.00111575
                  35           -0.958422            -0.96164          0.00108753
                  36           -0.961946           -0.961648          0.00105692
                  37           -0.974345           -0.961991          0.00108373
                  38           -0.970724           -0.962221          0.00107957
                  39           -0.966409           -0.962328          0.00105699
                  40           -0.962996           -0.962345          0.00103036
