                   1             0.30766             0.30766                   0
                   2            0.325342            0.316501          0.00884099
                   3             0.32404            0.319014          0.00568938
                   4             0.31896            0.319001          0.00402303
                   5            0.327161            0.320633          0.00351768
                   6            0.322909            0.321012          0.00289713
                   7            0.314013            0.320012          0.00264484
                   8             0.32612            0.320776          0.00241438
                   9            0.322109            0.320924          0.00213443
                  10            0.313495            0.320181          0.00204856
                  11            0.320205            0.320183          0.00185299
                  12            0.317194            0.319934          0.00170978
                  13            0.323045            0.320173          0.00159088
                  14            0.323117            0.320384           0.0014878
                  15            0.318496            0.320258          0.00139077
                  16            0.337248             0.32132           0.0016793
                  17            0.325031            0.321538          0.00159246
                  18            0.317976             0.32134          0.00151437
                  19            0.321525             0.32135          0.00143249
                  20            0.320638            0.321314          0.00135944
                  21            0.320781            0.321289          0.00129334
                  22            0.325368            0.321474          0.00124701
                  23            0.317844            0.321317          0.00120197
                  24            0.310348            0.320859          0.00123822
                  25            0.321448            0.320883          0.00118789
                  26            0.321772            0.320917           0.0011418
                  27            0.326513            0.321125          0.00111808
                  28            0.318833            0.321043          0.00108051
                  29            0.331705             0.32141          0.00110551
                  30            0.312661            0.321119          0.00110713
                  31            0.319318            0.321061           0.0010724
                  32            0.329033             0.32131          0.00106781
                  33            0.320425            0.321283           0.0010353
                  34             0.32962            0.321528          0.00103389
                  35            0.316473            0.321384          0.00101425
                  36            0.322349             0.32141         0.000986036
                  37            0.323382            0.321464         0.000960495
                  38            0.321992            0.321478         0.000934981
                  39            0.319093            0.321417         0.000912742
                  40             0.31911            0.321359         0.000891497
                   1            0.318109            0.318109                   0
                   2            0.328276            0.323192          0.00508331
                   3            0.320728            0.322371          0.00304765
                   4            0.326708            0.323455          0.00241241
                   5            0.328366            0.324437          0.00211106
                   6            0.322806            0.324165          0.00174498
                   7            0.311528             0.32236          0.00233111
                   8             0.32575            0.322784          0.00206279
                   9            0.318299            0.322286          0.00188623
                  10            0.316161            0.321673          0.00179481
                  11            0.318082            0.321347          0.00165597
                  12             0.31379            0.320717          0.00163759
                  13            0.320736            0.320718          0.00150637
                  14             0.32304            0.320884          0.00140445
                  15            0.319184            0.320771          0.00131238
                  16            0.333901            0.321591          0.00147665
                  17            0.329966            0.322084          0.00147196
                  18            0.327852            0.322405          0.00142429
                  19            0.320633            0.322311          0.00135047
                  20            0.320121            0.322202          0.00128584
                  21            0.328546            0.322504          0.00125984
                  22            0.326321            0.322677          0.00121367
                  23            0.319584            0.322543          0.00116748
                  24            0.311007            0.322062          0.00121674
                  25            0.315899            0.321816          0.00119281
                  26             0.32311            0.321866          0.00114709
                  27            0.325901            0.322015          0.00111386
                  28            0.320351            0.321956          0.00107499
                  29            0.331631            0.322289           0.0010896
                  30            0.317656            0.322135          0.00106392
                  31            0.319799            0.322059          0.00103178
                  32            0.326386            0.322195          0.00100813
                  33            0.320334            0.322138         0.000978726
                  34            0.326503            0.322267         0.000958144
                  35            0.321229            0.322237         0.000930838
                  36            0.321374            0.322213          0.00090493
                  37            0.325046             0.32229         0.000883458
                  38            0.320552            0.322244          0.00086111
                  39            0.323201            0.322268         0.000839099
                  40            0.320102            0.322214         0.000819643
