                   1             1.90628             1.90628                   0
                   2             1.97755             1.94191           0.0356353
                   3             1.81944             1.90109           0.0457154
                   4             1.89453             1.89945           0.0323673
                   5             1.89889             1.89934           0.0250718
                   6              2.0284             1.92085           0.0296946
                   7             1.86055             1.91224           0.0265335
                   8             1.98009             1.92072            0.024494
                   9             1.96344             1.92546           0.0221172
                  10             1.86465             1.91938           0.0206957
                  11             1.83799             1.91198           0.0201292
                  12             1.83519             1.90558           0.0194579
                  13             1.86932             1.90279           0.0181147
                  14             1.92448             1.90434           0.0168423
                  15             1.90597             1.90445           0.0156797
                  16             1.80467             1.89822           0.0159377
                  17             1.88013             1.89715           0.0150086
                  18             1.90105             1.89737           0.0141519
                  19             1.92405             1.89877           0.0134598
                  20             1.99066             1.90337           0.0135705
                  21             1.91859             1.90409           0.0129285
                  22              1.8874             1.90333           0.0123501
                  23             1.85967             1.90144           0.0119527
                  24             1.86128             1.89976           0.0115655
                  25             1.94583             1.90161           0.0112453
                  26             1.84023             1.89924            0.011059
                  27              1.9045             1.89944           0.0106433
                  28             1.91052             1.89984           0.0102638
                  29              1.8643             1.89861          0.00997903
                  30             1.91729             1.89923          0.00966075
                  31             1.83383             1.89712          0.00957913
                  32             1.82784             1.89496          0.00952427
                  33              1.7932             1.89187          0.00973251
                  34             1.89175             1.89187          0.00944192
                  35              1.8593             1.89094          0.00921529
                  36             1.87332             1.89045          0.00896901
                  37             1.92578             1.89141          0.00877533
                  38             1.87442             1.89096          0.00855297
                  39             1.88928             1.89092          0.00833089
                  40             1.96157             1.89268          0.00830987
                   1             1.89078             1.89078                   0
                   2             1.98084             1.93581           0.0450303
                   3              1.8415             1.90437           0.0407938
                   4              1.8765             1.89741           0.0296753
                   5             1.91077             1.90008           0.0231413
                   6             2.04763             1.92467           0.0310119
                   7             1.84304             1.91301            0.028687
                   8             1.94596             1.91713           0.0251827
                   9             1.96797             1.92278           0.0229163
                  10             1.86663             1.91716           0.0212521
                  11              1.8521             1.91125           0.0201127
                  12             1.86927             1.90775           0.0186906
                  13             1.86917             1.90478           0.0174471
                  14             1.89763             1.90427            0.016161
                  15             1.89288             1.90351           0.0150642
                  16              1.8015             1.89714           0.0154666
                  17             1.89209             1.89684           0.0145314
                  18             1.90855             1.89749           0.0137158
                  19             1.93329             1.89937             0.01311
                  20              1.9656             1.90268           0.0128704
                  21             1.93629             1.90428           0.0123464
                  22             1.88315             1.90332           0.0118109
                  23             1.86509             1.90166           0.0114075
                  24             1.84611             1.89935           0.0111644
                  25             1.92954             1.90055           0.0107764
                  26             1.83669              1.8981           0.0106411
                  27             1.89618             1.89803           0.0102396
                  28              1.9036             1.89823          0.00986915
                  29             1.86619             1.89712          0.00958663
                  30             1.94088             1.89858           0.0093757
                  31             1.82904             1.89634          0.00934153
                  32              1.8389             1.89454          0.00922125
                  33             1.79295             1.89146          0.00945283
                  34             1.87887             1.89109          0.00917807
                  35             1.87323             1.89058          0.00892657
                  36             1.88289             1.89037           0.0086777
                  37             1.91166             1.89094          0.00845949
                  38             1.86275              1.8902          0.00826724
                  39             1.89125             1.89023          0.00805251
                  40             1.96907              1.8922          0.00809233
