                   1           -0.812991           -0.812991                   0
                   2           -0.811656           -0.812324          0.00066756
                   3           -0.815014            -0.81322         0.000976027
                   4           -0.814089           -0.813437         0.000723524
                   5           -0.809968           -0.812744         0.000891964
                   6           -0.814883             -0.8131         0.000810877
                   7            -0.81091           -0.812787         0.000753352
                   8           -0.819271           -0.813598          0.00104043
                   9           -0.814111           -0.813655          0.00091934
                  10           -0.817048           -0.813994         0.000889539
                  11           -0.807895            -0.81344         0.000977168
                  12           -0.823103           -0.814245          0.00120173
                  13           -0.809938           -0.813913          0.00115401
                  14           -0.819002           -0.814277          0.00112855
                  15           -0.804395           -0.813618          0.00124007
                  16           -0.813586           -0.813616          0.00115998
                  17           -0.816385           -0.813779          0.00110172
                  18           -0.812776           -0.813723          0.00104021
                  19           -0.812989           -0.813685         0.000984696
                  20           -0.817839           -0.813892         0.000956977
                  21           -0.815886           -0.813987         0.000915204
                  22           -0.812134           -0.813903         0.000876668
                  23           -0.814419           -0.813926         0.000837986
                  24           -0.815685           -0.813999         0.000805652
                  25           -0.811341           -0.813892         0.000780033
                  26           -0.813686           -0.813885         0.000749473
                  27           -0.816054           -0.813965         0.000725644
                  28           -0.810131           -0.813828         0.000712529
                  29           -0.812008           -0.813765          0.00069038
                  30           -0.810814           -0.813667         0.000674188
                  31           -0.811865           -0.813609         0.000654662
                  32           -0.817081           -0.813717         0.000643094
                  33           -0.810952           -0.813633         0.000628911
                  34           -0.809083             -0.8135          0.00062464
                  35           -0.813298           -0.813494         0.000606558
                  36           -0.812968           -0.813479          0.00058965
                  37           -0.814568           -0.813509         0.000574246
                  38           -0.810918            -0.81344         0.000563073
                  39           -0.815458           -0.813492         0.000550879
                  40            -0.81373           -0.813498         0.000536964
                   1           -0.813082           -0.813082                   0
                   2           -0.812101           -0.812592          0.00049068
                   3           -0.814834           -0.813339         0.000799463
                   4           -0.813375           -0.813348         0.000565378
                   5           -0.809841           -0.812647         0.000826908
                   6           -0.814167             -0.8129          0.00072115
                   7           -0.810838           -0.812606         0.000676941
                   8           -0.818935           -0.813397         0.000984719
                   9           -0.814048           -0.813469         0.000871451
                  10           -0.816816           -0.813804         0.000848282
                  11           -0.808236           -0.813298         0.000919224
                  12           -0.822938           -0.814101          0.00116168
                  13            -0.80999           -0.813785          0.00111441
                  14            -0.81865           -0.814132           0.0010887
                  15           -0.804752           -0.813507          0.00119092
                  16           -0.813451           -0.813503          0.00111401
                  17           -0.816649           -0.813688          0.00106266
                  18           -0.812214           -0.813607          0.00100523
                  19           -0.813079           -0.813579         0.000951256
                  20           -0.818409            -0.81382         0.000934196
                  21           -0.815632           -0.813907         0.000892777
                  22           -0.811502           -0.813797         0.000858218
                  23           -0.814273           -0.813818         0.000820317
                  24           -0.815765           -0.813899         0.000789572
                  25           -0.810997           -0.813783         0.000766178
                  26           -0.813195            -0.81376         0.000736467
                  27           -0.816545           -0.813864         0.000716129
                  28           -0.809903           -0.813722         0.000704425
                  29           -0.811784           -0.813655         0.000682977
                  30           -0.811315           -0.813577         0.000664415
                  31           -0.812141           -0.813531         0.000644293
                  32           -0.818166           -0.813676         0.000640428
                  33            -0.81111           -0.813598         0.000625569
                  34           -0.809214           -0.813469         0.000620436
                  35           -0.813069           -0.813458         0.000602557
                  36           -0.813599           -0.813462         0.000585593
                  37           -0.813574           -0.813465         0.000569554
                  38           -0.810601           -0.813389         0.000559462
                  39           -0.815739           -0.813449         0.000548249
                  40           -0.813648           -0.813454          0.00053439
