                   1           -0.650484           -0.650484                   0
                   2           -0.648641           -0.649563          0.00092144
                   3           -0.646491           -0.648539          0.00115404
                   4             -0.6449           -0.647629          0.00122208
                   5           -0.645967           -0.647297          0.00100331
                   6           -0.648978           -0.647577         0.000865804
                   7           -0.651011           -0.648067         0.000880991
                   8           -0.648935           -0.648176         0.000770629
                   9           -0.651112           -0.648502         0.000753872
                  10           -0.648628           -0.648515         0.000674401
                  11            -0.64798           -0.648466         0.000611951
                  12           -0.649271           -0.648533         0.000562649
                  13           -0.649738           -0.648626         0.000525791
                  14           -0.652317           -0.648889         0.000553611
                  15           -0.647972           -0.648828         0.000518998
                  16           -0.648392           -0.648801         0.000486244
                  17           -0.645577           -0.648611          0.00049455
                  18           -0.648601           -0.648611         0.000466267
                  19           -0.653017           -0.648843          0.00049829
                  20           -0.651393            -0.64897         0.000489617
                  21           -0.649117           -0.648977         0.000465771
                  22           -0.649964           -0.649022         0.000446352
                  23            -0.64659           -0.648916         0.000439414
                  24           -0.649443           -0.648938         0.000421279
                  25           -0.650026           -0.648982         0.000406414
                  26           -0.651182           -0.649066         0.000399531
                  27           -0.644312            -0.64889         0.000422862
                  28            -0.65086           -0.648961         0.000413506
                  29           -0.649554           -0.648981         0.000399517
                  30           -0.648907           -0.648979         0.000385978
                  31           -0.647186           -0.648921         0.000377772
                  32           -0.651067           -0.648988         0.000371875
                  33           -0.648159           -0.648963         0.000361304
                  34           -0.648038           -0.648936         0.000351571
                  35           -0.652115           -0.649026         0.000353256
                  36            -0.64915            -0.64903          0.00034332
                  37           -0.647241           -0.648981         0.000337395
                  38           -0.648581           -0.648971         0.000328566
                  39           -0.645983           -0.648894         0.000329075
                  40            -0.64705           -0.648848          0.00032404
                   1           -0.649375           -0.649375                   0
                   2           -0.648763           -0.649069          0.00030572
                   3           -0.647272            -0.64847         0.000624337
                   4           -0.645351            -0.64769         0.000896072
                   5           -0.645895           -0.647331         0.000781462
                   6            -0.64896           -0.647603         0.000693396
                   7           -0.650627           -0.648035         0.000728051
                   8           -0.648124           -0.648046         0.000630609
                   9           -0.651609           -0.648442         0.000682654
                  10           -0.647892           -0.648387         0.000613053
                  11           -0.648966           -0.648439         0.000557019
                  12           -0.649831           -0.648555         0.000521537
                  13           -0.649661            -0.64864         0.000487229
                  14           -0.652904           -0.648945          0.00054426
                  15           -0.648149           -0.648892         0.000509448
                  16           -0.647904            -0.64883         0.000480524
                  17           -0.645022           -0.648606         0.000503914
                  18           -0.648521           -0.648601         0.000475118
                  19           -0.653353           -0.648851         0.000514301
                  20            -0.65175           -0.648996         0.000508986
                  21           -0.649202           -0.649006         0.000484241
                  22           -0.649436           -0.649026         0.000462118
                  23           -0.646955           -0.648936         0.000450655
                  24           -0.648836           -0.648932         0.000431489
                  25           -0.650005           -0.648974          0.00041609
                  26           -0.650584           -0.649036         0.000404531
                  27           -0.644623           -0.648873         0.000422185
                  28           -0.651069           -0.648951         0.000414322
                  29           -0.649566           -0.648973         0.000400341
                  30           -0.649397           -0.648987         0.000387025
                  31           -0.646861           -0.648918          0.00038056
                  32           -0.651849            -0.64901         0.000379688
                  33           -0.648528           -0.648995         0.000368292
                  34           -0.647558           -0.648953         0.000359786
                  35           -0.653308           -0.649077         0.000370856
                  36           -0.649816           -0.649098         0.000360991
                  37           -0.647718           -0.649061         0.000353075
                  38           -0.648418           -0.649044         0.000344073
                  39           -0.646234           -0.648972         0.000342789
                  40           -0.647103           -0.648925         0.000337358
