                   1            0.031276            0.031276                   0
                   2            0.024508            0.027892            0.003384
                   3            0.024488           0.0267573          0.00225934
                   4            0.030376            0.027662          0.00183596
                   5            0.021092            0.026348          0.00193624
                   6            0.016316            0.024676          0.00230107
                   7            0.028484             0.02522          0.00201941
                   8             0.03146               0.026          0.00191492
                   9            0.038032           0.0273369          0.00215391
                  10            0.029224           0.0275256          0.00193574
                  11            0.040644           0.0287182           0.0021185
                  12            0.027908           0.0286507          0.00193509
                  13              0.0345           0.0291006          0.00183602
                  14            0.029296           0.0291146          0.00169988
                  15            0.017744           0.0283565          0.00175469
                  16            0.033244            0.028662          0.00166954
                  17              0.0298           0.0287289          0.00156969
                  18            0.034032           0.0290236          0.00150896
                  19            0.021784           0.0286425          0.00147731
                  20            0.025116           0.0284662          0.00141255
                  21            0.020492           0.0280865          0.00139623
                  22            0.026168           0.0279993          0.00133411
                  23            0.025276           0.0278809          0.00128027
                  24            0.024996           0.0277607          0.00123165
                  25            0.024556           0.0276325          0.00118829
                  26            0.029588           0.0277077          0.00114414
                  27            0.031312           0.0278412          0.00110902
                  28            0.028092           0.0278501          0.00106871
                  29              0.0299           0.0279208          0.00103362
                  30            0.021684           0.0277129          0.00101999
                  31            0.029708           0.0277773         0.000988632
                  32            0.026096           0.0277247         0.000958679
                  33             0.02798           0.0277325         0.000929206
                  34            0.036712           0.0279966         0.000939354
                  35            0.024484           0.0278962         0.000917625
                  36            0.024168           0.0277927         0.000897764
                  37            0.029132           0.0278289         0.000873913
                  38            0.039004           0.0281229         0.000900007
                  39            0.026532           0.0280822         0.000877575
                  40            0.026044           0.0280312         0.000856871
                   1               0.031               0.031                   0
                   2            0.024936            0.027968            0.003032
                   3            0.025388            0.027108          0.00195037
                   4            0.029652            0.027744          0.00151871
                   5            0.019408           0.0260768          0.00204045
                   6            0.014768            0.024192          0.00251557
                   7            0.029248           0.0249143          0.00224539
                   8            0.032328            0.025841          0.00215409
                   9             0.03924           0.0273298           0.0024136
                  10            0.030288           0.0276256          0.00217896
                  11            0.042052           0.0289371          0.00236741
                  12            0.027244            0.028796          0.00216574
                  13            0.035508           0.0293123          0.00205801
                  14            0.030136           0.0293711          0.00190625
                  15            0.017184           0.0285587          0.00195177
                  16            0.033256           0.0288522          0.00184917
                  17            0.031044           0.0289812          0.00174177
                  18            0.033728           0.0292449           0.0016632
                  19             0.02006           0.0287615          0.00164582
                  20            0.024924           0.0285696          0.00157311
                  21             0.02032           0.0281768          0.00154703
                  22            0.025968           0.0280764          0.00147845
                  23            0.025192            0.027951          0.00141826
                  24             0.02372           0.0277747          0.00136928
                  25            0.026056           0.0277059          0.00131517
                  26              0.0293           0.0277672          0.00126506
                  27            0.029496           0.0278313          0.00121898
                  28            0.027764           0.0278289          0.00117465
                  29             0.02822           0.0278423           0.0011335
                  30            0.022212           0.0276547          0.00111103
                  31            0.028732           0.0276894          0.00107515
                  32             0.02424           0.0275816          0.00104658
                  33            0.027228           0.0275709          0.00101443
                  34            0.035216           0.0277958           0.0010095
                  35            0.023744             0.02768         0.000987043
                  36            0.026316           0.0276421         0.000959981
                  37            0.028024           0.0276524         0.000933732
                  38            0.039832           0.0279729          0.00096369
                  39            0.026964           0.0279471         0.000939011
                  40            0.026356           0.0279073         0.000916099
