                   1             1.66441             1.66441                   0
                   2             1.71559                1.69           0.0255899
                   3             1.64589              1.6753           0.0208441
                   4             1.66226             1.67204           0.0150952
                   5             1.60409             1.65845           0.0179284
                   6             1.72158             1.66897            0.018028
                   7             1.68044             1.67061           0.0153243
                   8             1.68858             1.67286             0.01346
                   9             1.64998             1.67031           0.0121397
                  10             1.66914              1.6702           0.0108587
                  11             1.75314             1.67774           0.0123825
                  12             1.64896             1.67534           0.0115551
                  13             1.70854             1.67789           0.0109317
                  14             1.69066              1.6788           0.0101618
                  15             1.63713             1.67603          0.00985959
                  16             1.66575             1.67538          0.00924515
                  17             1.71896             1.67795          0.00905469
                  18             1.61172             1.67427          0.00929602
                  19             1.70032             1.67564          0.00889945
                  20             1.62617             1.67317          0.00879768
                  21             1.67058             1.67304          0.00836917
                  22             1.68216             1.67346          0.00799045
                  23             1.66602             1.67313          0.00764199
                  24             1.71036             1.67468          0.00747928
                  25             1.68652             1.67516          0.00718947
                  26             1.60595              1.6725          0.00740256
                  27             1.66874             1.67236          0.00712448
                  28             1.65848             1.67186           0.0068832
                  29              1.6638             1.67158          0.00664742
                  30              1.6776             1.67178          0.00642515
                  31              1.6548             1.67124          0.00623854
                  32             1.70109             1.67217          0.00611206
                  33             1.70466             1.67315          0.00600523
                  34             1.60586             1.67117          0.00615295
                  35             1.73156              1.6729          0.00621871
                  36             1.68261             1.67317          0.00604952
                  37             1.68188             1.67341          0.00588847
                  38             1.70684             1.67428          0.00579854
                  39             1.63658             1.67332          0.00573006
                  40             1.71755             1.67442          0.00569339
                   1             1.66971             1.66971                   0
                   2             1.71336             1.69153           0.0218268
                   3             1.64231             1.67513           0.0206877
                   4             1.64022              1.6664            0.017033
                   5             1.63025             1.65917           0.0150444
                   6             1.72975             1.67093           0.0170073
                   7             1.70856             1.67631           0.0153461
                   8             1.67407             1.67603            0.013293
                   9             1.65911             1.67415           0.0118732
                  10              1.6853             1.67526           0.0106781
                  11             1.75241             1.68228           0.0119362
                  12             1.65213             1.67976           0.0111822
                  13             1.71355             1.68236           0.0106093
                  14             1.68456             1.68252          0.00982359
                  15             1.64113             1.67976          0.00955243
                  16             1.66977             1.67914          0.00895726
                  17             1.72006             1.68154          0.00875151
                  18             1.60427             1.67725          0.00930096
                  19             1.69075             1.67796          0.00882647
                  20             1.63931             1.67603          0.00859363
                  21             1.66037             1.67528          0.00820811
                  22             1.67771             1.67539           0.0078269
                  23             1.64203             1.67394          0.00761829
                  24             1.71512             1.67566          0.00749306
                  25             1.65465             1.67482          0.00723604
                  26             1.60257             1.67204          0.00748692
                  27             1.66627             1.67183          0.00720746
                  28             1.67855             1.67207          0.00694943
                  29             1.66741             1.67191          0.00670743
                  30             1.67327             1.67195          0.00648016
                  31             1.65875             1.67153          0.00628209
                  32             1.69921             1.67239          0.00614382
                  33             1.71639             1.67372          0.00610216
                  34             1.62365             1.67225          0.00610042
                  35             1.73247             1.67397          0.00616838
                  36             1.65467             1.67344          0.00601851
                  37             1.68385             1.67372          0.00586035
                  38             1.70264             1.67448           0.0057546
                  39             1.64057             1.67361          0.00567214
                  40             1.71246             1.67458          0.00561317
