                   1             1.34112             1.34112                   0
                   2             1.32912             1.33512          0.00599667
                   3             1.34957             1.33994          0.00593127
                   4              1.3442               1.341          0.00432714
                   5              1.3718             1.34716          0.00701297
                   6             1.35771             1.34892          0.00598981
                   7             1.33676             1.34718          0.00535202
                   8             1.36402             1.34929           0.0050905
                   9             1.34242             1.34852          0.00455372
                  10             1.37049             1.35072          0.00462746
                  11             1.34439             1.35015          0.00422504
                  12             1.36521              1.3514          0.00405614
                  13             1.34948             1.35125          0.00373403
                  14             1.38817             1.35389           0.0043478
                  15             1.33936             1.35292          0.00416187
                  16             1.33674             1.35191          0.00402225
                  17             1.38687             1.35397          0.00430167
                  18              1.3946             1.35622           0.0046415
                  19             1.33082             1.35489          0.00458956
                  20             1.33783             1.35403          0.00443682
                  21             1.37273             1.35492          0.00431314
                  22             1.34189             1.35433          0.00415488
                  23             1.41266             1.35687          0.00471107
                  24              1.3372             1.35605          0.00458435
                  25             1.38888             1.35736          0.00458909
                  26             1.34882             1.35703          0.00442127
                  27             1.36089             1.35718          0.00425676
                  28             1.34575             1.35677          0.00412218
                  29             1.37175             1.35728          0.00401091
                  30             1.32671             1.35627          0.00400673
                  31             1.36252             1.35647          0.00388057
                  32             1.36356             1.35669          0.00376387
                  33             1.37789             1.35733          0.00370417
                  34             1.37488             1.35785          0.00363045
                  35             1.39084             1.35879          0.00364907
                  36             1.41422             1.36033          0.00386612
                  37             1.33144             1.35955          0.00384041
                  38             1.35788              1.3595          0.00373824
                  39             1.32931             1.35873          0.00372254
                  40             1.37566             1.35915          0.00365289
                   1             1.31723             1.31723                   0
                   2             1.33897              1.3281           0.0108719
                   3             1.34607             1.33409          0.00867669
                   4             1.34048             1.33569          0.00633964
                   5             1.37361             1.34327           0.0090346
                   6              1.3557             1.34534          0.00766194
                   7             1.33329             1.34362          0.00670073
                   8             1.34498             1.34379          0.00580548
                   9              1.3519             1.34469          0.00519857
                  10             1.37155             1.34738          0.00536951
                  11             1.34428              1.3471          0.00486504
                  12              1.3525             1.34755           0.0044639
                  13             1.38165             1.35017          0.00487274
                  14             1.38471             1.35264          0.00514191
                  15             1.37263             1.35397          0.00496903
                  16             1.33469             1.35276           0.0048018
                  17             1.39424              1.3552          0.00512802
                  18             1.40422             1.35793          0.00554878
                  19             1.34859             1.35744          0.00527156
                  20              1.3384             1.35648          0.00509079
                  21             1.39394             1.35827          0.00516038
                  22             1.34792              1.3578          0.00494267
                  23             1.40336             1.35978          0.00512148
                  24             1.32756             1.35844          0.00508391
                  25              1.3864             1.35955          0.00500299
                  26             1.32725             1.35831          0.00496467
                  27             1.34905             1.35797          0.00478956
                  28             1.35827             1.35798          0.00461534
                  29             1.39173             1.35914          0.00460295
                  30             1.33732             1.35842          0.00450599
                  31             1.37267             1.35888           0.0043824
                  32             1.36737             1.35914          0.00425153
                  33             1.38131             1.35981          0.00417508
                  34             1.35678             1.35972          0.00405141
                  35             1.38267             1.36038          0.00398818
                  36             1.41719             1.36196          0.00418482
                  37             1.32396             1.36093          0.00419771
                  38             1.35439             1.36076          0.00408938
                  39             1.33474             1.36009          0.00403863
                  40             1.36712             1.36027          0.00394028
