                   1             2.85173             2.85173                   0
                   2             2.92714             2.88944           0.0377032
                   3             3.00236             2.92708           0.0434812
                   4              2.8649             2.91153           0.0344521
                   5             3.04232             2.93769           0.0373687
                   6             3.19968             2.98136            0.053269
                   7             3.08339             2.99593           0.0473215
                   8             2.99075             2.99528           0.0409867
                   9             2.93403             2.98848           0.0367821
                  10             2.79754             2.96938           0.0380384
                  11             2.97034             2.96947           0.0344072
                  12             2.80476             2.95574           0.0342774
                  13             3.01798             2.96053            0.031892
                  14             2.92664             2.95811           0.0296253
                  15             2.83232             2.94973           0.0288265
                  16             3.03373             2.95498           0.0274711
                  17             2.83911             2.94816           0.0266895
                  18             2.99971             2.95102           0.0253256
                  19             3.01885             2.95459           0.0242202
                  20             3.09528             2.96163           0.0240299
                  21             2.88148             2.95781           0.0231734
                  22             2.85984             2.95336           0.0225393
                  23             2.77718              2.9457           0.0228586
                  24              2.9636             2.94644           0.0218982
                  25             3.03681             2.95006           0.0213127
                  26             2.90732             2.94842           0.0205425
                  27             3.05819             2.95248           0.0201808
                  28             2.94717             2.95229           0.0194477
                  29              2.9538             2.95234           0.0187651
                  30             2.81065             2.94762            0.018734
                  31             2.99204             2.94905           0.0181762
                  32              2.8963              2.9474           0.0176761
                  33             2.96837             2.94804           0.0171438
                  34             2.91913             2.94719           0.0166537
                  35             2.97987             2.94812           0.0161978
                  36             2.82782             2.94478           0.0160922
                  37             2.86651             2.94267           0.0157936
                  38             2.93874             2.94256           0.0153727
                  39              3.2476             2.95038           0.0168931
                  40             2.84869             2.94784           0.0166605
                   1             2.87179             2.87179                   0
                   2             2.93946             2.90563           0.0338371
                   3             2.99256              2.9346           0.0349477
                   4             2.86792             2.91793           0.0298092
                   5             3.03295             2.94094           0.0325936
                   6             3.19536             2.98334           0.0500628
                   7             3.08598               2.998           0.0447795
                   8             2.93521             2.99015           0.0395667
                   9             2.92659             2.98309           0.0356022
                  10             2.82343             2.96713           0.0356219
                  11             2.95633             2.96614           0.0322362
                  12             2.81828             2.95382           0.0319032
                  13             2.99647              2.9571           0.0295295
                  14             2.93878             2.95579           0.0273703
                  15             2.84312             2.94828           0.0265645
                  16             3.05927             2.95522           0.0257989
                  17             2.81699             2.94709           0.0255617
                  18             2.98159               2.949           0.0241759
                  19             3.04685             2.95415           0.0234407
                  20             3.07963             2.96043           0.0231059
                  21             2.86312             2.95579           0.0224613
                  22             2.86704             2.95176           0.0217927
                  23             2.78288             2.94442           0.0220802
                  24             2.97258             2.94559           0.0211727
                  25             3.03071               2.949           0.0205916
                  26             2.92864             2.94821           0.0197992
                  27             3.06262             2.95245           0.0195174
                  28             2.95507             2.95254           0.0188076
                  29             2.93573             2.95196           0.0181568
                  30             2.78165             2.94629           0.0184369
                  31             2.99108             2.94773           0.0178907
                  32             2.87564             2.94548           0.0174685
                  33              2.9247             2.94485           0.0169425
                  34             2.91865             2.94408           0.0164547
                  35             2.98466             2.94524           0.0160197
                  36             2.80009             2.94121            0.016082
                  37             2.88844             2.93978           0.0157062
                  38             2.93623             2.93969           0.0152876
                  39             3.25638             2.94781           0.0169606
                  40             2.87141              2.9459           0.0166411
