                   1            0.013004            0.013004                   0
                   2            0.018276             0.01564            0.002636
                   3             0.01482           0.0153667          0.00154625
                   4            0.010004            0.014026          0.00172998
                   5            0.024124           0.0160456          0.00242373
                   6            0.019472           0.0166167          0.00205972
                   7            0.024032            0.017676          0.00203777
                   8            0.024588             0.01854          0.00196491
                   9             0.02484             0.01924          0.00186893
                  10            0.018364           0.0191524          0.00167392
                  11             0.01462           0.0187404          0.00156918
                  12            0.030004            0.019679          0.00171259
                  13            0.026736           0.0202218          0.00166626
                  14             0.01496            0.019846          0.00158778
                  15             0.02166           0.0199669          0.00148308
                  16            0.019432           0.0199335           0.0013877
                  17            0.013904           0.0195788          0.00135091
                  18            0.022348           0.0197327          0.00128291
                  19            0.025808           0.0200524          0.00125493
                  20            0.022432           0.0201714          0.00119646
                  21            0.020432           0.0201838          0.00113813
                  22             0.02372           0.0203445            0.001097
                  23            0.023424           0.0204784          0.00105674
                  24            0.027668            0.020778          0.00105517
                  25            0.022784           0.0208582          0.00101526
                  26            0.028892           0.0211672           0.0010232
                  27            0.015308           0.0209502           0.0010082
                  28            0.018048           0.0208466         0.000977043
                  29            0.026376           0.0210372         0.000961838
                  30            0.022248           0.0210776           0.0009301
                  31            0.023228            0.021147         0.000902267
                  32            0.022212           0.0211803          0.00087425
                  33            0.026168           0.0213314         0.000860718
                  34            0.026692           0.0214891         0.000849773
                  35            0.016828           0.0213559         0.000835815
                  36             0.01962           0.0213077         0.000813696
                  37            0.023988           0.0213801         0.000794707
                  38            0.023252           0.0214294         0.000775078
                  39            0.013152           0.0212171         0.000784209
                  40             0.02576           0.0213307         0.000772744
                   1             0.01436             0.01436                   0
                   2            0.019088            0.016724            0.002364
                   3            0.015172           0.0162067          0.00145961
                   4             0.01182             0.01511          0.00150596
                   5            0.023812           0.0168504          0.00209517
                   6            0.018452           0.0171173           0.0017314
                   7             0.02246           0.0178806          0.00165039
                   8            0.025624           0.0188485          0.00172619
                   9            0.024072           0.0194289          0.00162924
                  10            0.019372           0.0194232          0.00145724
                  11            0.015064           0.0190269          0.00137641
                  12            0.029236           0.0198777          0.00151741
                  13            0.027316           0.0204498          0.00150854
                  14            0.015716           0.0201117          0.00143699
                  15            0.021016            0.020172          0.00133912
                  16            0.018248           0.0200518          0.00125839
                  17            0.014016           0.0196967          0.00123422
                  18             0.02378           0.0199236          0.00118554
                  19            0.023732            0.020124          0.00113918
                  20             0.02302           0.0202688          0.00109038
                  21            0.019152           0.0202156          0.00103852
                  22            0.022788           0.0203325         0.000997071
                  23            0.023456           0.0204683         0.000962364
                  24            0.029208           0.0208325         0.000990744
                  25            0.022716           0.0209078          0.00095327
                  26            0.028672           0.0212065         0.000963326
                  27            0.014232           0.0209481         0.000962279
                  28            0.016588           0.0207924          0.00094026
                  29             0.02716            0.021012          0.00093345
                  30            0.022864           0.0210737         0.000903909
                  31            0.022584           0.0211225         0.000875621
                  32            0.022104           0.0211531         0.000848371
                  33             0.02634           0.0213103         0.000837149
                  34            0.026056           0.0214499          0.00082406
                  35            0.020296           0.0214169         0.000800848
                  36            0.018588           0.0213383         0.000782242
                  37            0.024008           0.0214105          0.00076422
                  38            0.022764           0.0214461          0.00074469
                  39            0.013572           0.0212442         0.000752919
                  40            0.025632           0.0213539         0.000742008
