                   1            0.202517            0.202517                   0
                   2            0.195847            0.199182          0.00333519
                   3            0.207455             0.20194          0.00336327
                   4            0.194038            0.199964          0.00309167
                   5            0.203364            0.200644          0.00248949
                   6            0.202373            0.200932          0.00205297
                   7            0.198373            0.200567          0.00177318
                   8            0.198652            0.200327          0.00155416
                   9            0.196323            0.199882          0.00144104
                  10            0.199202            0.199814           0.0012907
                  11            0.198121             0.19966           0.0011776
                  12            0.199554            0.199651          0.00107503
                  13            0.196834            0.199435          0.00101235
                  14             0.19579            0.199174         0.000972747
                  15            0.198959             0.19916         0.000905691
                  16            0.203867            0.199454         0.000896828
                  17            0.194875            0.199185         0.000884436
                  18             0.19692            0.199059         0.000843293
                  19            0.199194            0.199066         0.000797707
                  20            0.198458            0.199036         0.000757382
                  21            0.196157            0.198899         0.000733341
                  22            0.194417            0.198695         0.000728281
                  23            0.197551            0.198645         0.000697673
                  24            0.197658            0.198604         0.000669236
                  25            0.192884            0.198375         0.000681463
                  26            0.200821            0.198469         0.000661449
                  27            0.196859             0.19841         0.000639269
                  28             0.19856            0.198415         0.000616039
                  29            0.198496            0.198418         0.000594423
                  30            0.194399            0.198284         0.000589682
                  31            0.200912            0.198369         0.000576608
                  32            0.197728            0.198349         0.000558657
                  33            0.197052            0.198309         0.000542886
                  34            0.195503            0.198227         0.000533106
                  35            0.197272              0.1982         0.000518369
                  36            0.196477            0.198152         0.000506032
                  37            0.193963            0.198038          0.00050502
                  38            0.192639            0.197896         0.000511678
                  39            0.194204            0.197802         0.000507296
                  40            0.205123            0.197985         0.000527243
                   1            0.199524            0.199524                   0
                   2            0.198685            0.199105         0.000419814
                   3            0.200706            0.199638          0.00058632
                   4            0.195775            0.198673          0.00105105
                   5            0.197829            0.198504         0.000831424
                   6            0.200567            0.198848         0.000760939
                   7            0.193956            0.198149         0.000949739
                   8            0.197759              0.1981         0.000823943
                   9            0.195478            0.197809          0.00078287
                  10            0.200882            0.198116         0.000764691
                  11            0.194186            0.197759         0.000778531
                  12            0.197899            0.197771         0.000710795
                  13            0.198444            0.197822         0.000655886
                  14            0.196238            0.197709         0.000617686
                  15            0.197828            0.197717         0.000575088
                  16            0.198543            0.197769         0.000540415
                  17            0.199332            0.197861         0.000515891
                  18            0.194705            0.197685         0.000517014
                  19            0.197993            0.197702         0.000489314
                  20            0.197975            0.197715         0.000464406
                  21            0.199411            0.197796         0.000449054
                  22            0.193588            0.197605         0.000468939
                  23            0.199277            0.197677         0.000453951
                  24            0.198747            0.197722         0.000436904
                  25            0.194999            0.197613         0.000432986
                  26            0.196054            0.197553         0.000420299
                  27             0.19938            0.197621         0.000410054
                  28            0.200726            0.197732         0.000410402
                  29            0.205199            0.197989         0.000472351
                  30            0.199103            0.198026         0.000457844
                  31             0.19824            0.198033         0.000442882
                  32            0.195883            0.197966         0.000434048
                  33            0.194811             0.19787         0.000431415
                  34            0.197836            0.197869         0.000418536
                  35            0.199857            0.197926         0.000410351
                  36            0.204496            0.198109         0.000438568
                  37            0.197753            0.198099         0.000426659
                  38            0.194079            0.197993          0.00042854
                  39            0.195749            0.197936         0.000421354
                  40            0.202349            0.198046         0.000425249
