                   1            0.049384            0.049384                   0
                   2            0.052376             0.05088            0.001496
                   3            0.036748           0.0461693          0.00478919
                   4            0.041676            0.045046          0.00356792
                   5            0.041376            0.044312          0.00285951
                   6            0.050008           0.0452613           0.0025204
                   7            0.042308           0.0448394          0.00217151
                   8            0.058468            0.046543          0.00253747
                   9            0.046152           0.0464996          0.00223826
                  10            0.044988           0.0463484          0.00200766
                  11             0.02996           0.0448585          0.00234894
                  12            0.038516             0.04433          0.00220846
                  13            0.042296           0.0441735           0.0020375
                  14            0.054196           0.0448894          0.00201763
                  15            0.049584           0.0452024          0.00190421
                  16            0.033084            0.044445          0.00193557
                  17            0.029036           0.0435386          0.00203156
                  18            0.045368           0.0436402          0.00191807
                  19            0.048212           0.0438808           0.0018302
                  20            0.037736           0.0435736          0.00176325
                  21            0.044892           0.0436364          0.00167836
                  22            0.035296           0.0432573          0.00164455
                  23             0.03264           0.0427957          0.00163782
                  24             0.04596           0.0429275          0.00157363
                  25            0.039492           0.0427901          0.00151561
                  26            0.041976           0.0427588          0.00145649
                  27            0.036496           0.0425268          0.00142057
                  28            0.030872           0.0421106          0.00143079
                  29            0.046848           0.0422739           0.0013902
                  30            0.036988           0.0420977          0.00135457
                  31            0.043196           0.0421332          0.00131062
                  32             0.04668           0.0422753          0.00127693
                  33            0.039988           0.0422059          0.00123957
                  34            0.042712           0.0422208          0.00120266
                  35            0.040496           0.0421715          0.00116883
                  36            0.054208           0.0425059          0.00118408
                  37            0.047152           0.0426315          0.00115846
                  38            0.038612           0.0425257          0.00113251
                  39            0.038148           0.0424134          0.00110879
                  40             0.04176           0.0423971          0.00108084
                   1            0.051032            0.051032                   0
                   2            0.051456            0.051244            0.000212
                   3            0.036788           0.0464253          0.00482022
                   4            0.042728            0.045501          0.00353152
                   5            0.042016            0.044804          0.00282291
                   6             0.05228             0.04605          0.00262012
                   7            0.042772           0.0455817          0.00226338
                   8             0.05934           0.0473015          0.00260765
                   9             0.04736            0.047308          0.00229974
                  10            0.046272           0.0472044          0.00205956
                  11             0.03008           0.0456476          0.00242777
                  12            0.038884            0.045084          0.00228679
                  13             0.04358           0.0449683          0.00210672
                  14            0.054376           0.0456403          0.00206295
                  15            0.049376           0.0458893          0.00193659
                  16            0.032272           0.0450382          0.00200148
                  17            0.030352           0.0441744          0.00206905
                  18            0.044992           0.0442198          0.00195124
                  19            0.049028           0.0444728          0.00186296
                  20            0.039112           0.0442048          0.00178757
                  21            0.045688           0.0442754          0.00170178
                  22            0.037128           0.0439505          0.00165479
                  23            0.033452           0.0434941          0.00164578
                  24            0.045484            0.043577          0.00157789
                  25            0.038712           0.0433824          0.00152592
                  26            0.042776           0.0433591          0.00146624
                  27            0.034188           0.0430194           0.0014512
                  28             0.03038            0.042568          0.00146947
                  29            0.047712           0.0427454          0.00142894
                  30            0.036884             0.04255          0.00139425
                  31             0.04526           0.0426374          0.00135135
                  32            0.047584            0.042792          0.00131754
                  33            0.038192           0.0426526          0.00128458
                  34            0.042724           0.0426547          0.00124622
                  35            0.039724            0.042571          0.00121299
                  36            0.054544           0.0429036          0.00122483
                  37            0.047476           0.0430271          0.00119766
                  38            0.039236           0.0429274          0.00116998
                  39             0.03716           0.0427795          0.00114914
                  40            0.041516           0.0427479          0.00112049
