                   1            0.271584            0.271584                   0
                   2            0.271485            0.271535         4.97027e-05
                   3            0.273387            0.272152         0.000618115
                   4            0.268617            0.271268         0.000985855
                   5             0.27736            0.272487          0.00143785
                   6            0.275779            0.273035           0.0012959
                   7            0.272487            0.272957          0.00109803
                   8            0.277017            0.273465          0.00107789
                   9            0.276741            0.273829          0.00101794
                  10            0.274175            0.273863         0.000911133
                  11            0.272421            0.273732         0.000834515
                  12            0.272635            0.273641         0.000767271
                  13            0.264495            0.272937         0.000996528
                  14            0.272349            0.272895         0.000923561
                  15            0.272439            0.272865         0.000860326
                  16            0.277698            0.273167         0.000859594
                  17            0.278587            0.273486          0.00086812
                  18            0.275334            0.273588         0.000824888
                  19            0.269657            0.273382         0.000807232
                  20            0.271959             0.27331         0.000769106
                  21            0.277863            0.273527         0.000763014
                  22            0.266534            0.273209         0.000793911
                  23            0.275411            0.273305         0.000764624
                  24            0.276035            0.273419         0.000740856
                  25            0.279633            0.273667         0.000752829
                  26             0.27864            0.273859         0.000748152
                  27            0.275107            0.273905         0.000721392
                  28            0.274066            0.273911         0.000695175
                  29            0.270842            0.273805         0.000679073
                  30               0.272            0.273745         0.000658799
                  31            0.280819            0.273973          0.00067683
                  32            0.276736            0.274059         0.000661003
                  33            0.269738            0.273928         0.000653902
                  34            0.267488            0.273739         0.000662055
                  35            0.266994            0.273546         0.000671124
                  36            0.272462            0.273516          0.00065291
                  37            0.276292            0.273591         0.000639435
                  38            0.270369            0.273506         0.000628129
                  39            0.270635            0.273433         0.000616226
                  40            0.279736             0.27359         0.000620951
                   1            0.272096            0.272096                   0
                   2            0.271955            0.272026         7.04897e-05
                   3            0.273505            0.272519         0.000494754
                   4            0.270262            0.271955         0.000663982
                   5            0.279577            0.273479          0.00160892
                   6            0.274802              0.2737          0.00133206
                   7            0.271915            0.273445           0.0011543
                   8            0.271098            0.273151          0.00104181
                   9             0.27516            0.273374         0.000945506
                  10             0.27591            0.273628          0.00088289
                  11            0.273281            0.273597         0.000799227
                  12            0.268826            0.273199         0.000830851
                  13             0.26699            0.272721         0.000901218
                  14              0.2741             0.27282         0.000840155
                  15            0.273142            0.272841         0.000782436
                  16            0.278185            0.273175         0.000804491
                  17            0.279383             0.27354         0.000839279
                  18            0.279186            0.273854         0.000851166
                  19            0.272324            0.273774         0.000809141
                  20            0.270758            0.273623         0.000782289
                  21            0.275229            0.273699         0.000748025
                  22            0.271611            0.273604         0.000719504
                  23            0.274614            0.273648          0.00068891
                  24             0.27528            0.273716         0.000663074
                  25            0.273806             0.27372         0.000636008
                  26            0.278762            0.273914         0.000641095
                  27             0.27533            0.273966         0.000619121
                  28            0.272558            0.273916         0.000598717
                  29            0.276836            0.274017         0.000586412
                  30            0.272337            0.273961         0.000569289
                  31            0.274698            0.273984         0.000551132
                  32            0.271695            0.273913         0.000538407
                  33            0.267904            0.273731          0.00055269
                  34            0.265425            0.273486         0.000589209
                  35            0.269518            0.273373         0.000583252
                  36             0.27515            0.273422         0.000568963
                  37             0.27928            0.273581         0.000575573
                  38            0.269267            0.273467         0.000571609
                  39            0.265488            0.273263         0.000593162
                  40             0.27491            0.273304         0.000579607
