                   1            0.250331            0.250331                   0
                   2             0.25022            0.250276          5.5493e-05
                   3            0.248053            0.249535         0.000741527
                   4            0.250797             0.24985         0.000611949
                   5            0.258148             0.25151          0.00172596
                   6            0.253703            0.251876          0.00145585
                   7            0.248168            0.251346          0.00133955
                   8            0.247905            0.250916          0.00123728
                   9            0.252974            0.251144          0.00111489
                  10            0.250594            0.251089         0.000998702
                  11            0.250108               0.251         0.000907757
                  12            0.255419            0.251368         0.000906798
                  13            0.246124            0.250965         0.000926565
                  14            0.244898            0.250532         0.000961068
                  15            0.251968            0.250627         0.000899812
                  16            0.255322            0.250921         0.000891381
                  17            0.251709            0.250967         0.000838589
                  18             0.24354            0.250555         0.000891831
                  19            0.248391            0.250441         0.000851238
                  20            0.254866            0.250662         0.000837317
                  21            0.253606            0.250802         0.000808695
                  22            0.249811            0.250757         0.000772375
                  23            0.248263            0.250649         0.000745957
                  24            0.251055            0.250666           0.0007144
                  25            0.249483            0.250618          0.00068686
                  26            0.255128            0.250792         0.000682333
                  27            0.252495            0.250855         0.000659598
                  28             0.25115            0.250865         0.000635692
                  29            0.247899            0.250763         0.000621849
                  30            0.244423            0.250552         0.000636851
                  31            0.249833            0.250529         0.000616401
                  32            0.251943            0.250573         0.000598463
                  33            0.242662            0.250333          0.00062763
                  34            0.250405            0.250335         0.000608895
                  35            0.244729            0.250175         0.000612557
                  36            0.252095            0.250228         0.000597683
                  37            0.250706            0.250241         0.000581448
                  38            0.251813            0.250283         0.000567449
                  39            0.249137            0.250253         0.000553488
                  40            0.251747            0.250291         0.000540764
                   1            0.245882            0.245882                   0
                   2            0.251288            0.248585          0.00270336
                   3            0.244408            0.247193          0.00209167
                   4            0.250172            0.247938          0.00165605
                   5            0.253642            0.249078          0.00171673
                   6            0.256709             0.25035          0.00189262
                   7            0.246158            0.249751          0.00170799
                   8            0.250274            0.249817           0.0014806
                   9            0.250538            0.249897          0.00130823
                  10            0.250964            0.250004          0.00117497
                  11            0.246207            0.249658          0.00111744
                  12            0.254931            0.250098          0.00111069
                  13            0.246116            0.249791          0.00106661
                  14            0.245289             0.24947          0.00103854
                  15            0.251626            0.249614         0.000977458
                  16             0.25226            0.249779         0.000929172
                  17            0.254592            0.250062         0.000917571
                  18             0.24885            0.249995          0.00086771
                  19            0.247976            0.249889         0.000827618
                  20            0.253556            0.250072         0.000806273
                  21            0.252004            0.250164         0.000772418
                  22            0.248498            0.250088         0.000740353
                  23            0.254011            0.250259         0.000727699
                  24            0.252261            0.250342         0.000701694
                  25            0.248346            0.250262          0.00067776
                  26            0.255277            0.250455         0.000679136
                  27            0.250837            0.250469         0.000653652
                  28            0.252194            0.250531         0.000632879
                  29            0.253039            0.250617         0.000616759
                  30            0.248465            0.250546         0.000600148
                  31            0.241585            0.250257          0.00064845
                  32            0.248293            0.250195         0.000630851
                  33            0.243765                0.25         0.000641737
                  34            0.245798            0.249877         0.000634729
                  35            0.247657            0.249813         0.000619581
                  36            0.256452            0.249998          0.00062973
                  37            0.252649            0.250069         0.000616652
                  38            0.250284            0.250075         0.000600231
                  39            0.247336            0.250005         0.000588841
                  40            0.252671            0.250072         0.000577788
