                   1           -0.440825           -0.440825                   0
                   2           -0.445261           -0.443043          0.00221776
                   3           -0.444099           -0.443395          0.00132793
                   4           -0.441291           -0.442869          0.00107633
                   5           -0.441242           -0.442543            0.000895
                   6           -0.444113           -0.442805         0.000776168
                   7           -0.444898           -0.443104         0.000720938
                   8           -0.443508           -0.443155         0.000626386
                   9           -0.445557           -0.443421         0.000613517
                  10           -0.443962           -0.443476         0.000551407
                  11           -0.444984           -0.443613         0.000517286
                  12           -0.444009           -0.443646         0.000473372
                  13           -0.445308           -0.443774         0.000453832
                  14           -0.446841           -0.443993         0.000473852
                  15           -0.443205            -0.44394         0.000444249
                  16           -0.444582            -0.44398         0.000417489
                  17           -0.446489           -0.444128         0.000419004
                  18           -0.445428             -0.4442         0.000401592
                  19           -0.441964           -0.444082         0.000397685
                  20           -0.441376           -0.443947         0.000400819
                  21           -0.445186           -0.444006         0.000385789
                  22           -0.443776           -0.443996         0.000367983
                  23           -0.443148           -0.443959         0.000353547
                  24           -0.443662           -0.443946         0.000338721
                  25           -0.445714           -0.444017         0.000332496
                  26           -0.444071           -0.444019         0.000319458
                  27           -0.444612           -0.444041         0.000308183
                  28           -0.443833           -0.444034         0.000297065
                  29           -0.443466           -0.444014         0.000287305
                  30           -0.442325           -0.443958         0.000283215
                  31           -0.442272           -0.443904         0.000279271
                  32           -0.443694           -0.443897         0.000270482
                  33           -0.447853           -0.444017         0.000288263
                  34           -0.441712           -0.443949         0.000287758
                  35           -0.442466           -0.443907         0.000282609
                  36           -0.447093           -0.443995         0.000288553
                  37           -0.444896            -0.44402         0.000281701
                  38           -0.443899           -0.444016         0.000274206
                  39           -0.441296           -0.443947         0.000276037
                  40           -0.445144           -0.443977         0.000270708
                   1           -0.441185           -0.441185                   0
                   2            -0.44501           -0.443097          0.00191232
                   3           -0.444168           -0.443454          0.00116033
                   4           -0.442599            -0.44324         0.000847889
                   5            -0.44095           -0.442782         0.000800716
                   6           -0.446153           -0.443344         0.000862032
                   7           -0.444179           -0.443463         0.000738241
                   8            -0.44515           -0.443674         0.000673184
                   9            -0.44658           -0.443997         0.000675809
                  10           -0.441583           -0.443756         0.000650873
                  11            -0.44692           -0.444043         0.000655268
                  12           -0.444539           -0.444085         0.000599599
                  13            -0.44608           -0.444238         0.000572498
                  14           -0.445118           -0.444301         0.000533742
                  15           -0.442812           -0.444202         0.000506701
                  16           -0.444349           -0.444211         0.000474065
                  17           -0.445738           -0.444301         0.000454274
                  18           -0.443791           -0.444272          0.00042923
                  19           -0.442893             -0.4442         0.000412454
                  20           -0.441394            -0.44406         0.000415677
                  21           -0.444775           -0.444094         0.000396853
                  22           -0.443492           -0.444066         0.000379371
                  23           -0.442857           -0.444014         0.000366297
                  24            -0.44387           -0.444008         0.000350754
                  25           -0.444348           -0.444021         0.000336707
                  26           -0.443293           -0.443993         0.000324709
                  27           -0.441682           -0.443908         0.000323967
                  28           -0.444191           -0.443918         0.000312346
                  29            -0.44336           -0.443899         0.000301996
                  30           -0.441747           -0.443827         0.000300444
                  31           -0.442623           -0.443788         0.000293173
                  32           -0.443044           -0.443765         0.000284813
                  33           -0.446732           -0.443855         0.000290326
                  34           -0.441695           -0.443791         0.000288731
                  35           -0.441719           -0.443732         0.000286543
                  36           -0.448059           -0.443852         0.000303299
                  37           -0.445001           -0.443883         0.000296617
                  38           -0.443002            -0.44386         0.000289636
                  39           -0.440861           -0.443783         0.000292407
                  40           -0.444272           -0.443795         0.000285265
