                   1           -0.423699           -0.423699                   0
                   2           -0.426329           -0.425014          0.00131504
                   3           -0.425761           -0.425263         0.000799015
                   4           -0.420134           -0.423981          0.00140131
                   5           -0.425514           -0.424287          0.00112792
                   6           -0.426207           -0.424607         0.000974931
                   7           -0.427572           -0.425031         0.000926455
                   8           -0.426992           -0.425276         0.000838943
                   9           -0.428962           -0.425685         0.000845666
                  10           -0.427751           -0.425892         0.000784071
                  11           -0.427576           -0.426045         0.000725555
                  12           -0.427382           -0.426156          0.00067164
                  13           -0.425446           -0.426102          0.00062023
                  14           -0.427902            -0.42623         0.000588448
                  15           -0.426298           -0.426235         0.000547834
                  16           -0.429976           -0.426469         0.000563266
                  17           -0.428508           -0.426589         0.000542525
                  18           -0.428114           -0.426673         0.000518469
                  19            -0.42575           -0.426625         0.000492823
                  20           -0.424452           -0.426516         0.000479989
                  21           -0.427338           -0.426555         0.000458235
                  22           -0.425469           -0.426506         0.000439692
                  23           -0.425093           -0.426445         0.000424608
                  24           -0.424797           -0.426376         0.000412284
                  25           -0.428045           -0.426443         0.000401049
                  26           -0.425836           -0.426419         0.000386021
                  27           -0.427111           -0.426445         0.000372331
                  28           -0.427099           -0.426468         0.000359546
                  29            -0.42699           -0.426486         0.000347393
                  30           -0.426634           -0.426491         0.000335649
                  31           -0.426838           -0.426502         0.000324834
                  32           -0.425788            -0.42648          0.00031531
                  33           -0.429273           -0.426565         0.000317112
                  34            -0.42456           -0.426506         0.000313241
                  35           -0.426173           -0.426496         0.000304309
                  36           -0.429449           -0.426578         0.000306896
                  37            -0.42692           -0.426587         0.000298629
                  38           -0.426225           -0.426578          0.00029082
                  39           -0.423559           -0.426501         0.000293653
                  40           -0.428362           -0.426547         0.000289978
                   1           -0.422445           -0.422445                   0
                   2           -0.426492           -0.424468          0.00202384
                   3           -0.426121           -0.425019          0.00129177
                   4           -0.421484           -0.424135          0.00127098
                   5           -0.425626           -0.424433          0.00102862
                   6           -0.428061           -0.425038          0.00103485
                   7           -0.426968           -0.425314         0.000917053
                   8           -0.426658           -0.425482         0.000811777
                   9           -0.429344           -0.425911         0.000834653
                  10           -0.425766           -0.425896         0.000746676
                  11           -0.429502           -0.426224         0.000750714
                  12           -0.426792           -0.426272         0.000686937
                  13           -0.425448           -0.426208         0.000635057
                  14           -0.426021           -0.426195         0.000588101
                  15           -0.424883           -0.426107         0.000554435
                  16           -0.429611           -0.426326         0.000562951
                  17           -0.426821           -0.426355         0.000529601
                  18           -0.426031           -0.426337         0.000499638
                  19           -0.427536             -0.4264         0.000476804
                  20           -0.425062           -0.426334         0.000457256
                  21           -0.425356           -0.426287         0.000437421
                  22           -0.426033           -0.426275         0.000417225
                  23           -0.425054           -0.426222         0.000402196
                  24           -0.425733           -0.426202         0.000385613
                  25            -0.42579           -0.426185         0.000370234
                  26           -0.425749           -0.426169         0.000356105
                  27           -0.426266           -0.426172         0.000342681
                  28           -0.426733           -0.426192         0.000330823
                  29             -0.4272           -0.426227         0.000321099
                  30            -0.42599           -0.426219         0.000310311
                  31           -0.427711           -0.426267         0.000303969
                  32           -0.425689           -0.426249         0.000294871
                  33           -0.429146           -0.426337         0.000298975
                  34           -0.423858           -0.426264         0.000299075
                  35           -0.425892           -0.426253         0.000290599
                  36           -0.430463            -0.42637          0.00030566
                  37           -0.427421           -0.426399         0.000298636
                  38           -0.425275           -0.426369         0.000292171
                  39           -0.423178           -0.426287         0.000296113
                  40           -0.427677           -0.426322         0.000290699
