                   1           -0.766748           -0.766748                   0
                   2           -0.767349           -0.767048           0.0003002
                   3           -0.768052           -0.767383         0.000376659
                   4           -0.767341           -0.767372         0.000266547
                   5           -0.763546           -0.766607         0.000792534
                   6           -0.768371           -0.766901         0.000710761
                   7           -0.771285           -0.767527          0.00086778
                   8           -0.768725           -0.767677         0.000766292
                   9           -0.767827           -0.767694         0.000676011
                  10           -0.769886           -0.767913         0.000643173
                  11           -0.764048           -0.767562         0.000679643
                  12           -0.771164           -0.767862         0.000689225
                  13           -0.766573           -0.767763         0.000641696
                  14           -0.772216           -0.768081         0.000673894
                  15           -0.761323            -0.76763          0.00077237
                  16           -0.768102            -0.76766         0.000723087
                  17            -0.76717           -0.767631         0.000679831
                  18           -0.767808           -0.767641         0.000641027
                  19           -0.767876           -0.767653         0.000606477
                  20           -0.766203           -0.767581         0.000579907
                  21           -0.771307           -0.767758         0.000579439
                  22           -0.767732           -0.767757         0.000552475
                  23           -0.769837           -0.767847         0.000535596
                  24           -0.766772           -0.767803         0.000514748
                  25           -0.769849           -0.767884         0.000500468
                  26           -0.766831           -0.767844         0.000482537
                  27           -0.765473           -0.767756         0.000472553
                  28            -0.76468           -0.767646         0.000468427
                  29           -0.767842           -0.767653         0.000452036
                  30            -0.76889           -0.767694         0.000438652
                  31           -0.765788           -0.767633         0.000428699
                  32           -0.776591           -0.767913          0.00050066
                  33             -0.7664           -0.767867         0.000487411
                  34           -0.759382           -0.767617         0.000534667
                  35           -0.767216           -0.767606         0.000519292
                  36           -0.766712           -0.767581         0.000505271
                  37           -0.768609           -0.767609          0.00049221
                  38           -0.770706            -0.76769         0.000485965
                  39           -0.770158           -0.767754          0.00047755
                  40           -0.767284           -0.767742         0.000465606
                   1           -0.766208           -0.766208                   0
                   2           -0.767685           -0.766947          0.00073828
                   3           -0.767681           -0.767191         0.000491482
                   4           -0.766925           -0.767125         0.000353839
                   5           -0.763602            -0.76642         0.000756031
                   6            -0.76725           -0.766558         0.000632598
                   7           -0.770951           -0.767186         0.000824344
                   8           -0.768816            -0.76739         0.000742412
                   9           -0.767669           -0.767421         0.000655481
                  10           -0.768973           -0.767576         0.000606473
                  11           -0.764183           -0.767267         0.000629324
                  12           -0.770895            -0.76757         0.000649162
                  13           -0.766133           -0.767459         0.000607282
                  14           -0.771859           -0.767774         0.000644112
                  15           -0.761503           -0.767355         0.000730983
                  16           -0.768059           -0.767399         0.000685184
                  17            -0.76761           -0.767412         0.000643738
                  18           -0.767442           -0.767413         0.000606924
                  19           -0.768379           -0.767464         0.000576336
                  20           -0.766796           -0.767431         0.000547781
                  21           -0.771527           -0.767626         0.000556359
                  22           -0.767337           -0.767613         0.000530631
                  23           -0.769512           -0.767695         0.000513717
                  24           -0.766364            -0.76764         0.000494965
                  25           -0.769333           -0.767708         0.000479559
                  26           -0.766314           -0.767654         0.000463851
                  27           -0.765611           -0.767578         0.000452708
                  28           -0.763919           -0.767448         0.000455392
                  29           -0.767615           -0.767453         0.000439446
                  30           -0.768981           -0.767504         0.000427588
                  31           -0.765977           -0.767455         0.000416491
                  32           -0.777258           -0.767761         0.000506426
                  33           -0.766981           -0.767738          0.00049141
                  34           -0.759256           -0.767488         0.000538056
                  35           -0.767397           -0.767486         0.000522463
                  36           -0.767142           -0.767476         0.000507833
                  37            -0.76852           -0.767504         0.000494722
                  38           -0.770421           -0.767581         0.000487606
                  39           -0.770458           -0.767655         0.000480634
                  40           -0.767774           -0.767658         0.000468474
