                   1            0.483357            0.483357                   0
                   2            0.488002             0.48568          0.00232255
                   3            0.446257            0.472539           0.0132093
                   4            0.467835            0.471363          0.00941411
                   5            0.451133            0.467317          0.00833938
                   6            0.474294             0.46848          0.00690767
                   7            0.462512            0.467627          0.00589996
                   8            0.473073            0.468308          0.00515466
                   9            0.477015            0.469276           0.0046478
                  10            0.476555            0.470003          0.00422037
                  11            0.457296            0.468848          0.00398843
                  12            0.479709            0.469753          0.00375173
                  13            0.462515            0.469197          0.00349572
                  14            0.450913            0.467891          0.00348997
                  15            0.486686            0.469144          0.00348225
                  16            0.471881            0.469315          0.00326183
                  17            0.484661            0.470217          0.00319418
                  18            0.446938            0.468924          0.00327746
                  19               0.442            0.467507          0.00340868
                  20            0.466878            0.467476          0.00323391
                  21            0.493596            0.468719          0.00331802
                  22            0.485331            0.469474          0.00325246
                  23             0.48126            0.469987           0.0031498
                  24            0.452789             0.46927          0.00309967
                  25            0.456147            0.468745          0.00301908
                  26            0.454392            0.468193          0.00295271
                  27            0.483659            0.468766          0.00289841
                  28            0.478314            0.469107          0.00281371
                  29            0.485001            0.469655          0.00276972
                  30            0.457296            0.469243          0.00270733
                  31            0.507184            0.470467          0.00289045
                  32            0.468574            0.470408          0.00279929
                  33            0.465126            0.470248          0.00271786
                  34            0.475906            0.470414          0.00264196
                  35            0.467904            0.470343          0.00256636
                  36            0.494737             0.47102          0.00258447
                  37            0.460354            0.470732          0.00253013
                  38            0.457601            0.470386          0.00248677
                  39            0.466491            0.470286          0.00242422
                  40            0.481348            0.470563          0.00237897
                   1            0.486485            0.486485                   0
                   2            0.481132            0.483808          0.00267681
                   3             0.44824            0.471952           0.0119564
                   4            0.470822             0.47167          0.00845918
                   5            0.453273            0.467991          0.00751477
                   6            0.469047            0.468167          0.00613831
                   7            0.463072            0.467439          0.00523862
                   8            0.466018            0.467261          0.00454025
                   9            0.479242            0.468592           0.0042196
                  10            0.483726            0.470106          0.00406623
                  11            0.460746            0.469255          0.00377518
                  12            0.471923            0.469477          0.00345341
                  13            0.460848            0.468813          0.00324529
                  14            0.448531            0.467365           0.0033356
                  15            0.489028            0.468809          0.00342469
                  16            0.480711            0.469553          0.00328874
                  17            0.485034            0.470463          0.00322066
                  18            0.455139            0.469612          0.00315356
                  19            0.442987            0.468211          0.00329573
                  20            0.473968            0.468499          0.00313982
                  21            0.496725            0.469843          0.00327509
                  22             0.47648            0.470144          0.00313721
                  23             0.47914            0.470536          0.00302312
                  24            0.447627            0.469581          0.00304775
                  25            0.450357            0.468812          0.00302275
                  26            0.458156            0.468402          0.00293294
                  27            0.494405            0.469365          0.00298202
                  28            0.486176            0.469966          0.00293559
                  29            0.489289            0.470632          0.00290988
                  30             0.46112            0.470315          0.00282903
                  31            0.508506            0.471547          0.00300081
                  32            0.463924            0.471309          0.00291527
                  33            0.467308            0.471187          0.00282814
                  34            0.474694            0.471291          0.00274564
                  35            0.462184             0.47103           0.0026787
                  36            0.485081            0.471421          0.00263233
                  37            0.468991            0.471355          0.00256104
                  38            0.462079            0.471111          0.00250465
                  39            0.472609            0.471149          0.00243989
                  40            0.480876            0.471392          0.00239051
