                   1             0.13951             0.13951                   0
                   2            0.134382            0.136946          0.00256424
                   3            0.138857            0.137583          0.00161171
                   4            0.137426            0.137544          0.00114033
                   5            0.136696            0.137374         0.000899442
                   6            0.133468            0.136723         0.000981471
                   7            0.132788            0.136161          0.00100202
                   8            0.134516            0.135955         0.000891817
                   9            0.137552            0.136133         0.000806269
                  10            0.138818            0.136401          0.00076951
                  11            0.137166            0.136471         0.000699509
                  12            0.133805            0.136249         0.000676098
                  13            0.137561             0.13635         0.000630061
                  14            0.137367            0.136422         0.000587833
                  15            0.136172            0.136406         0.000547497
                  16            0.137954            0.136502         0.000521197
                  17            0.137451            0.136558          0.00049275
                  18            0.136828            0.136573         0.000464812
                  19            0.139304            0.136717         0.000462565
                  20            0.141683            0.136965         0.000504218
                  21            0.137006            0.136967         0.000479611
                  22            0.133259            0.136799         0.000487371
                  23             0.13649            0.136785         0.000465893
                  24             0.13577            0.136743         0.000448058
                  25             0.13604            0.136715         0.000430681
                  26             0.13874            0.136793         0.000421055
                  27             0.13825            0.136847          0.00040874
                  28            0.136401            0.136831         0.000394193
                  29             0.14004            0.136941         0.000396124
                  30            0.136606             0.13693         0.000382856
                  31            0.140231            0.137037         0.000385309
                  32            0.139042            0.137099           0.0003783
                  33            0.139028            0.137158         0.000371285
                  34            0.137019            0.137154         0.000360223
                  35            0.133535             0.13705         0.000364737
                  36            0.139302            0.137113         0.000359939
                  37            0.141688            0.137237         0.000371273
                  38             0.13562            0.137194         0.000363866
                  39             0.13816            0.137219         0.000355278
                  40            0.135927            0.137186         0.000347785
                   1             0.13951             0.13951                   0
                   2            0.134382            0.136946          0.00256424
                   3            0.138857            0.137583          0.00161171
                   4            0.137426            0.137544          0.00114033
                   5            0.136696            0.137374         0.000899442
                   6            0.133468            0.136723         0.000981471
                   7            0.132788            0.136161          0.00100202
                   8            0.134516            0.135955         0.000891817
                   9            0.137552            0.136133         0.000806269
                  10            0.138818            0.136401          0.00076951
                  11            0.137166            0.136471         0.000699509
                  12            0.133805            0.136249         0.000676098
                  13            0.137561             0.13635         0.000630061
                  14            0.137367            0.136422         0.000587833
                  15            0.136172            0.136406         0.000547497
                  16            0.137954            0.136502         0.000521197
                  17            0.137451            0.136558          0.00049275
                  18            0.136828            0.136573         0.000464812
                  19            0.139304            0.136717         0.000462565
                  20            0.141683            0.136965         0.000504218
                  21            0.137006            0.136967         0.000479611
                  22            0.133259            0.136799         0.000487371
                  23             0.13649            0.136785         0.000465893
                  24             0.13577            0.136743         0.000448058
                  25             0.13604            0.136715         0.000430681
                  26             0.13874            0.136793         0.000421055
                  27             0.13825            0.136847          0.00040874
                  28            0.136401            0.136831         0.000394193
                  29             0.14004            0.136941         0.000396124
                  30            0.136606             0.13693         0.000382856
                  31            0.140231            0.137037         0.000385309
                  32            0.139042            0.137099           0.0003783
                  33            0.139028            0.137158         0.000371285
                  34            0.137019            0.137154         0.000360223
                  35            0.133535             0.13705         0.000364737
                  36            0.139302            0.137113         0.000359939
                  37            0.141688            0.137237         0.000371273
                  38             0.13562            0.137194         0.000363866
                  39             0.13816            0.137219         0.000355278
                  40            0.135927            0.137186         0.000347785
