                   1            0.983631            0.983631                   0
                   2            0.972958            0.978294           0.0053368
                   3            0.969131             0.97524          0.00433866
                   4            0.976358            0.975519           0.0030806
                   5            0.953047            0.971025          0.00508861
                   6            0.956196            0.968554          0.00483431
                   7            0.977549            0.969839          0.00428306
                   8            0.963099            0.968996          0.00380369
                   9            0.965394            0.968596          0.00337834
                  10            0.949359            0.966672          0.00358207
                  11            0.949051             0.96507          0.00361449
                  12            0.950338            0.963843          0.00352056
                  13             0.96065            0.963597          0.00324774
                  14            0.925117            0.960848          0.00407379
                  15            0.961767             0.96091          0.00379298
                  16            0.987819            0.962591          0.00392643
                  17            0.983562            0.963825          0.00388906
                  18            0.956509            0.963419          0.00368911
                  19            0.981158            0.964352           0.0036123
                  20            0.998216            0.966045           0.0038224
                  21            0.940843            0.964845          0.00382879
                  22            0.945046            0.963945           0.0037599
                  23             0.96402            0.963949          0.00359271
                  24            0.958405            0.963718          0.00344751
                  25            0.985876            0.964604          0.00342346
                  26            0.970143            0.964817          0.00329605
                  27            0.939372            0.963875          0.00330868
                  28            0.934316            0.962819          0.00335855
                  29            0.902947            0.960754          0.00384243
                  30            0.952982            0.960495          0.00372117
                  31             0.96614            0.960677          0.00360373
                  32            0.977778            0.961212          0.00352999
                  33            0.940041             0.96057          0.00348097
                  34            0.943842            0.960078          0.00341269
                  35            0.922608            0.959008           0.0034824
                  36            0.968822             0.95928          0.00339524
                  37             0.96292            0.959379          0.00330367
                  38            0.943851             0.95897          0.00324141
                  39             0.93809            0.958435          0.00320228
                  40            0.978387            0.958933           0.0031608
                   1            0.970809            0.970809                   0
                   2            0.961014            0.965912          0.00489775
                   3            0.958178            0.963334          0.00382642
                   4            0.983519             0.96838          0.00572592
                   5            0.965494            0.967803          0.00447269
                   6            0.945891            0.964151          0.00516467
                   7            0.978615            0.966217          0.00482931
                   8            0.969619            0.966642          0.00420386
                   9            0.963559              0.9663          0.00372325
                  10            0.943202             0.96399          0.00405277
                  11            0.953387            0.963026          0.00379048
                  12            0.941026            0.961193          0.00391589
                  13            0.956553            0.960836          0.00361973
                  14            0.937853            0.959194          0.00373169
                  15            0.968553            0.959818           0.0035296
                  16            0.989947            0.961701          0.00380089
                  17            0.973506            0.962396          0.00363721
                  18             0.96399            0.962484          0.00343034
                  19            0.980744            0.963445           0.0033841
                  20            0.993646            0.964955          0.00354783
                  21            0.965323            0.964973           0.0033747
                  22            0.944437            0.964039          0.00335032
                  23            0.955538             0.96367          0.00322261
                  24             0.94181            0.962759          0.00321704
                  25            0.980426            0.963466          0.00316557
                  26            0.978069            0.964027          0.00309281
                  27            0.946145            0.963365          0.00304886
                  28            0.933099            0.962284          0.00313049
                  29            0.920452            0.960841          0.00334737
                  30            0.944399            0.960293          0.00327998
                  31             0.96673            0.960501           0.0031792
                  32            0.970666            0.960819          0.00309459
                  33            0.954327            0.960622           0.0030058
                  34            0.949839            0.960305          0.00293325
                  35            0.930738             0.95946          0.00297084
                  36            0.982651            0.960104          0.00295814
                  37            0.960157            0.960106          0.00287708
                  38            0.935293            0.959453          0.00287546
                  39            0.939996            0.958954          0.00284485
                  40            0.986197            0.959635          0.00285524
