                   1             17.3367             17.3367                   0
                   2              16.052             16.6944            0.642364
                   3             39.7813               24.39             7.70458
                   4             24.2895             24.3649             5.44802
                   5             15.0393             22.4998              4.6138
                   6             21.2175             22.2861             3.77321
                   7             27.7159             23.0617             3.28193
                   8             23.5279               23.12             2.84283
                   9             28.6083             23.7298             2.58024
                  10             25.5122             23.9081             2.31471
                  11             8.41417             22.4995             2.52343
                  12             20.5537             22.3374             2.30926
                  13             15.8898             21.8414             2.18135
                  14             16.4372             21.4554             2.05609
                  15             19.2295              21.307             1.91986
                  16             12.4269              20.752             1.87967
                  17              17.231             20.5449             1.77775
                  18             9.57555             19.9355             1.78343
                  19             17.4606             19.8052             1.69198
                  20             18.2819              19.729             1.60696
                  21             17.8259             19.6384             1.53121
                  22             26.0228             19.9286             1.48851
                  23             20.3309             19.9461             1.42243
                  24              11.625             19.5994             1.40531
                  25             20.1741             19.6224             1.34812
                  26             16.8389             19.5153             1.29965
                  27             20.6221             19.5563             1.25126
                  28             13.3279             19.3339             1.22609
                  29              17.283             19.2632             1.18517
                  30             15.2865             19.1306             1.15263
                  31             22.9021             19.2523             1.12145
                  32             25.1758             19.4374              1.1015
                  33             30.7923             19.7815             1.12168
                  34             11.4668             19.5369             1.11533
                  35             23.3154             19.6449             1.08837
                  36             33.8784             20.0402             1.12918
                  37             18.9654             20.0112             1.09862
                  38             21.8345             20.0592              1.0704
                  39             16.4525             19.9667             1.04668
                  40              12.501             19.7801             1.03711
                   1               17.44               17.44                   0
                   2             16.0858             16.7629            0.677084
                   3             39.7443             24.4234             7.67046
                   4             24.2744             24.3861             5.42396
                   5             15.0828             22.5255             4.59496
                   6              21.248             22.3126             3.75781
                   7             27.7162             23.0845              3.2684
                   8             23.5454             23.1421              2.8311
                   9             28.6588             23.7551             2.57094
                  10             25.4798             23.9276             2.30597
                  11             8.41656             22.5175             2.51775
                  12             20.5312             22.3519             2.30433
                  13             15.9058             21.8561              2.1769
                  14             16.4367              21.469             2.05226
                  15             19.2134             21.3186             1.91646
                  16             12.4407             20.7637             1.87659
                  17             17.2315              20.556             1.77495
                  18             9.57445             19.9459             1.78118
                  19             17.4743             19.8158             1.68984
                  20             18.2708             19.7385             1.60499
                  21             17.8296             19.6476             1.52935
                  22             26.0884             19.9404             1.48728
                  23              20.361             19.9587             1.42126
                  24             11.6368             19.6119             1.40424
                  25             20.2112             19.6359             1.34711
                  26             16.8198             19.5276             1.29879
                  27             20.6122             19.5678              1.2504
                  28             13.3442             19.3455             1.22525
                  29             17.3197             19.2756             1.18431
                  30             15.3484             19.1447             1.15161
                  31             22.8884             19.2655             1.12037
                  32             25.1836             19.4504             1.10045
                  33               30.85             19.7959             1.12112
                  34             11.4493             19.5504             1.11501
                  35             23.2775             19.6569             1.08791
                  36             33.8887             20.0522             1.12875
                  37             18.9499             20.0224             1.09822
                  38             21.8426             20.0703             1.07001
                  39             16.4446             19.9773             1.04635
                  40             12.4832               19.79             1.03692
