                   1            0.159555            0.159555                   0
                   2            0.157004            0.158279          0.00127538
                   3            0.157462            0.158007         0.000785091
                   4            0.159953            0.158494         0.000738179
                   5            0.156999            0.158195         0.000645223
                   6            0.158589             0.15826         0.000530904
                   7             0.15424            0.157686          0.00072886
                   8            0.158317            0.157765         0.000636124
                   9            0.157829            0.157772         0.000561054
                  10            0.162321            0.158227         0.000677324
                  11            0.157938            0.158201         0.000613227
                  12             0.15279             0.15775         0.000718791
                  13            0.160306            0.157946         0.000689806
                  14            0.154058            0.157669          0.00069641
                  15            0.160909            0.157885         0.000683373
                  16            0.160477            0.158047         0.000659452
                  17            0.155405            0.157891         0.000638639
                  18            0.155197            0.157742         0.000620437
                  19            0.160622            0.157893          0.00060614
                  20            0.160547            0.158026          0.00059014
                  21            0.156148            0.157937         0.000568411
                  22            0.158498            0.157962         0.000542559
                  23            0.155978            0.157876         0.000525564
                  24            0.159594            0.157947         0.000508256
                  25            0.158335            0.157963         0.000487749
                  26            0.162723            0.158146         0.000503109
                  27            0.159615              0.1582         0.000487166
                  28            0.158841            0.158223         0.000470003
                  29            0.156023            0.158147         0.000459811
                  30            0.156235            0.158084          0.00044877
                  31            0.158872            0.158109         0.000434795
                  32            0.155229            0.158019         0.000430502
                  33            0.154065            0.157899         0.000434119
                  34            0.157213            0.157879         0.000421641
                  35            0.156389            0.157837         0.000411624
                  36             0.16153            0.157939         0.000412971
                  37            0.159489            0.157981         0.000403832
                  38            0.153301            0.157858         0.000411903
                  39            0.159181            0.157892         0.000402634
                  40            0.159812             0.15794         0.000395365
                   1            0.157075            0.157075                   0
                   2            0.159413            0.158244          0.00116878
                   3            0.157151             0.15788         0.000766797
                   4             0.15882            0.158115         0.000591006
                   5            0.157496            0.157991         0.000474249
                   6            0.158801            0.158126         0.000410103
                   7            0.157672            0.158061         0.000352618
                   8            0.157457            0.157986         0.000314581
                   9             0.15815            0.158004         0.000278036
                  10            0.158472            0.158051         0.000253041
                  11            0.157281            0.157981         0.000239355
                  12            0.158516            0.158025          0.00022301
                  13             0.16086            0.158243         0.000299401
                  14            0.153271            0.157888         0.000450515
                  15            0.155033            0.157698         0.000460569
                  16            0.157412             0.15768         0.000431192
                  17            0.157167             0.15765         0.000406159
                  18            0.158366             0.15769          0.00038499
                  19            0.159871            0.157804         0.000381833
                  20            0.158849            0.157857         0.000365985
                  21             0.15598            0.157767         0.000359409
                  22            0.155434            0.157661         0.000358725
                  23            0.160061            0.157766         0.000358302
                  24             0.15739             0.15775         0.000343406
                  25            0.154069            0.157603         0.000360792
                  26            0.157464            0.157597         0.000346679
                  27            0.154923            0.157498         0.000347987
                  28             0.15628            0.157455         0.000338141
                  29            0.158947            0.157506         0.000330306
                  30            0.160566            0.157608         0.000335012
                  31            0.156058            0.157558         0.000327861
                  32            0.154543            0.157464         0.000331135
                  33            0.156086            0.157422          0.00032365
                  34            0.157607            0.157428         0.000314033
                  35            0.156887            0.157412          0.00030532
                  36             0.15843            0.157441         0.000298063
                  37            0.156944            0.157427         0.000290205
                  38            0.154869             0.15736         0.000290377
                  39            0.154181            0.157278         0.000294344
                  40            0.153617            0.157187         0.000301139
