                   1            0.413401            0.413401                   0
                   2             0.40719            0.410295          0.00310549
                   3            0.391292            0.403961           0.0065834
                   4            0.428302            0.410046           0.0076616
                   5            0.412682            0.410573          0.00595801
                   6            0.411422            0.410715          0.00486675
                   7            0.392535            0.408118          0.00486449
                   8            0.407355            0.408022          0.00421385
                   9            0.407506            0.407965          0.00371671
                  10             0.40974            0.408142          0.00332906
                  11            0.418862            0.409117          0.00316501
                  12            0.397502            0.408149          0.00304707
                  13             0.42878            0.409736          0.00322099
                  14            0.402764            0.409238          0.00302335
                  15            0.417626            0.409797           0.0028696
                  16            0.410226            0.409824           0.0026844
                  17            0.417259            0.410261           0.0025592
                  18            0.408664            0.410173          0.00241447
                  19            0.403678            0.409831           0.0023093
                  20            0.401045            0.409392           0.0022344
                  21            0.416428            0.409727          0.00215159
                  22            0.412757            0.409864          0.00205607
                  23            0.413573            0.410026          0.00197125
                  24            0.410892            0.410062          0.00188768
                  25            0.418238            0.410389           0.0018399
                  26             0.41382            0.410521          0.00177264
                  27            0.422598            0.410968          0.00176339
                  28            0.399893            0.410572          0.00174468
                  29            0.416543            0.410778          0.00169599
                  30              0.4012            0.410459           0.0016693
                  31            0.399226            0.410097          0.00165471
                  32            0.402461            0.409858          0.00161984
                  33            0.405141            0.409715          0.00157648
                  34            0.422603            0.410094          0.00157568
                  35            0.408098            0.410037          0.00153106
                  36             0.42909            0.410566          0.00157925
                  37             0.40504            0.410417          0.00154322
                  38            0.398549            0.410105          0.00153418
                  39            0.421669            0.410401          0.00152346
                  40            0.431362            0.410925          0.00157464
                   1            0.422176            0.422176                   0
                   2            0.406251            0.414214          0.00796267
                   3            0.396163            0.408197          0.00757228
                   4             0.41823            0.410705          0.00591277
                   5            0.414803            0.411524          0.00465275
                   6            0.409907            0.411255          0.00380852
                   7            0.388409            0.407991          0.00458387
                   8            0.399614            0.406944          0.00410552
                   9            0.403407            0.406551          0.00364199
                  10              0.4098            0.406876          0.00327366
                  11            0.411991            0.407341          0.00299743
                  12            0.396527             0.40644          0.00288084
                  13            0.436141            0.408725          0.00349889
                  14            0.400868            0.408163          0.00328759
                  15            0.419218              0.4089          0.00314807
                  16            0.409622            0.408945          0.00294509
                  17            0.416307            0.409379          0.00280011
                  18            0.409343            0.409377          0.00263997
                  19            0.410604            0.409441            0.002498
                  20            0.401039            0.409021          0.00240676
                  21            0.415006            0.409306          0.00230696
                  22            0.404863            0.409104          0.00220885
                  23            0.412459             0.40925          0.00211566
                  24            0.407781            0.409189          0.00202652
                  25            0.425379            0.409836          0.00204882
                  26            0.422203            0.410312          0.00202508
                  27            0.422934            0.410779          0.00200393
                  28             0.40566            0.410597          0.00193967
                  29            0.415932            0.410781          0.00188061
                  30            0.406038            0.410623          0.00182371
                  31            0.399131            0.410252          0.00180243
                  32            0.400818            0.409957          0.00176992
                  33             0.40121            0.409692           0.0017358
                  34            0.427716            0.410222          0.00176545
                  35            0.412157            0.410277          0.00171516
                  36            0.428882            0.410794          0.00174511
                  37            0.413503            0.410867          0.00169887
                  38            0.401049            0.410609          0.00167362
                  39            0.428564            0.411069           0.0016939
                  40            0.432741            0.411611          0.00173764
