                   1             13.7477             13.7477                   0
                   2             11.9771             12.8624            0.885321
                   3             13.0567             12.9271            0.515226
                   4             13.2647             13.0115            0.373965
                   5               14.42             13.2932            0.404055
                   6             12.3805             13.1411            0.363289
                   7             13.4997             13.1923             0.31128
                   8             11.1284             12.9344            0.373133
                   9             13.9737             13.0498            0.348748
                  10             12.3591             12.9808            0.319485
                  11             12.7321             12.9582            0.289868
                  12             16.4991             13.2532            0.396349
                  13             12.5841             13.2018            0.368203
                  14             15.7766             13.3857            0.387337
                  15             12.7263             13.3417            0.363261
                  16             13.6159             13.3589            0.340231
                  17             11.8668             13.2711            0.331424
                  18             13.1922             13.2667              0.3125
                  19             13.6701             13.2879            0.296357
                  20             14.6133             13.3542            0.288853
                  21             14.1083             13.3901            0.277091
                  22             12.3311              13.342            0.268546
                  23             14.4414             13.3898            0.261019
                  24             13.4318             13.3915            0.249913
                  25             13.9666             13.4145            0.240809
                  26             14.1222             13.4418            0.232957
                  27             13.7201             13.4521              0.2244
                  28             14.6692             13.4955            0.220563
                  29             13.5575             13.4977            0.212832
                  30             15.1768             13.5536            0.213098
                  31             13.5063             13.5521            0.206115
                  32             13.0857             13.5375            0.200101
                  33             14.1211             13.5552            0.194748
                  34             13.3782               13.55            0.189005
                  35              12.868             13.5305            0.184557
                  36             14.0086             13.5438            0.179848
                  37             14.2853             13.5638            0.176064
                  38              13.791             13.5698            0.171472
                  39             13.9826             13.5804            0.167352
                  40             14.0916             13.5932            0.163615
                   1             13.7312             13.7312                   0
                   2             11.9497             12.8405            0.890748
                   3             13.0317             12.9042            0.518208
                   4               13.24             12.9882            0.375922
                   5               14.41             13.2725            0.407002
                   6             12.3941             13.1261            0.363133
                   7             13.5071             13.1806            0.311692
                   8              11.121             12.9231            0.373013
                   9               13.95             13.0372            0.348194
                  10             12.3362             12.9671            0.319226
                  11             12.7123             12.9439            0.289678
                  12             16.5485             13.2443            0.400195
                  13             12.5979             13.1946            0.371469
                  14             15.8145             13.3817            0.391531
                  15             12.7325             13.3385            0.367056
                  16             13.5814             13.3536            0.343685
                  17             11.8707             13.2664            0.334414
                  18             13.1898             13.2622            0.315318
                  19             13.6229             13.2811            0.298864
                  20             14.6521             13.3497            0.291697
                  21             14.1361             13.3871            0.279974
                  22              12.313             13.3383            0.271374
                  23             14.4275             13.3857            0.263595
                  24             13.3884             13.3858            0.252373
                  25             13.9772             13.4094            0.243221
                  26             14.1039             13.4361            0.235201
                  27             13.7076             13.4462            0.226545
                  28             14.7041             13.4911            0.222879
                  29             13.5356             13.4927            0.215062
                  30              15.213               13.55            0.215538
                  31              13.462             13.5472            0.208489
                  32             13.1036             13.5333            0.202344
                  33             14.1525             13.5521            0.197012
                  34             13.3964             13.5475            0.191184
                  35             12.8759             13.5283             0.18663
                  36             14.0531             13.5429            0.181957
                  37             14.2819             13.5629            0.178095
                  38             13.8172             13.5695            0.173474
                  39             14.0012             13.5806            0.169329
                  40             14.1032             13.5937            0.165558
