                   1            0.502545            0.502545                   0
                   2            0.541192            0.521869           0.0193236
                   3            0.559682            0.534473           0.0168327
                   4            0.534771            0.534548           0.0119027
                   5             0.52007            0.531652          0.00966378
                   6             0.52969            0.531325          0.00789721
                   7            0.601467            0.541346           0.0120396
                   8             0.53818             0.54095           0.0104341
                   9             0.58614            0.545971           0.0104828
                  10             0.52072            0.543446          0.00971019
                  11            0.525615            0.541825          0.00893153
                  12            0.494503            0.537881          0.00905692
                  13            0.514055            0.536049          0.00853037
                  14             0.49436            0.533071          0.00844032
                  15            0.531125            0.532941          0.00785858
                  16            0.540449             0.53341          0.00736599
                  17            0.525455            0.532942          0.00693495
                  18            0.552913            0.534052           0.0066318
                  19             0.48596            0.531521          0.00676447
                  20            0.532162            0.531553          0.00641742
                  21            0.493277             0.52973          0.00637049
                  22            0.538701            0.530138           0.0060877
                  23            0.518912             0.52965          0.00583744
                  24            0.544734            0.530278          0.00562415
                  25            0.532385            0.530363          0.00539515
                  26             0.51434            0.529746             0.00522
                  27            0.522196            0.529467          0.00503072
                  28            0.550275             0.53021          0.00490436
                  29            0.559023            0.531203           0.0048354
                  30            0.512121            0.530567          0.00471454
                  31            0.472279            0.528687          0.00493238
                  32            0.538042            0.528979          0.00478469
                  33            0.507598            0.528331          0.00468248
                  34            0.545232            0.528829          0.00456979
                  35            0.507933            0.528232          0.00447728
                  36             0.49651             0.52735          0.00443946
                  37             0.54632            0.527863          0.00434814
                  38            0.528272            0.527874          0.00423219
                  39            0.517285            0.527602          0.00413117
                  40            0.464698             0.52603          0.00432277
                   1            0.499432            0.499432                   0
                   2            0.536428             0.51793           0.0184981
                   3            0.563121            0.532994           0.0184653
                   4            0.535581             0.53364           0.0130729
                   5            0.516989             0.53031           0.0106598
                   6            0.531012            0.530427          0.00870451
                   7             0.60245            0.540716           0.0126485
                   8            0.533591            0.539825             0.01099
                   9            0.591066            0.545519           0.0112408
                  10            0.520643            0.543031           0.0103572
                  11             0.52482            0.541376          0.00951361
                  12            0.488518            0.536971          0.00973789
                  13            0.512575            0.535094          0.00915201
                  14            0.502011            0.532731          0.00879648
                  15            0.530144            0.532559          0.00819089
                  16            0.539815            0.533012          0.00767529
                  17             0.51753            0.532101          0.00726697
                  18             0.55495            0.533371          0.00696797
                  19            0.485084            0.530829          0.00706404
                  20            0.532807            0.530928          0.00670227
                  21            0.494971            0.529216          0.00660107
                  22            0.537787            0.529606          0.00630592
                  23            0.515655            0.528999          0.00605597
                  24             0.54498            0.529665          0.00583626
                  25            0.529466            0.529657          0.00559795
                  26            0.512629            0.529002          0.00541806
                  27            0.519667            0.528656          0.00522499
                  28            0.556095            0.529636           0.0051294
                  29            0.561539            0.530736          0.00507015
                  30             0.50597            0.529911          0.00496731
                  31            0.476251             0.52818          0.00510672
                  32            0.534569            0.528379          0.00494859
                  33            0.515028            0.527975          0.00481332
                  34            0.545545            0.528492          0.00469811
                  35            0.514543            0.528093          0.00457928
                  36            0.497093            0.527232          0.00453281
                  37            0.551485            0.527888          0.00445706
                  38            0.530488            0.527956          0.00433872
                  39            0.514321            0.527606          0.00424045
                  40            0.462955             0.52599          0.00443787
