                   1            0.022868            0.022868                   0
                   2            0.020596            0.021732            0.001136
                   3            0.015164           0.0195427          0.00228546
                   4            0.015908            0.018634          0.00185401
                   5              0.0273           0.0203672          0.00225086
                   6            0.019692           0.0202547          0.00184127
                   7            0.019984            0.020216          0.00155663
                   8            0.015908           0.0196775          0.00145166
                   9            0.017288            0.019412          0.00130748
                  10            0.014292              0.0189          0.00127662
                  11            0.017084           0.0187349          0.00116649
                  12            0.019104           0.0187657           0.0010653
                  13            0.019596           0.0188295         0.000982008
                  14              0.0165           0.0186631         0.000924265
                  15            0.020456           0.0187827         0.000868705
                  16            0.014664           0.0185253         0.000852397
                  17            0.014296           0.0182765         0.000838446
                  18            0.012904            0.017978         0.000844966
                  19             0.01722           0.0179381         0.000800252
                  20            0.014096            0.017746         0.000783114
                  21            0.012724           0.0175069         0.000782337
                  22            0.016476             0.01746         0.000747399
                  23            0.007564           0.0170297          0.00083376
                  24            0.023352           0.0172932         0.000840607
                  25            0.015644           0.0172272         0.000808976
                  26            0.023416           0.0174652         0.000812871
                  27             0.01132           0.0172376         0.000814626
                  28            0.022204            0.017415         0.000804783
                  29            0.013008            0.017263         0.000791266
                  30            0.023328           0.0174652         0.000790716
                  31             0.01432           0.0173637         0.000771485
                  32            0.019132            0.017419         0.000749028
                  33            0.017112           0.0174097         0.000726035
                  34            0.023304           0.0175831         0.000725378
                  35            0.018316            0.017604         0.000704659
                  36            0.019128           0.0176463         0.000686113
                  37            0.021436           0.0177488         0.000675126
                  38            0.015516             0.01769         0.000659742
                  39            0.016092            0.017649         0.000643907
                  40            0.014992           0.0175826         0.000631109
                   1            0.022868            0.022868                   0
                   2            0.020596            0.021732            0.001136
                   3            0.015164           0.0195427          0.00228546
                   4            0.015908            0.018634          0.00185401
                   5              0.0273           0.0203672          0.00225086
                   6            0.019692           0.0202547          0.00184127
                   7            0.019984            0.020216          0.00155663
                   8            0.015908           0.0196775          0.00145166
                   9            0.017288            0.019412          0.00130748
                  10            0.014292              0.0189          0.00127662
                  11            0.017084           0.0187349          0.00116649
                  12            0.019104           0.0187657           0.0010653
                  13            0.019596           0.0188295         0.000982008
                  14              0.0165           0.0186631         0.000924265
                  15            0.020456           0.0187827         0.000868705
                  16            0.014664           0.0185253         0.000852397
                  17            0.014296           0.0182765         0.000838446
                  18            0.012904            0.017978         0.000844966
                  19             0.01722           0.0179381         0.000800252
                  20            0.014096            0.017746         0.000783114
                  21            0.012724           0.0175069         0.000782337
                  22            0.016476             0.01746         0.000747399
                  23            0.007564           0.0170297          0.00083376
                  24            0.023352           0.0172932         0.000840607
                  25            0.015644           0.0172272         0.000808976
                  26            0.023416           0.0174652         0.000812871
                  27             0.01132           0.0172376         0.000814626
                  28            0.022204            0.017415         0.000804783
                  29            0.013008            0.017263         0.000791266
                  30            0.023328           0.0174652         0.000790716
                  31             0.01432           0.0173637         0.000771485
                  32            0.019132            0.017419         0.000749028
                  33            0.017112           0.0174097         0.000726035
                  34            0.023304           0.0175831         0.000725378
                  35            0.018316            0.017604         0.000704659
                  36            0.019128           0.0176463         0.000686113
                  37            0.021436           0.0177488         0.000675126
                  38            0.015516             0.01769         0.000659742
                  39            0.016092            0.017649         0.000643907
                  40            0.014992           0.0175826         0.000631109
