                   1            -0.48067            -0.48067                   0
                   2           -0.484655           -0.482662          0.00199288
                   3             -0.4843           -0.483208          0.00127351
                   4           -0.480592           -0.482554          0.00111291
                   5           -0.481292           -0.482302         0.000898289
                   6           -0.485445           -0.482826         0.000901301
                   7           -0.485744           -0.483243         0.000868374
                   8           -0.482074           -0.483096         0.000766085
                   9           -0.485779           -0.483394         0.000738437
                  10           -0.482849            -0.48334          0.00066273
                  11            -0.48301            -0.48331         0.000600211
                  12           -0.482443           -0.483238         0.000552654
                  13           -0.486383            -0.48348         0.000563021
                  14           -0.484148           -0.483527         0.000523436
                  15           -0.484235           -0.483575         0.000489572
                  16           -0.482947           -0.483535         0.000459629
                  17           -0.482734           -0.483488          0.00043431
                  18           -0.484654           -0.483553         0.000414562
                  19           -0.483306            -0.48354         0.000392352
                  20           -0.479396           -0.483333            0.000426
                  21            -0.48536           -0.483429         0.000416542
                  22           -0.480711           -0.483306         0.000415937
                  23           -0.481918           -0.483245         0.000401993
                  24           -0.483816           -0.483269         0.000385612
                  25           -0.484034             -0.4833         0.000371129
                  26           -0.479484           -0.483153         0.000385588
                  27           -0.483946           -0.483182         0.000372191
                  28            -0.48428           -0.483222         0.000360787
                  29           -0.483562           -0.483233         0.000348322
                  30            -0.48567           -0.483315         0.000346173
                  31           -0.484766           -0.483361         0.000338078
                  32           -0.486981           -0.483474         0.000346331
                  33           -0.485725           -0.483543         0.000342533
                  34           -0.483679           -0.483547          0.00033233
                  35           -0.482731           -0.483523         0.000323535
                  36           -0.485208            -0.48357         0.000317884
                  37           -0.484397           -0.483593         0.000309979
                  38           -0.483937           -0.483602         0.000301848
                  39           -0.482572           -0.483575         0.000295189
                  40           -0.483254           -0.483567         0.000287827
                   1           -0.481431           -0.481431                   0
                   2           -0.484011           -0.482721          0.00129008
                   3           -0.484067            -0.48317         0.000869592
                   4           -0.481178           -0.482672         0.000791252
                   5           -0.480486           -0.482235         0.000752765
                   6            -0.48664           -0.482969         0.000957525
                   7           -0.485159           -0.483282         0.000867627
                   8           -0.483061           -0.483254         0.000751893
                   9           -0.485967           -0.483556         0.000728415
                  10           -0.480443           -0.483244         0.000722054
                  11           -0.485716           -0.483469         0.000690691
                  12           -0.481645           -0.483317         0.000648574
                  13           -0.486579           -0.483568         0.000647229
                  14           -0.484006           -0.483599         0.000600035
                  15           -0.482658           -0.483536         0.000562115
                  16           -0.482622           -0.483479          0.00052891
                  17           -0.481646           -0.483371         0.000508388
                  18           -0.484084           -0.483411         0.000480944
                  19           -0.483392            -0.48341         0.000454929
                  20           -0.479468           -0.483213         0.000474469
                  21           -0.485536           -0.483324         0.000464672
                  22           -0.481074           -0.483221         0.000454697
                  23           -0.482698           -0.483198         0.000435074
                  24           -0.484384           -0.483248         0.000419468
                  25           -0.481994           -0.483198         0.000405452
                  26           -0.480453           -0.483092         0.000403594
                  27           -0.481735           -0.483042         0.000391598
                  28           -0.484557           -0.483096         0.000381212
                  29           -0.482699           -0.483082         0.000368087
                  30           -0.485646           -0.483168         0.000365733
                  31           -0.484213           -0.483202         0.000355343
                  32           -0.486514           -0.483305         0.000359293
                  33           -0.485869           -0.483383         0.000356799
                  34           -0.484045           -0.483402         0.000346694
                  35           -0.482143           -0.483366         0.000338559
                  36           -0.486011            -0.48344         0.000337124
                  37           -0.484265           -0.483462         0.000328643
                  38           -0.483306           -0.483458         0.000319903
                  39           -0.481683           -0.483412         0.000314897
                  40           -0.483435           -0.483413         0.000306925
