                   1            0.023264            0.023264                   0
                   2             0.02544            0.024352            0.001088
                   3            0.026152            0.024952         0.000868666
                   4            0.024132            0.024747         0.000647546
                   5            0.028076           0.0254128         0.000833594
                   6            0.022844           0.0249847         0.000804084
                   7            0.025724           0.0250903         0.000687734
                   8            0.029388           0.0256275          0.00080208
                   9            0.023032           0.0253391         0.000763896
                  10            0.022524           0.0250576         0.000738971
                  11            0.024824           0.0250364         0.000668762
                  12            0.028472           0.0253227         0.000674293
                  13             0.03062           0.0257302         0.000742137
                  14             0.02764           0.0258666         0.000700497
                  15            0.026644           0.0259184         0.000654184
                  16            0.024312            0.025818         0.000620115
                  17             0.03004           0.0260664         0.000633231
                  18            0.025016            0.026008         0.000599861
                  19            0.027392           0.0260808         0.000572068
                  20             0.02198           0.0258758         0.000580153
                  21            0.032876           0.0262091         0.000644702
                  22            0.028416           0.0263095          0.00062283
                  23            0.021796           0.0261132         0.000626653
                  24            0.018292           0.0257873         0.000682766
                  25            0.024108           0.0257202         0.000658323
                  26            0.027564           0.0257911         0.000636459
                  27             0.02342           0.0257033         0.000618697
                  28            0.033268           0.0259734          0.00065455
                  29            0.029324            0.026089         0.000642057
                  30            0.022264           0.0259615         0.000633254
                  31             0.01962           0.0257569         0.000645744
                  32             0.02628           0.0257732         0.000625453
                  33            0.026236           0.0257873         0.000606365
                  34            0.030784           0.0259342         0.000606341
                  35            0.029704           0.0260419         0.000598533
                  36            0.033828           0.0262582         0.000620577
                  37             0.02642           0.0262626         0.000603587
                  38            0.038164           0.0265758         0.000665758
                  39            0.018824            0.026377         0.000678241
                  40            0.021196           0.0262475         0.000673638
                   1            0.024052            0.024052                   0
                   2            0.025284            0.024668            0.000616
                   3            0.028004             0.02578          0.00116749
                   4            0.024344            0.025421          0.00090022
                   5            0.027512           0.0258392         0.000813098
                   6            0.019672           0.0248113          0.00122363
                   7             0.02614           0.0250011          0.00105143
                   8            0.028684           0.0254615          0.00102032
                   9            0.024604           0.0253662         0.000904868
                  10            0.022768           0.0251064         0.000850022
                  11            0.026016           0.0251891         0.000773307
                  12            0.027344           0.0253687         0.000728412
                  13            0.031176           0.0258154         0.000805303
                  14            0.027096           0.0259069         0.000751156
                  15            0.027416           0.0260075         0.000706489
                  16            0.025064           0.0259485         0.000663485
                  17            0.030492           0.0262158         0.000678125
                  18             0.02594           0.0262004         0.000639526
                  19            0.028636           0.0263286         0.000618363
                  20            0.022504           0.0261374         0.000617013
                  21            0.033952           0.0265095         0.000694927
                  22               0.029           0.0266227         0.000672188
                  23            0.021632           0.0264057         0.000677961
                  24             0.02028           0.0261505         0.000697478
                  25            0.025808           0.0261368         0.000669137
                  26             0.02824           0.0262177         0.000647955
                  27            0.022492           0.0260797         0.000638582
                  28            0.031948           0.0262893         0.000650065
                  29            0.029208           0.0263899         0.000635272
                  30            0.021336           0.0262215         0.000636432
                  31            0.018752           0.0259805         0.000661038
                  32            0.026624           0.0260006         0.000640363
                  33             0.02622           0.0260073          0.00062069
                  34            0.030756           0.0261469         0.000618144
                  35            0.029152           0.0262328         0.000606332
                  36            0.034536           0.0264634         0.000632781
                  37            0.027236           0.0264843         0.000615795
                  38             0.03808           0.0267895         0.000672578
                  39            0.018232           0.0265701         0.000690876
                  40            0.021204           0.0264359         0.000686615
