                   1           -0.528977           -0.528977                   0
                   2           -0.533337           -0.531157          0.00217988
                   3           -0.527541           -0.529952          0.00174281
                   4           -0.526874           -0.529182          0.00145288
                   5           -0.530238           -0.529393          0.00114503
                   6           -0.533227           -0.530032          0.00113242
                   7           -0.533315           -0.530501          0.00106577
                   8           -0.531575           -0.530635          0.00093269
                   9           -0.532582           -0.530852          0.00085051
                  10           -0.528464           -0.530613         0.000797312
                  11           -0.528863           -0.530454         0.000738524
                  12           -0.527174           -0.530181         0.000727461
                  13           -0.530971           -0.530241          0.00067192
                  14           -0.532379           -0.530394         0.000640544
                  15           -0.530367           -0.530392         0.000596316
                  16           -0.528341           -0.530264         0.000572352
                  17           -0.527482             -0.5301          0.00056198
                  18           -0.528814           -0.530029          0.00053464
                  19           -0.529247           -0.529988         0.000507391
                  20           -0.528699           -0.529923         0.000485647
                  21           -0.529214            -0.52989         0.000463177
                  22           -0.528824           -0.529841         0.000444271
                  23            -0.52818           -0.529769         0.000430614
                  24           -0.529721           -0.529767         0.000412286
                  25           -0.531362           -0.529831         0.000400568
                  26           -0.529032             -0.5298         0.000386079
                  27           -0.530326            -0.52982         0.000372015
                  28           -0.530348           -0.529838         0.000358979
                  29           -0.529784           -0.529837         0.000346385
                  30           -0.529529           -0.529826         0.000334796
                  31           -0.528999             -0.5298         0.000324915
                  32            -0.53022           -0.529813         0.000314871
                  33           -0.532545           -0.529895         0.000316213
                  34           -0.528069           -0.529842         0.000311439
                  35           -0.529798           -0.529841         0.000302413
                  36           -0.532793           -0.529923         0.000305123
                  37           -0.531868           -0.529975         0.000301384
                  38           -0.531853           -0.530025         0.000297481
                  39           -0.528796           -0.529993          0.00029146
                  40           -0.532657            -0.53006         0.000291785
                   1           -0.528758           -0.528758                   0
                   2           -0.532676           -0.530717          0.00195912
                   3            -0.52831           -0.529915          0.00138673
                   4           -0.527868           -0.529403          0.00110605
                   5           -0.529696           -0.529462         0.000858735
                   6           -0.533793           -0.530183          0.00100634
                   7           -0.532718           -0.530546         0.000924405
                   8           -0.531388           -0.530651         0.000807447
                   9             -0.5324           -0.530845         0.000738144
                  10           -0.527639           -0.530524         0.000733958
                  11           -0.529224           -0.530406         0.000674336
                  12           -0.528159           -0.530219         0.000643427
                  13           -0.530721           -0.530258         0.000593124
                  14           -0.531478           -0.530345         0.000556001
                  15           -0.529035           -0.530257         0.000524924
                  16           -0.527996           -0.530116         0.000510959
                  17           -0.527035           -0.529935         0.000513045
                  18           -0.528794           -0.529871         0.000487841
                  19           -0.530245           -0.529891          0.00046187
                  20           -0.528584           -0.529826         0.000443019
                  21           -0.530888           -0.529876         0.000424422
                  22           -0.528373           -0.529808         0.000410397
                  23           -0.528406           -0.529747         0.000396854
                  24           -0.530887           -0.529795         0.000382917
                  25           -0.529543           -0.529785         0.000367419
                  26            -0.52926           -0.529764         0.000353581
                  27           -0.529965           -0.529772         0.000340315
                  28           -0.530662           -0.529804         0.000329474
                  29           -0.529331           -0.529787         0.000318327
                  30            -0.52957            -0.52978         0.000307618
                  31            -0.52976           -0.529779          0.00029753
                  32           -0.530975           -0.529817         0.000290496
                  33           -0.532783           -0.529907         0.000295559
                  34           -0.527822           -0.529845         0.000293216
                  35           -0.529578           -0.529838         0.000284818
                  36            -0.53272           -0.529918         0.000288141
                  37           -0.531075           -0.529949         0.000281984
                  38           -0.531343           -0.529986         0.000276902
                  39           -0.529916           -0.529984         0.000269715
                  40           -0.532171           -0.530039         0.000268512
