                   1            0.034072            0.034072                   0
                   2             0.04486            0.039466            0.005394
                   3            0.037828             0.03892          0.00316173
                   4            0.033284            0.037511          0.00264264
                   5            0.047492           0.0395072          0.00285919
                   6            0.038968           0.0394173          0.00233624
                   7             0.03334           0.0385491          0.00215693
                   8            0.053936           0.0404725          0.00268115
                   9            0.037492           0.0401413          0.00238763
                  10              0.0396           0.0400872          0.00213625
                  11            0.047972            0.040804          0.00206098
                  12            0.037124           0.0404973          0.00190623
                  13            0.039728           0.0404382          0.00175448
                  14            0.037356            0.040218          0.00163918
                  15            0.040772           0.0402549          0.00152644
                  16            0.046232           0.0406285          0.00147592
                  17             0.03372           0.0402221          0.00144471
                  18            0.047488           0.0406258          0.00142064
                  19            0.027948           0.0399585          0.00150034
                  20            0.032148            0.039568          0.00147595
                  21            0.037092           0.0394501          0.00140885
                  22            0.039584           0.0394562           0.0013433
                  23            0.029816            0.039037          0.00135027
                  24            0.030468             0.03868          0.00134118
                  25            0.038924           0.0386898          0.00128645
                  26            0.045576           0.0389546          0.00126404
                  27            0.048316           0.0393013          0.00126478
                  28            0.035796           0.0391761          0.00122518
                  29            0.041196           0.0392458          0.00118423
                  30            0.037252           0.0391793            0.001146
                  31             0.02954           0.0388684          0.00115121
                  32            0.040996           0.0389349          0.00111663
                  33            0.030852           0.0386899          0.00110964
                  34             0.03466           0.0385714          0.00108301
                  35            0.041876           0.0386658          0.00105584
                  36             0.03566           0.0385823          0.00102949
                  37            0.044608           0.0387452          0.00101443
                  38            0.034268           0.0386274         0.000994383
                  39            0.033396           0.0384932         0.000977795
                  40            0.036068           0.0384326         0.000954963
                   1            0.036692            0.036692                   0
                   2            0.045004            0.040848            0.004156
                   3            0.038308           0.0400013          0.00254446
                   4            0.034996             0.03875          0.00219157
                   5            0.046776           0.0403552          0.00233633
                   6            0.038836            0.040102          0.00192434
                   7            0.033924           0.0392194           0.0018504
                   8            0.054976            0.041189          0.00253913
                   9            0.037592           0.0407893          0.00227469
                  10            0.039536            0.040664           0.0020384
                  11            0.048396           0.0413669          0.00197325
                  12            0.035972           0.0409173          0.00185657
                  13            0.040048           0.0408505          0.00170911
                  14            0.037496           0.0406109          0.00160037
                  15            0.042144           0.0407131          0.00149336
                  16              0.0466            0.041081          0.00144455
                  17            0.034944             0.04072          0.00140412
                  18            0.046084            0.041018          0.00135695
                  19            0.029844           0.0404299          0.00141186
                  20            0.033976           0.0401072          0.00137773
                  21            0.035212           0.0398741          0.00133105
                  22            0.040664             0.03991          0.00126962
                  23            0.030324           0.0394932          0.00128276
                  24            0.031156           0.0391458          0.00127633
                  25            0.039932           0.0391773          0.00122462
                  26            0.046192           0.0394471          0.00120711
                  27            0.047872           0.0397591          0.00120273
                  28            0.035504           0.0396071           0.0011689
                  29            0.040952           0.0396535          0.00112882
                  30            0.036512           0.0395488          0.00109556
                  31             0.03078           0.0392659          0.00109674
                  32             0.04156           0.0393376          0.00106433
                  33            0.030768           0.0390779          0.00106376
                  34              0.0339           0.0389256          0.00104317
                  35              0.0429           0.0390392          0.00101927
                  36            0.036804           0.0389771           0.0009925
                  37            0.043736           0.0391057         0.000973834
                  38            0.034732           0.0389906         0.000954823
                  39            0.033812           0.0388578          0.00093945
                  40            0.034156           0.0387403         0.000923177
