                   1             4.20433             4.20433                   0
                   2              4.5951             4.39971            0.195386
                   3             4.46098             4.42014             0.11464
                   4             4.39154             4.41299           0.0813771
                   5              4.2832             4.38703           0.0681701
                   6              4.2826             4.36962           0.0583185
                   7             4.50879              4.3895           0.0531464
                   8             4.35275             4.38491           0.0462549
                   9             4.20011             4.36438           0.0456691
                  10             4.05863              4.3338           0.0510231
                  11             4.49534             4.34849           0.0484322
                  12             4.22723             4.33838           0.0453524
                  13             4.46845             4.34839           0.0429012
                  14             4.30725             4.34545           0.0398273
                  15               3.995             4.32209           0.0438244
                  16             4.53913             4.33565           0.0431801
                  17             4.33949             4.33588           0.0405612
                  18             4.30876             4.33437           0.0382712
                  19             4.18817             4.32668           0.0370097
                  20             4.28191             4.32444           0.0351817
                  21             4.47746             4.33172           0.0342486
                  22             4.61633             4.34466           0.0351239
                  23             4.54759             4.35348           0.0347024
                  24              4.3514              4.3534           0.0332252
                  25             4.21368             4.34781           0.0323548
                  26             4.44907              4.3517           0.0313285
                  27             4.28483             4.34923           0.0302474
                  28             4.37714             4.35022           0.0291642
                  29              4.4832             4.35481           0.0285117
                  30             4.31395             4.35345           0.0275786
                  31              4.2182             4.34908           0.0270286
                  32             4.47992             4.35317           0.0264878
                  33              4.5755             4.35991           0.0265419
                  34             4.72326              4.3706            0.027879
                  35              4.2122             4.36607           0.0274464
                  36             4.36298             4.36599           0.0266733
                  37             4.30603             4.36436           0.0259929
                  38             4.40407             4.36541           0.0253212
                  39             4.34518             4.36489           0.0246689
                  40             4.44034             4.36678           0.0241181
                   1             4.18987             4.18987                   0
                   2             4.58281             4.38634            0.196471
                   3             4.47257             4.41508            0.117017
                   4             4.38279             4.40701           0.0831365
                   5             4.27038             4.37968            0.069955
                   6             4.25226             4.35845           0.0609386
                   7             4.50302              4.3791           0.0554895
                   8             4.32499             4.37234            0.048529
                   9             4.19348             4.35246           0.0471874
                  10             4.06761             4.32398           0.0509187
                  11              4.4918             4.33923           0.0485187
                  12             4.18546             4.32642           0.0461078
                  13             4.46932             4.33741           0.0438143
                  14             4.29982             4.33473           0.0406529
                  15             4.00713             4.31289           0.0436954
                  16             4.55261             4.32787           0.0435329
                  17             4.34066             4.32862            0.040899
                  18             4.31717             4.32799           0.0385652
                  19             4.17349             4.31985           0.0373742
                  20             4.32126             4.31992           0.0354564
                  21             4.50342             4.32866           0.0348393
                  22             4.61884             4.34185           0.0357408
                  23             4.53724             4.35035           0.0351923
                  24             4.33528             4.34972           0.0336999
                  25             4.19526             4.34354            0.032909
                  26             4.41339             4.34623           0.0317318
                  27             4.29622             4.34438           0.0305901
                  28             4.34287             4.34432           0.0294774
                  29             4.50681             4.34992           0.0289894
                  30             4.33444             4.34941           0.0280112
                  31             4.18273             4.34403           0.0276209
                  32             4.44895             4.34731            0.026944
                  33             4.60273             4.35505           0.0272376
                  34             4.76281             4.36704           0.0290186
                  35             4.22911              4.3631           0.0284515
                  36             4.38347             4.36367           0.0276557
                  37             4.30705             4.36214           0.0269413
                  38             4.41699             4.36358           0.0262625
                  39             4.36724             4.36368           0.0255804
                  40             4.44506             4.36571           0.0250156
