                   1             2.09748             2.09748                   0
                   2             2.16888             2.13318           0.0357027
                   3             2.18207             2.14948           0.0262777
                   4             2.04423             2.12317           0.0322122
                   5             2.16166             2.13086           0.0261123
                   6              2.1684             2.13712           0.0222194
                   7             2.23755             2.15147           0.0236321
                   8              2.0522             2.13906            0.023934
                   9             2.23414             2.14962           0.0236039
                  10             2.16566             2.15123           0.0211728
                  11             2.16168             2.15218           0.0191751
                  12             2.13806               2.151           0.0175439
                  13             2.17721             2.15302           0.0162634
                  14             2.20514             2.15674           0.0155104
                  15             2.12742             2.15478           0.0145711
                  16             2.15232             2.15463           0.0136309
                  17             2.25175             2.16034           0.0140207
                  18             2.05812             2.15466           0.0143871
                  19              2.0915             2.15134            0.014009
                  20              2.1843             2.15299           0.0133919
                  21             2.09853             2.15039           0.0129996
                  22             2.18153             2.15181           0.0124751
                  23             2.26019             2.15652            0.012818
                  24             2.15565             2.15649           0.0122723
                  25             2.22685              2.1593            0.012103
                  26             2.12815              2.1581           0.0116897
                  27             2.21866             2.16034           0.0114699
                  28             2.21096             2.16215           0.0111995
                  29             2.14019             2.16139           0.0108329
                  30             2.11936             2.15999           0.0105589
                  31             2.19699             2.16119           0.0102821
                  32             2.12925             2.16019           0.0100055
                  33             2.21859             2.16196          0.00985777
                  34             2.12345             2.16083          0.00963028
                  35             2.19618             2.16184          0.00940548
                  36              2.1424              2.1613          0.00915642
                  37              2.2403             2.16343          0.00915792
                  38             2.16063             2.16336          0.00891397
                  39             2.10012             2.16174          0.00883252
                  40              2.1907             2.16246          0.00863928
                   1             2.09719             2.09719                   0
                   2             2.16616             2.13167            0.034486
                   3             2.16402             2.14246           0.0226431
                   4             2.05825              2.1214           0.0264489
                   5             2.18333             2.13379           0.0239403
                   6             2.19592             2.14414           0.0221203
                   7              2.2575             2.16034           0.0247339
                   8             2.00593             2.14104           0.0288335
                   9             2.23029             2.15095            0.027294
                  10              2.1886             2.15472           0.0247011
                  11             2.17541              2.1566           0.0224221
                  12             2.13326             2.15465           0.0205607
                  13             2.15207             2.15446           0.0189141
                  14             2.23083             2.15991           0.0183412
                  15             2.14206             2.15872           0.0171161
                  16             2.16128             2.15888           0.0160115
                  17             2.26245             2.16497           0.0162272
                  18             2.06048             2.15917           0.0163635
                  19             2.09483             2.15578           0.0158444
                  20             2.18222              2.1571           0.0150893
                  21             2.11109             2.15491           0.0145191
                  22             2.18897             2.15646           0.0139297
                  23             2.26206             2.16105           0.0140799
                  24             2.16653             2.16128           0.0134824
                  25             2.21407             2.16339           0.0131031
                  26             2.14027              2.1625           0.0126204
                  27             2.20522             2.16408           0.0122466
                  28             2.20898             2.16569           0.0119096
                  29             2.14637             2.16502           0.0115109
                  30             2.12808             2.16379           0.0111885
                  31              2.1675             2.16391           0.0108222
                  32             2.15726              2.1637           0.0104806
                  33             2.21222             2.16517           0.0102639
                  34               2.123             2.16393           0.0100344
                  35             2.20445             2.16509          0.00981203
                  36             2.12767             2.16405          0.00959207
                  37             2.23044             2.16584           0.0095002
                  38             2.16813             2.16591          0.00924701
                  39             2.11382             2.16457          0.00910527
                  40             2.20529             2.16559          0.00893292
