                   1            0.055608            0.055608                   0
                   2            0.063676            0.059642            0.004034
                   3            0.055664            0.058316          0.00268005
                   4            0.047796            0.055686          0.00324164
                   5            0.046368           0.0538224          0.00312697
                   6             0.05146           0.0534287          0.00258334
                   7             0.05848           0.0541503          0.00229948
                   8            0.072244            0.056412          0.00301348
                   9            0.078124           0.0588244          0.00358928
                  10             0.05594            0.058536          0.00322328
                  11              0.0513           0.0578782          0.00298886
                  12            0.070972           0.0589693          0.00293854
                  13            0.054304           0.0586105          0.00272678
                  14             0.04164           0.0573983          0.00280045
                  15            0.051936           0.0570341          0.00263238
                  16             0.06986           0.0578358          0.00258957
                  17            0.059468           0.0579318          0.00243437
                  18             0.06408           0.0582733          0.00232042
                  19              0.0524           0.0579642          0.00221656
                  20            0.064496           0.0582908          0.00212802
                  21            0.063968           0.0585611          0.00204213
                  22            0.064676           0.0588391          0.00196683
                  23            0.051584           0.0585237          0.00190566
                  24            0.058224           0.0585112          0.00182457
                  25            0.062544           0.0586725          0.00175749
                  26            0.053464           0.0584722          0.00170038
                  27            0.056124           0.0583852           0.0016385
                  28            0.066996           0.0586927          0.00160857
                  29            0.051672           0.0584506          0.00157088
                  30            0.049076           0.0581381          0.00154945
                  31            0.062904           0.0582919           0.0015065
                  32               0.059            0.058314          0.00145883
                  33             0.04626           0.0579487          0.00146035
                  34            0.062656           0.0580872           0.0014235
                  35            0.062188           0.0582043          0.00138719
                  36            0.058516            0.058213          0.00134813
                  37             0.05944           0.0582462          0.00131161
                  38            0.057448           0.0582252           0.0012768
                  39            0.056048           0.0581693          0.00124488
                  40            0.059956            0.058214          0.00121418
                   1            0.056684            0.056684                   0
                   2            0.062584            0.059634             0.00295
                   3              0.0551           0.0581227          0.00227705
                   4            0.047028            0.055349          0.00320713
                   5            0.045276           0.0533344          0.00319844
                   6             0.05184           0.0530853          0.00262337
                   7            0.058448           0.0538514          0.00234577
                   8            0.073368            0.056291          0.00317467
                   9             0.07786           0.0586876          0.00368542
                  10            0.055784           0.0583972           0.0033091
                  11            0.050672           0.0576949          0.00307448
                  12            0.071576           0.0588517          0.00303564
                  13            0.052796           0.0583858          0.00283097
                  14             0.04192           0.0572097          0.00287276
                  15             0.05228           0.0568811          0.00269451
                  16             0.06936            0.057661           0.0026384
                  17             0.05878           0.0577268          0.00247922
                  18            0.063256            0.058034          0.00235753
                  19            0.053316           0.0577857          0.00224378
                  20            0.064772            0.058135          0.00215711
                  21            0.063436           0.0583874          0.00206729
                  22            0.064808           0.0586793          0.00199257
                  23            0.053196           0.0584409          0.00191884
                  24            0.058012            0.058423          0.00183723
                  25             0.06352           0.0586269          0.00177397
                  26            0.054292           0.0584602          0.00171251
                  27            0.057132            0.058411          0.00164859
                  28            0.066596           0.0587033           0.0016153
                  29            0.052216           0.0584796          0.00157457
                  30            0.048924           0.0581611          0.00155417
                  31            0.064748           0.0583735          0.00151814
                  32            0.059716           0.0584155          0.00147054
                  33            0.046604           0.0580576          0.00146953
                  34            0.060968           0.0581432          0.00142822
                  35            0.062504           0.0582678           0.0013924
                  36            0.057504           0.0582466          0.00135334
                  37            0.058548           0.0582547          0.00131628
                  38             0.05858           0.0582633           0.0012812
                  39            0.057804           0.0582515          0.00124797
                  40             0.06006           0.0582967          0.00121721
