                   1             2.16366             2.16366                   0
                   2             5.76918             3.96642             1.80276
                   3             4.91561             4.28282             1.08785
                   4             7.14206             4.99763             1.05008
                   5             8.18185             5.63447             1.03304
                   6             30.1678             9.72336             4.17498
                   7             28.4672             12.4011             4.42949
                   8              3.8449             11.3315             3.98235
                   9             27.8616             13.1682             3.96337
                  10             7.23803             12.5752              3.5942
                  11             3.07459             11.7115             3.36385
                  12             30.2262             13.2544             3.43658
                  13             22.5998             13.9733              3.2419
                  14               4.925              13.327             3.07021
                  15              10.361             13.1292             2.86505
                  16             2.02476             12.4352             2.76841
                  17             1.99794             11.8213             2.67196
                  18             12.5098             11.8595             2.51944
                  19             5.61439             11.5308             2.40571
                  20             8.44767             11.3767             2.28746
                  21             6.15973             11.1282             2.18994
                  22             12.8794             11.2078             2.08955
                  23             4.58195             10.9197             2.01731
                  24             3.95304             10.6295             1.95312
                  25             7.84885             10.5182             1.87666
                  26             7.23762             10.3921             1.80745
                  27             2.40863             10.0964             1.76417
                  28             4.84283             9.90876             1.71032
                  29             23.9954             10.3945              1.7203
                  30             2.83037             10.1424             1.68098
                  31             5.61093             9.99619             1.63241
                  32             3.09502             9.78053             1.59522
                  33             3.95011             9.60385             1.55618
                  34             3.57884             9.42664             1.52009
                  35             28.1703             9.96218             1.57016
                  36             11.8595             10.0149             1.52684
                  37             2.91031             9.82286             1.49736
                  38             2.60577             9.63294             1.46975
                  39             9.56147             9.63111             1.43156
                  40             2.98746             9.46502             1.40517
                   1             1.85543             1.85543                   0
                   2             5.76383             3.80963              1.9542
                   3             4.94127             4.18684             1.18964
                   4             7.13302             4.92339             1.11809
                   5             8.19421             5.57755             1.08536
                   6             30.1384             9.67103              4.1883
                   7               28.51             12.3623             4.44667
                   8             3.83973              11.297             3.99557
                   9             27.9061             13.1424             3.97776
                  10             7.25152             12.5533             3.60626
                  11             3.05576             11.6899             3.37432
                  12             30.2503             13.2366             3.44683
                  13             22.6022             13.9571             3.25144
                  14             4.95637             13.3142             3.07814
                  15             10.3334             13.1154             2.87247
                  16             2.02189             12.4221             2.77497
                  17             1.99436             11.8087             2.67783
                  18             12.5211             11.8483             2.52499
                  19              5.6108               11.52             2.41086
                  20             8.43447             11.3657             2.29234
                  21             6.14773             11.1172             2.19456
                  22             12.8734             11.1971             2.09395
                  23             4.59529               10.91             2.02132
                  24             3.95698             10.6203             1.95684
                  25             7.85505             10.5097             1.88019
                  26             7.24521             10.3841             1.81078
                  27             2.42956             10.0895             1.76716
                  28             4.86162             9.90282             1.71308
                  29             24.0057             10.3891             1.72301
                  30             2.83773             10.1374             1.68351
                  31              5.5984             9.99099             1.63487
                  32             3.08366             9.77514              1.5976
                  33             3.95244             9.59869             1.55845
                  34             3.58718             9.42189             1.52222
                  35             28.1795             9.95782             1.57225
                  36             11.8595             10.0106             1.52887
                  37             2.88232             9.81798              1.4994
                  38             2.59529             9.62791             1.47174
                  39             9.56352             9.62626              1.4335
                  40             3.00632             9.46076             1.40697
