                   1           -0.502645           -0.502645                   0
                   2           -0.507523           -0.505084          0.00243892
                   3           -0.504116           -0.504761          0.00144462
                   4           -0.503608           -0.504473          0.00106141
                   5           -0.504301           -0.504439         0.000822882
                   6           -0.506884           -0.504846         0.000785847
                   7           -0.509188           -0.505466         0.000908705
                   8           -0.507105           -0.505671         0.000813184
                   9           -0.505185           -0.505617         0.000719193
                  10           -0.505431           -0.505599         0.000643534
                  11           -0.506297           -0.505662         0.000585552
                  12           -0.504406           -0.505557         0.000544693
                  13           -0.508572           -0.505789         0.000552097
                  14           -0.508119           -0.505956          0.00053754
                  15           -0.507481           -0.506057         0.000510656
                  16           -0.506428           -0.506081         0.000478237
                  17           -0.505097           -0.506023         0.000452935
                  18           -0.506604           -0.506055         0.000428249
                  19             -0.5072           -0.506115         0.000409539
                  20           -0.502477           -0.505933         0.000428992
                  21           -0.505506           -0.505913         0.000408559
                  22           -0.503698           -0.505812         0.000402342
                  23           -0.503554           -0.505714         0.000396792
                  24           -0.507164           -0.505775         0.000384672
                  25            -0.50687           -0.505818         0.000371558
                  26           -0.502445           -0.505689         0.000379826
                  27           -0.507253           -0.505747         0.000370052
                  28           -0.506255           -0.505765         0.000357053
                  29            -0.50562            -0.50576         0.000344557
                  30           -0.505487           -0.505751         0.000332997
                  31            -0.50576           -0.505751         0.000322077
                  32           -0.509443           -0.505866         0.000332509
                  33           -0.506688           -0.505891         0.000323235
                  34           -0.504173           -0.505841         0.000317631
                  35           -0.504873           -0.505813         0.000309658
                  36           -0.506875           -0.505843         0.000302375
                  37           -0.507259           -0.505881         0.000296571
                  38           -0.508282           -0.505944         0.000295496
                  39           -0.504329           -0.505903         0.000290782
                  40           -0.508134           -0.505958         0.000288858
                   1           -0.503417           -0.503417                   0
                   2           -0.507453           -0.505435          0.00201792
                   3           -0.503711            -0.50486          0.00129916
                   4           -0.505234           -0.504954         0.000923374
                   5           -0.503552           -0.504673         0.000768245
                   6           -0.507713            -0.50518         0.000806291
                   7           -0.509428           -0.505787         0.000912513
                   8           -0.507934           -0.506055         0.000834582
                   9           -0.506709           -0.506128         0.000739611
                  10           -0.502708           -0.505786         0.000744711
                  11           -0.508176           -0.506003          0.00070779
                  12           -0.503757           -0.505816         0.000672685
                  13            -0.50885           -0.506049         0.000661343
                  14           -0.507351           -0.506142         0.000619307
                  15            -0.50664           -0.506176         0.000577497
                  16           -0.506006           -0.506165         0.000540303
                  17           -0.503935           -0.506034         0.000524204
                  18           -0.505086           -0.505981         0.000497021
                  19           -0.507359           -0.506054         0.000475692
                  20           -0.503568           -0.505929         0.000468077
                  21           -0.506676           -0.505965         0.000446649
                  22           -0.503057           -0.505833         0.000445908
                  23           -0.504023           -0.505754         0.000433285
                  24           -0.508808           -0.505881         0.000433916
                  25           -0.504052           -0.505808         0.000422582
                  26           -0.502736            -0.50569         0.000422848
                  27           -0.505295           -0.505675         0.000407149
                  28           -0.507217            -0.50573         0.000396185
                  29           -0.505353           -0.505717         0.000382501
                  30           -0.505042           -0.505695         0.000370217
                  31           -0.506007           -0.505705         0.000358216
                  32            -0.50898           -0.505807         0.000361631
                  33           -0.506286           -0.505822         0.000350801
                  34           -0.505152           -0.505802         0.000340897
                  35           -0.505064           -0.505781         0.000331684
                  36           -0.507606           -0.505832         0.000326302
                  37           -0.506517            -0.50585           0.0003179
                  38           -0.507819           -0.505902         0.000313731
                  39           -0.505208           -0.505884         0.000306099
                  40           -0.507628           -0.505928         0.000301516
