                   1            0.431249            0.431249                   0
                   2            0.450289            0.440769          0.00951991
                   3            0.418605            0.433381          0.00920841
                   4            0.446283            0.436607           0.0072664
                   5             0.43749            0.436783           0.0056313
                   6            0.431599            0.435919           0.0046784
                   7            0.464072            0.439941          0.00563993
                   8            0.427709            0.438412          0.00511806
                   9            0.440568            0.438651          0.00452006
                  10            0.441717            0.438958          0.00405447
                  11            0.440108            0.439063          0.00366889
                  12            0.425966            0.437971          0.00352255
                  13            0.439411            0.438082          0.00324217
                  14             0.44483            0.438564          0.00304012
                  15            0.440525            0.438695          0.00283321
                  16            0.428029            0.438028          0.00273278
                  17            0.451655             0.43883          0.00268925
                  18            0.436326            0.438691          0.00253926
                  19            0.412574            0.437316           0.0027674
                  20            0.422916            0.436596          0.00272233
                  21            0.457728            0.437602          0.00277811
                  22            0.438621            0.437649          0.00264922
                  23            0.433184            0.437454          0.00253885
                  24            0.447043            0.437854          0.00246338
                  25            0.432545            0.437642          0.00237232
                  26            0.425188            0.437163          0.00232904
                  27            0.447934            0.437562          0.00227635
                  28            0.436925            0.437539          0.00219366
                  29            0.434877            0.437447          0.00211866
                  30            0.447029            0.437767          0.00207159
                  31            0.426997            0.437419          0.00203354
                  32            0.453449             0.43792          0.00203169
                  33            0.443959            0.438103          0.00197765
                  34            0.430629            0.437883          0.00193115
                  35            0.432704            0.437735          0.00188099
                  36            0.461957            0.438408          0.00194788
                  37            0.433064            0.438264          0.00190001
                  38            0.429627            0.438036          0.00186324
                  39             0.46856            0.438819          0.00197641
                  40            0.442645            0.438915          0.00192874
                   1            0.431401            0.431401                   0
                   2            0.442472            0.436937          0.00553535
                   3            0.413363            0.429079          0.00848281
                   4            0.451574            0.434703          0.00822231
                   5            0.445973            0.436957          0.00675611
                   6            0.428806            0.435598          0.00568113
                   7            0.467571            0.440166          0.00662686
                   8             0.42022            0.437673          0.00625721
                   9            0.436434            0.437535          0.00552006
                  10            0.444234            0.438205          0.00498253
                  11            0.447265            0.439029          0.00458151
                  12            0.420996            0.437526          0.00444411
                  13            0.441318            0.437818          0.00409838
                  14            0.448018            0.438546          0.00386368
                  15            0.440532            0.438679          0.00359933
                  16            0.432607            0.438299          0.00338818
                  17            0.453665            0.439203           0.0033085
                  18            0.436988             0.43908          0.00312171
                  19            0.414778            0.437801          0.00321796
                  20            0.422306            0.437026          0.00314959
                  21            0.453943            0.437832          0.00310227
                  22            0.439352            0.437901          0.00295871
                  23             0.43539            0.437792          0.00282925
                  24            0.446406            0.438151          0.00273247
                  25            0.437986            0.438144          0.00262091
                  26            0.431743            0.437898          0.00253009
                  27            0.451183             0.43839          0.00248381
                  28            0.439919            0.438444          0.00239408
                  29            0.438816            0.438457          0.00231009
                  30            0.441781            0.438568           0.0022345
                  31            0.432112             0.43836          0.00217123
                  32            0.453765            0.438841           0.0021567
                  33            0.446047             0.43906           0.0021017
                  34            0.429763            0.438786           0.0020572
                  35            0.432934            0.438619          0.00200454
                  36            0.459566            0.439201           0.0020331
                  37            0.442372            0.439287          0.00197924
                  38            0.435814            0.439195          0.00192862
                  39            0.472161             0.44004          0.00205993
                  40            0.446481            0.440201          0.00201422
