                   1           -0.862683           -0.862683                   0
                   2           -0.864105           -0.863394            0.000711
                   3           -0.866507           -0.864432          0.00111586
                   4            -0.85707           -0.862591          0.00200244
                   5           -0.859422           -0.861957          0.00167564
                   6           -0.858724           -0.861419          0.00147045
                   7           -0.860239            -0.86125          0.00125413
                   8           -0.866602           -0.861919           0.0012756
                   9           -0.864368           -0.862191          0.00115741
                  10           -0.863759           -0.862348          0.00104703
                  11           -0.862421           -0.862355         0.000947102
                  12           -0.866113           -0.862668         0.000919555
                  13           -0.863502           -0.862732         0.000848297
                  14           -0.858694           -0.862444         0.000836648
                  15           -0.848354           -0.861504          0.00122022
                  16              -0.863           -0.861598          0.00114523
                  17           -0.862463           -0.861649          0.00107696
                  18           -0.862887           -0.861717           0.0010177
                  19           -0.861429           -0.861702         0.000962765
                  20           -0.859532           -0.861594         0.000919779
                  21           -0.859734           -0.861505         0.000879355
                  22           -0.861057           -0.861485          0.00083868
                  23           -0.864523           -0.861617         0.000812199
                  24           -0.858451           -0.861485         0.000788731
                  25           -0.859862            -0.86142         0.000759305
                  26           -0.863002           -0.861481         0.000732051
                  27           -0.855919           -0.861275         0.000733923
                  28           -0.859468            -0.86121         0.000710164
                  29           -0.858692           -0.861124          0.00069072
                  30           -0.857762           -0.861011         0.000676643
                  31            -0.86537           -0.861152         0.000669385
                  32           -0.871095           -0.861463         0.000718762
                  33           -0.857454           -0.861341         0.000707152
                  34           -0.858592            -0.86126         0.000690787
                  35           -0.867249           -0.861432          0.00069224
                  36           -0.863194           -0.861481         0.000674515
                  37           -0.863615           -0.861538         0.000658563
                  38           -0.871868            -0.86181          0.00069626
                  39           -0.861335           -0.861798         0.000678281
                  40           -0.861566           -0.861792         0.000661133
                   1            -0.86273            -0.86273                   0
                   2           -0.863856           -0.863293          0.00056272
                   3            -0.86599           -0.864192         0.000955841
                   4           -0.856938           -0.862379          0.00193527
                   5           -0.859455           -0.861794          0.00160908
                   6           -0.858658           -0.861271          0.00141397
                   7           -0.860812           -0.861206          0.00119682
                   8           -0.866794           -0.861904          0.00124987
                   9           -0.864397           -0.862181          0.00113657
                  10           -0.863787           -0.862342          0.00102918
                  11           -0.862474           -0.862354         0.000931007
                  12           -0.865889           -0.862648         0.000899514
                  13           -0.863259           -0.862695         0.000828765
                  14           -0.858282            -0.86238         0.000829528
                  15           -0.848387           -0.861447          0.00121103
                  16           -0.862967           -0.861542          0.00113679
                  17           -0.862589           -0.861604           0.0010696
                  18           -0.862382           -0.861647          0.00100936
                  19           -0.861782           -0.861654         0.000954786
                  20           -0.859564            -0.86155           0.0009118
                  21           -0.859741           -0.861463         0.000871562
                  22           -0.860671           -0.861427         0.000831782
                  23           -0.864365           -0.861555         0.000804993
                  24           -0.858501           -0.861428         0.000781155
                  25           -0.859836           -0.861364         0.000751958
                  26           -0.863253           -0.861437         0.000726099
                  27           -0.855852            -0.86123         0.000728669
                  28           -0.859517           -0.861169         0.000704824
                  29           -0.858556           -0.861079         0.000686027
                  30           -0.858035           -0.860977         0.000670486
                  31           -0.865581           -0.861126         0.000665285
                  32           -0.871694           -0.861456         0.000723884
                  33           -0.857731           -0.861343          0.00071063
                  34           -0.858762           -0.861267          0.00069358
                  35           -0.867278           -0.861439         0.000695023
                  36           -0.863857           -0.861506         0.000678772
                  37           -0.863347           -0.861556         0.000662043
                  38           -0.871231           -0.861811         0.000692865
                  39           -0.861615           -0.861805         0.000674884
                  40           -0.861994            -0.86181         0.000657813
