                   1            0.039852            0.039852                   0
                   2            0.049344            0.044598            0.004746
                   3            0.032588           0.0405947          0.00485127
                   4            0.031996            0.038445          0.00404827
                   5            0.040672           0.0388904          0.00316725
                   6            0.034608           0.0381767          0.00268273
                   7            0.030976            0.037148          0.00248976
                   8            0.043656           0.0379615          0.00230455
                   9            0.033652           0.0374827          0.00208807
                  10            0.037168           0.0374512          0.00186789
                  11             0.04526           0.0381611          0.00183265
                  12             0.02668           0.0372043          0.00192723
                  13            0.040588           0.0374646           0.0017918
                  14            0.043932           0.0379266            0.001722
                  15            0.041672           0.0381763          0.00162243
                  16            0.042224           0.0384292          0.00153858
                  17            0.028856           0.0378661          0.00155108
                  18             0.03058           0.0374613          0.00151736
                  19            0.029984           0.0370678          0.00148826
                  20            0.022672            0.036348          0.00158478
                  21            0.033724            0.036223          0.00151259
                  22             0.02932           0.0359093          0.00147594
                  23              0.0253            0.035448          0.00148383
                  24              0.0214           0.0348627          0.00153652
                  25            0.032708           0.0347765          0.00147629
                  26             0.03466            0.034772          0.00141838
                  27            0.038256            0.034901          0.00137093
                  28            0.039932           0.0350807          0.00133322
                  29            0.042996           0.0353537          0.00131506
                  30            0.029964            0.035174          0.00128311
                  31            0.035224           0.0351756          0.00124103
                  32            0.040956           0.0353562          0.00121512
                  33            0.030376           0.0352053          0.00118736
                  34            0.037044           0.0352594          0.00115317
                  35            0.027656           0.0350422          0.00114062
                  36            0.034532            0.035028          0.00110857
                  37            0.036952             0.03508          0.00107945
                  38            0.038504           0.0351701          0.00105452
                  39            0.032068           0.0350906           0.0010302
                  40            0.036712           0.0351311          0.00100493
                   1            0.040468            0.040468                   0
                   2             0.04946            0.044964            0.004496
                   3            0.033132             0.04102          0.00472156
                   4            0.034084            0.039286          0.00376209
                   5            0.041184           0.0396656          0.00293872
                   6            0.034844            0.038862          0.00253045
                   7            0.031008             0.03774          0.00241507
                   8            0.044284            0.038558          0.00224579
                   9             0.03466           0.0381249           0.0020274
                  10            0.037384           0.0380508          0.00181487
                  11            0.046792           0.0388455          0.00182384
                  12            0.025052            0.037696          0.00202317
                  13             0.04092            0.037944           0.0018775
                  14            0.043964            0.038374          0.00179062
                  15               0.042           0.0386157          0.00168442
                  16            0.039916            0.038697          0.00157772
                  17            0.029548           0.0381588           0.0015767
                  18            0.030296            0.037722          0.00154938
                  19            0.030328           0.0373328          0.00151636
                  20            0.023216            0.036627          0.00160238
                  21            0.034624           0.0365316          0.00152715
                  22            0.029636           0.0362182          0.00148943
                  23            0.026744           0.0358063          0.00148161
                  24            0.021196           0.0351975          0.00154364
                  25            0.033792           0.0351413          0.00148168
                  26            0.034396           0.0351126          0.00142384
                  27            0.038332           0.0352319          0.00137527
                  28            0.039268            0.035376          0.00133306
                  29             0.04366           0.0356617          0.00131761
                  30            0.030084           0.0354757          0.00128644
                  31            0.035136           0.0354648          0.00124429
                  32            0.039824            0.035601          0.00121246
                  33            0.029092           0.0354038          0.00119158
                  34              0.0364           0.0354331          0.00115638
                  35            0.029208           0.0352552          0.00113685
                  36            0.033112           0.0351957          0.00110642
                  37            0.035028           0.0351911          0.00107611
                  38            0.037372           0.0352485          0.00104898
                  39            0.034388           0.0352265          0.00102197
                  40            0.036196           0.0352507         0.000996388
