                   1             2.44364             2.44364                   0
                   2             2.64994             2.54679             0.10315
                   3             2.56214             2.55191           0.0597732
                   4             2.42478             2.52012           0.0528822
                   5             2.59366             2.53483           0.0435226
                   6             2.71559             2.56496           0.0465881
                   7             2.60698             2.57096            0.039829
                   8             2.51704             2.56422           0.0351453
                   9             2.46887             2.55363           0.0327557
                  10             2.47888             2.54615           0.0302361
                  11             2.59166             2.55029           0.0276608
                  12             2.64351             2.55806           0.0264186
                  13             2.51179              2.5545           0.0245608
                  14             2.46997             2.54846           0.0235268
                  15             2.60422             2.55218           0.0222155
                  16             2.56928             2.55325           0.0208082
                  17             2.52919             2.55183            0.019597
                  18             2.55064             2.55176           0.0184764
                  19             2.55496             2.55193           0.0174777
                  20             2.49476             2.54907           0.0168254
                  21              2.4966             2.54658           0.0161981
                  22             2.45947             2.54262           0.0159437
                  23             2.46773             2.53936           0.0155788
                  24             2.54458             2.53958           0.0149171
                  25             2.50411             2.53816           0.0143782
                  26             2.47002             2.53554           0.0140605
                  27             2.39597             2.53037           0.0144835
                  28             2.46157             2.52791           0.0141713
                  29             2.59361             2.53018           0.0138603
                  30             2.50488             2.52933           0.0134168
                  31             2.43145             2.52618           0.0133555
                  32             2.40118             2.52227           0.0135085
                  33             2.45154             2.52013            0.013267
                  34             2.49156             2.51929           0.0128983
                  35             2.46555             2.51775           0.0126181
                  36             2.49295             2.51706           0.0122819
                  37              2.5489             2.51792           0.0119763
                  38             2.58585             2.51971           0.0117931
                  39              2.4777             2.51863           0.0115372
                  40             2.42669             2.51633           0.0114776
                   1             2.47361             2.47361                   0
                   2             2.64442             2.55902           0.0854085
                   3             2.55266              2.5569           0.0493561
                   4             2.41821             2.52223           0.0491947
                   5             2.57482             2.53274           0.0395309
                   6             2.71194             2.56261           0.0439743
                   7             2.61398             2.56995           0.0378826
                   8              2.5033             2.56162           0.0338485
                   9             2.46673             2.55107           0.0316586
                  10             2.48733              2.5447           0.0290248
                  11             2.57801             2.54773            0.026428
                  12             2.66085             2.55716           0.0259017
                  13             2.49531              2.5524           0.0242965
                  14              2.4809             2.54729           0.0230667
                  15             2.59575             2.55052           0.0217155
                  16             2.59814              2.5535           0.0205299
                  17             2.53241             2.55226           0.0193243
                  18             2.53871              2.5515           0.0182347
                  19             2.56607             2.55227           0.0172653
                  20             2.51742             2.55053           0.0164717
                  21             2.48277              2.5473           0.0159966
                  22             2.47771             2.54414           0.0155767
                  23             2.47097             2.54096           0.0152202
                  24             2.51619             2.53993           0.0146087
                  25             2.53154             2.53959           0.0140162
                  26             2.48369             2.53744           0.0136369
                  27             2.40959              2.5327           0.0139503
                  28             2.47009             2.53047           0.0136276
                  29              2.5861             2.53239           0.0132885
                  30             2.52683              2.5322           0.0128392
                  31             2.44621             2.52943           0.0127242
                  32             2.40678              2.5256           0.0129026
                  33             2.47398             2.52403           0.0126029
                  34             2.48868             2.52299           0.0122707
                  35             2.47605             2.52165           0.0119902
                  36             2.48951             2.52076           0.0116865
                  37             2.53975             2.52127           0.0113779
                  38             2.58749             2.52301           0.0112107
                  39             2.46491             2.52152           0.0110206
                  40             2.42167             2.51903           0.0110278
