                   1             1.50806             1.50806                   0
                   2             1.50921             1.50864         0.000577238
                   3             1.49547             1.50425           0.0044022
                   4             1.46603             1.49469           0.0100483
                   5             1.46528             1.48881          0.00975597
                   6             1.53514             1.49653           0.0110941
                   7             1.56308             1.50604            0.013353
                   8             1.46557             1.50098            0.012622
                   9              1.5089             1.50186           0.0111663
                  10             1.50361             1.50204          0.00998897
                  11             1.55939             1.50725           0.0104318
                  12             1.49671             1.50637          0.00956331
                  13             1.52475             1.50779          0.00890989
                  14             1.54008             1.51009          0.00856537
                  15             1.50887             1.51001          0.00797434
                  16             1.52804             1.51114          0.00754397
                  17             1.50178             1.51059          0.00710769
                  18             1.54596             1.51255          0.00698344
                  19             1.48252             1.51097          0.00679223
                  20              1.5034             1.51059          0.00645478
                  21             1.47384             1.50884          0.00638426
                  22             1.48291             1.50766          0.00620028
                  23             1.50043             1.50735           0.0059329
                  24             1.53569             1.50853          0.00580174
                  25             1.50476             1.50838          0.00556688
                  26              1.4534             1.50627           0.0057514
                  27             1.46393              1.5047          0.00575208
                  28             1.50646             1.50476           0.0055432
                  29             1.48223             1.50398           0.0054048
                  30             1.55859              1.5058          0.00552966
                  31             1.49766             1.50554          0.00535476
                  32              1.5297              1.5063          0.00523941
                  33             1.47484             1.50534          0.00516684
                  34              1.5154             1.50564           0.0050213
                  35             1.46648             1.50452          0.00500242
                  36             1.50573             1.50455          0.00486159
                  37             1.48275             1.50396          0.00476495
                  38             1.51034             1.50413          0.00464089
                  39             1.45299             1.50282          0.00470671
                  40             1.47695             1.50217           0.0046329
                   1              1.5065              1.5065                   0
                   2             1.51358             1.51004          0.00354024
                   3             1.49965             1.50658          0.00402111
                   4             1.44513             1.49122           0.0156244
                   5             1.48219             1.48941           0.0122366
                   6             1.55908             1.50102           0.0153182
                   7             1.56214             1.50975           0.0156156
                   8             1.46077             1.50363           0.0148449
                   9             1.52169             1.50564           0.0132449
                  10             1.51806             1.50688           0.0119115
                  11             1.58424             1.51391           0.0128667
                  12             1.48797             1.51175           0.0119429
                  13             1.53121             1.51325           0.0110874
                  14             1.54013             1.51517            0.010443
                  15             1.49172              1.5136          0.00984677
                  16             1.54427             1.51552          0.00940805
                  17             1.49884             1.51454          0.00889161
                  18             1.53725              1.5158          0.00847748
                  19             1.47657             1.51374          0.00828042
                  20             1.50738             1.51342          0.00786192
                  21              1.4928             1.51244          0.00754234
                  22             1.47138             1.51057          0.00742957
                  23             1.50167             1.51018          0.00710973
                  24             1.53452              1.5112          0.00688213
                  25             1.50096             1.51079          0.00661381
                  26             1.46345             1.50897          0.00661003
                  27             1.48368             1.50803          0.00642911
                  28             1.49975             1.50774          0.00620229
                  29             1.48707             1.50702          0.00602687
                  30             1.57155             1.50917          0.00620711
                  31             1.49598             1.50875           0.0060186
                  32             1.52462             1.50924          0.00584857
                  33             1.47792              1.5083          0.00574748
                  34             1.51621             1.50853          0.00558073
                  35             1.47511             1.50757          0.00550241
                  36             1.51551             1.50779          0.00535193
                  37             1.46949             1.50676           0.0053072
                  38             1.49479             1.50644          0.00517524
                  39             1.46041             1.50526          0.00517716
                  40             1.48863             1.50485          0.00506318
