                   1            0.673552            0.673552                   0
                   2             0.66716            0.670356            0.003196
                   3            0.298536            0.546416            0.123954
                   4            0.584404            0.555913           0.0881615
                   5            0.659112            0.576553           0.0713406
                   6            0.626628            0.584899           0.0588442
                   7            0.544024            0.579059            0.050074
                   8            0.612264             0.58321           0.0435636
                   9            0.551196            0.579653           0.0385838
                  10            0.605924             0.58228           0.0346102
                  11            0.788152            0.600996           0.0364739
                  12             0.65446            0.605451           0.0335928
                  13            0.658544            0.609535           0.0311696
                  14            0.686628            0.615042           0.0293781
                  15             0.64348            0.616938           0.0274152
                  16            0.749608            0.625229           0.0269518
                  17            0.708268            0.630114           0.0257837
                  18             0.78596            0.638772           0.0258049
                  19            0.677252            0.640797           0.0244929
                  20            0.755604            0.646538           0.0239346
                  21            0.709152            0.649519           0.0229607
                  22             0.55146            0.645062           0.0223413
                  23             0.64444            0.645035           0.0213479
                  24            0.732812            0.648693           0.0207637
                  25            0.632564            0.648047           0.0199263
                  26             0.65488             0.64831           0.0191464
                  27            0.584996            0.645965           0.0185722
                  28            0.696144            0.647757           0.0179862
                  29            0.681204            0.648911           0.0173932
                  30            0.662076            0.649349           0.0168091
                  31            0.600388             0.64777           0.0163344
                  32            0.577576            0.645576           0.0159671
                  33            0.507248            0.641385           0.0160333
                  34            0.793532             0.64586           0.0161855
                  35             0.60922            0.644813           0.0157511
                  36             0.52236            0.641411           0.0156807
                  37            0.724844            0.643666           0.0154168
                  38            0.689996            0.644885           0.0150551
                  39            0.703664            0.646393           0.0147412
                  40            0.721168            0.648262            0.014489
                   1            0.673392            0.673392                   0
                   2             0.66706            0.670226            0.003166
                   3            0.298608            0.546353            0.123886
                   4            0.584356            0.555854           0.0881144
                   5            0.658888            0.576461           0.0712961
                   6            0.626012            0.584719           0.0587959
                   7            0.544172            0.578927           0.0500281
                   8            0.612372            0.583107           0.0435268
                   9            0.550452            0.579479           0.0385581
                  10              0.6061            0.582141             0.03459
                  11            0.788672            0.600917           0.0364891
                  12              0.6543            0.605365           0.0336055
                  13             0.65836            0.609442           0.0311802
                  14            0.686296            0.614931           0.0293846
                  15            0.643968            0.616867            0.027424
                  16             0.74982            0.625177           0.0269651
                  17            0.708496            0.630078           0.0257991
                  18            0.785744            0.638726           0.0258153
                  19            0.677384            0.640761           0.0245034
                  20             0.75524            0.646485           0.0239403
                  21            0.709352            0.649478           0.0229677
                  22            0.551868            0.645041           0.0223438
                  23            0.644244            0.645007           0.0213503
                  24            0.732092            0.648635           0.0207609
                  25            0.632532            0.647991           0.0199236
                  26             0.65492            0.648258           0.0191438
                  27            0.585324            0.645927            0.018568
                  28            0.696184            0.647722           0.0179824
                  29            0.681232            0.648877           0.0173897
                  30            0.661392            0.649294           0.0168052
                  31            0.600468            0.647719           0.0163302
                  32            0.577684            0.645531           0.0159624
                  33               0.507            0.641333           0.0160305
                  34            0.793692            0.645814           0.0161846
                  35              0.6095            0.644776           0.0157496
                  36            0.522496             0.64138           0.0156782
                  37             0.72486            0.643636           0.0154146
                  38            0.689796            0.644851           0.0150526
                  39            0.703668            0.646359           0.0147389
                  40              0.7214            0.648235           0.0144877
