                   1             0.37467             0.37467                   0
                   2            0.380805            0.377737          0.00306734
                   3            0.379562            0.378345          0.00187245
                   4            0.386941            0.380494          0.00252398
                   5            0.374385            0.379272          0.00230544
                   6            0.382489            0.379808          0.00195723
                   7            0.383207            0.380294          0.00172395
                   8            0.385241            0.380912          0.00161598
                   9            0.377687            0.380554          0.00146954
                  10            0.365356            0.379034          0.00200936
                  11            0.388977            0.379938          0.00202989
                  12             0.35729            0.378051          0.00264498
                  13            0.392699            0.379177          0.00268128
                  14            0.369423            0.378481          0.00257832
                  15            0.378948            0.378512          0.00240048
                  16            0.380717             0.37865          0.00224968
                  17            0.389648            0.379297          0.00221002
                  18            0.379253            0.379294          0.00208363
                  19            0.366941            0.378644          0.00207538
                  20            0.363788            0.377901          0.00210435
                  21            0.383689            0.378177          0.00202052
                  22            0.389253             0.37868          0.00199119
                  23            0.381799            0.378816          0.00190747
                  24            0.382107            0.378953          0.00183141
                  25            0.383078            0.379118          0.00176436
                  26            0.386382            0.379397          0.00171801
                  27            0.366368            0.378915          0.00172215
                  28            0.365894             0.37845          0.00172343
                  29             0.38466            0.378664          0.00167667
                  30            0.372393            0.378455          0.00163325
                  31            0.376414            0.378389          0.00158106
                  32            0.375954            0.378313          0.00153274
                  33              0.3665            0.377955          0.00152809
                  34            0.385933             0.37819          0.00150092
                  35            0.366761            0.377863          0.00149354
                  36            0.379634            0.377912           0.0014523
                  37            0.368451            0.377657          0.00143546
                  38            0.375841            0.377609          0.00139799
                  39            0.382421            0.377732          0.00136725
                  40            0.379229             0.37777          0.00133316
                   1            0.382442            0.382442                   0
                   2            0.381247            0.381845         0.000597138
                   3            0.376651            0.380113           0.0017651
                   4            0.380266            0.380152           0.0012487
                   5            0.376226            0.379366          0.00124583
                   6            0.379254            0.379348          0.00101739
                   7            0.381377            0.379638         0.000907399
                   8            0.388423            0.380736          0.00135038
                   9            0.371045            0.379659          0.00160555
                  10              0.3703            0.378723          0.00171411
                  11            0.381296            0.378957          0.00156801
                  12            0.353226            0.376813          0.00257811
                  13            0.383063            0.377293          0.00241976
                  14            0.369835            0.376761          0.00230274
                  15            0.373579            0.376549           0.0021542
                  16            0.377725            0.376622          0.00201641
                  17            0.393346            0.377606          0.00213432
                  18            0.384028            0.377963          0.00204363
                  19            0.370892             0.37759          0.00196858
                  20            0.362467            0.376834          0.00201484
                  21            0.387795            0.377356          0.00198629
                  22            0.388225             0.37785          0.00195723
                  23            0.385351            0.378176          0.00189842
                  24            0.383658            0.378405          0.00183189
                  25            0.376451            0.378327          0.00175882
                  26            0.386708            0.378649           0.0017203
                  27            0.365539            0.378163           0.0017251
                  28            0.364162            0.377663          0.00173593
                  29            0.383277            0.377857          0.00168615
                  30            0.371906            0.377659          0.00164101
                  31             0.38197            0.377798          0.00159327
                  32            0.373642            0.377668          0.00154813
                  33            0.373122             0.37753          0.00150679
                  34            0.391325            0.377936          0.00151707
                  35            0.369908            0.377706          0.00149083
                  36            0.383565            0.377869          0.00145794
                  37            0.373014            0.377738          0.00142405
                  38            0.380993            0.377824          0.00138871
                  39            0.389388             0.37812          0.00138476
                  40            0.379751            0.378161          0.00135031
