                   1            0.150323            0.150323                   0
                   2            0.144921            0.147622          0.00270123
                   3            0.149244            0.148163           0.0016506
                   4            0.150875            0.148841          0.00134981
                   5            0.144628            0.147998          0.00134271
                   6            0.147311            0.147884          0.00110229
                   7            0.146088            0.147627          0.00096628
                   8            0.145708            0.147387         0.000870524
                   9            0.147543            0.147404         0.000767925
                  10            0.148873            0.147551         0.000702373
                  11            0.146468            0.147453         0.000642906
                  12             0.14594            0.147327         0.000600269
                  13            0.151106            0.147618         0.000624015
                  14            0.143191            0.147301         0.000658572
                  15            0.150599            0.147521         0.000651326
                  16            0.148786              0.1476         0.000614369
                  17            0.146936            0.147561         0.000578423
                  18            0.149603            0.147675         0.000557013
                  19            0.151708            0.147887         0.000568042
                  20            0.150444            0.148015         0.000553847
                  21            0.145746            0.147907         0.000537773
                  22            0.147849            0.147904         0.000512754
                  23            0.144475            0.147755         0.000512139
                  24              0.1482            0.147773         0.000490686
                  25            0.150686             0.14789         0.000484849
                  26            0.149366            0.147947         0.000469276
                  27            0.148167            0.147955         0.000451635
                  28            0.149588            0.148013         0.000439096
                  29            0.147432            0.147993         0.000424158
                  30            0.146195            0.147933         0.000414136
                  31            0.147843             0.14793         0.000400564
                  32            0.148563             0.14795         0.000388349
                  33            0.144587            0.147848         0.000389948
                  34             0.14766            0.147843         0.000378346
                  35            0.147036             0.14782         0.000368099
                  36            0.148773            0.147846         0.000358707
                  37            0.147389            0.147834         0.000349096
                  38             0.14557            0.147774         0.000344968
                  39            0.148022            0.147781         0.000336067
                  40            0.145923            0.147734         0.000330832
                   1            0.146745            0.146745                   0
                   2            0.145305            0.146025         0.000719626
                   3            0.147606            0.146552         0.000670972
                   4            0.149502            0.147289         0.000877002
                   5            0.145879            0.147007         0.000735563
                   6            0.145317            0.146726          0.00066335
                   7            0.149442            0.147114           0.0006818
                   8            0.148467            0.147283           0.0006142
                   9             0.14432            0.146954         0.000633886
                  10            0.148185            0.147077         0.000580174
                  11            0.147837            0.147146         0.000529319
                  12            0.149636            0.147353         0.000525883
                  13            0.147436             0.14736         0.000483784
                  14            0.146974            0.147332         0.000448742
                  15            0.145694            0.147223         0.000431801
                  16            0.145251              0.1471           0.0004223
                  17             0.14983             0.14726          0.00042796
                  18            0.149688            0.147395         0.000425434
                  19            0.146875            0.147368          0.00040335
                  20            0.147965            0.147398         0.000383816
                  21            0.142735            0.147176         0.000427299
                  22            0.145008            0.147077         0.000419153
                  23            0.150595             0.14723         0.000428725
                  24            0.147932            0.147259         0.000411513
                  25            0.145452            0.147187         0.000401273
                  26            0.147735            0.147208         0.000386106
                  27            0.144136            0.147094         0.000388568
                  28            0.147004            0.147091         0.000374448
                  29            0.149891            0.147188         0.000373984
                  30            0.150781            0.147307         0.000380641
                  31            0.146137             0.14727         0.000370087
                  32            0.146966             0.14726          0.00035846
                  33            0.145495            0.147207          0.00035152
                  34            0.147799            0.147224         0.000341468
                  35            0.148295            0.147255         0.000332977
                  36            0.150187            0.147336         0.000333692
                  37            0.145992              0.1473         0.000326576
                  38            0.147354            0.147301         0.000317869
                  39            0.145108            0.147245         0.000314676
                  40            0.142042            0.147115         0.000333146
