                   1            0.530564            0.530564                   0
                   2            0.495727            0.513145           0.0174185
                   3            0.476607            0.500966           0.0157946
                   4            0.512025            0.503731           0.0115056
                   5             0.46929            0.496843           0.0112638
                   6            0.500093            0.497384           0.0092128
                   7            0.505067            0.498482           0.0078632
                   8            0.466152             0.49444          0.00791861
                   9            0.488559            0.493787          0.00701406
                  10            0.509128            0.495321           0.0064584
                  11            0.459179            0.492035          0.00670242
                  12            0.465291            0.489807          0.00651171
                  13            0.488014            0.489669          0.00599149
                  14            0.461974            0.487691          0.00588923
                  15            0.503789            0.488764          0.00558663
                  16             0.46235            0.487113          0.00548038
                  17            0.467773            0.485975          0.00527213
                  18            0.422671            0.482458          0.00608896
                  19             0.46844            0.481721          0.00580664
                  20            0.434926            0.479381          0.00598496
                  21            0.455613            0.478249          0.00580425
                  22            0.508235            0.479612          0.00569951
                  23            0.500003            0.480499          0.00551776
                  24            0.452687             0.47934          0.00540846
                  25            0.520973            0.481005          0.00544836
                  26            0.499103            0.481701          0.00528069
                  27            0.511765            0.482815          0.00520192
                  28            0.508989            0.483749          0.00509911
                  29             0.50195            0.484377             0.00496
                  30             0.55401            0.486698          0.00532438
                  31            0.492635             0.48689          0.00515332
                  32            0.543466            0.488658          0.00529366
                  33            0.544369            0.490346          0.00540135
                  34            0.456368            0.489347          0.00533453
                  35            0.508077            0.489882          0.00520744
                  36             0.48902            0.489858          0.00506078
                  37            0.441724            0.488557          0.00509112
                  38             0.43307            0.487097          0.00516599
                  39            0.480317            0.486923          0.00503479
                  40            0.508236            0.487456          0.00493615
                   1            0.526919            0.526919                   0
                   2             0.49397            0.510445           0.0164747
                   3            0.474732             0.49854           0.0152374
                   4            0.515265            0.502722           0.0115573
                   5            0.463762             0.49493           0.0118683
                   6            0.500338            0.495831          0.00973222
                   7            0.501388            0.496625          0.00826344
                   8            0.465031            0.492676          0.00817373
                   9            0.489477             0.49232          0.00721731
                  10            0.509535            0.494042          0.00668094
                  11            0.455843            0.490569          0.00696982
                  12            0.462582            0.488237          0.00677654
                  13            0.488977            0.488294          0.00623377
                  14            0.465228            0.486646          0.00600191
                  15            0.504504            0.487837          0.00571289
                  16            0.460519            0.486129          0.00561004
                  17            0.464212             0.48484          0.00542513
                  18            0.425066            0.481519          0.00609833
                  19            0.470143            0.480921          0.00579943
                  20            0.434831            0.478616          0.00596495
                  21            0.453732            0.477431          0.00579622
                  22            0.506517            0.478753          0.00568241
                  23            0.497237            0.479557          0.00548889
                  24            0.455854            0.478569          0.00534721
                  25             0.52216            0.480313          0.00541715
                  26            0.497375            0.480969          0.00524584
                  27            0.512078            0.482121          0.00517763
                  28             0.50591            0.482971          0.00506111
                  29            0.500631             0.48358          0.00492129
                  30            0.551326            0.485838          0.00526346
                  31            0.494957            0.486132          0.00509933
                  32            0.545348            0.487983          0.00527279
                  33            0.541957            0.489618          0.00536586
                  34            0.453808            0.488565          0.00531113
                  35            0.514368            0.489302          0.00520958
                  36            0.487834            0.489261          0.00506296
                  37            0.440576            0.487946            0.005097
                  38            0.437464            0.486617          0.00513584
                  39            0.477071            0.486372          0.00500841
                  40            0.505806            0.486858          0.00490571
