                   1             0.34107             0.34107                   0
                   2            0.350189             0.34563          0.00455956
                   3            0.348922            0.346727          0.00285202
                   4            0.342618              0.3457          0.00226329
                   5            0.340218            0.344603          0.00206772
                   6            0.345717            0.344789          0.00169846
                   7            0.341908            0.344377          0.00149329
                   8            0.351808            0.345306          0.00159224
                   9            0.357702            0.346683          0.00196691
                  10            0.342016            0.346217          0.00182013
                  11            0.361029            0.347563          0.00212692
                  12            0.349253            0.347704           0.0019467
                  13            0.357925             0.34849           0.0019557
                  14            0.350838            0.348658          0.00181838
                  15             0.35439             0.34904          0.00173541
                  16            0.351821            0.349214           0.0016326
                  17            0.349197            0.349213          0.00153356
                  18            0.346937            0.349087          0.00145137
                  19            0.344946            0.348869          0.00139005
                  20            0.344475            0.348649          0.00133689
                  21            0.347128            0.348576           0.0012737
                  22            0.360339            0.349111          0.00132691
                  23            0.345116            0.348937          0.00127975
                  24            0.340156            0.348572          0.00127874
                  25            0.358672            0.348976          0.00129135
                  26            0.348432            0.348955          0.00124087
                  27            0.355352            0.349192          0.00121731
                  28            0.341251            0.348908          0.00120682
                  29             0.35557            0.349138           0.0011869
                  30            0.355381            0.349346          0.00116539
                  31            0.347008             0.34927          0.00112969
                  32            0.348333            0.349241          0.00109421
                  33            0.346098            0.349146          0.00106481
                  34            0.340492            0.348891          0.00106391
                  35            0.344029            0.348752          0.00104236
                  36            0.354261            0.348905          0.00102449
                  37            0.358558            0.349166             0.00103
                  38            0.344634            0.349047           0.0010096
                  39            0.355996            0.349225         0.000999382
                  40            0.357486            0.349432         0.000995731
                   1            0.347536            0.347536                   0
                   2            0.349115            0.348326         0.000789742
                   3            0.348179            0.348277         0.000458581
                   4            0.346214            0.347761         0.000609192
                   5            0.341045            0.346418          0.00142365
                   6            0.351107            0.347199           0.0014007
                   7            0.344207            0.346772          0.00125865
                   8            0.357877             0.34816          0.00176499
                   9            0.355811             0.34901          0.00177362
                  10            0.346614             0.34877          0.00160436
                  11            0.358268            0.349634          0.00168861
                  12            0.346415            0.349366          0.00156465
                  13            0.346745            0.349164          0.00145332
                  14            0.344571            0.348836          0.00138492
                  15            0.352499             0.34908          0.00131222
                  16            0.352801            0.349313           0.0012493
                  17             0.35269            0.349511          0.00119021
                  18             0.35823            0.349996          0.00122221
                  19            0.347814            0.349881          0.00116178
                  20            0.342697            0.349522          0.00115922
                  21            0.351298            0.349606          0.00110588
                  22            0.359201            0.350042          0.00114106
                  23            0.342833            0.349729          0.00113448
                  24            0.344633            0.349517          0.00110674
                  25            0.351384            0.349591          0.00106417
                  26            0.346463            0.349471          0.00102948
                  27            0.349957            0.349489          0.00099078
                  28            0.338792            0.349107          0.00102834
                  29            0.356648            0.349367          0.00102575
                  30            0.356345              0.3496           0.0010179
                  31             0.35018            0.349618         0.000984697
                  32            0.346746            0.349529         0.000957645
                  33            0.342286            0.349309          0.00095377
                  34             0.34951            0.349315         0.000925312
                  35            0.344859            0.349188         0.000907463
                  36            0.350283            0.349218          0.00088242
                  37            0.362478            0.349576         0.000930053
                  38            0.342767            0.349397         0.000922813
                  39            0.354313            0.349523         0.000907633
                  40             0.36038            0.349795         0.000925352
