                   1             7.26828             7.26828                   0
                   2             7.35278             7.31053           0.0422496
                   3             6.88432             7.16846            0.144146
                   4              7.1351             7.16012            0.102268
                   5             6.51786             7.03167            0.150914
                   6             7.68949              7.1413            0.164936
                   7             8.07414             7.27457            0.192848
                   8             7.63602             7.31975            0.173015
                   9             7.27679             7.31498            0.152659
                  10             7.43451             7.32693            0.137065
                  11             6.44049             7.24634            0.147868
                  12             7.66609             7.28132            0.139443
                  13             6.58278             7.22759            0.139069
                  14             6.76381             7.19446            0.132947
                  15             7.28388             7.20042             0.12391
                  16             7.09721             7.19397            0.116087
                  17             7.16784             7.19244            0.109055
                  18             7.69757              7.2205            0.106579
                  19              6.5511             7.18527            0.106793
                  20             7.18511             7.18526            0.101312
                  21             7.56971             7.20357           0.0980909
                  22             7.05183             7.19667             0.09378
                  23             7.53256             7.21127           0.0907921
                  24              7.2385             7.21241           0.0869342
                  25             6.88301             7.19923           0.0844189
                  26              6.8311             7.18507           0.0823337
                  27             6.46252             7.15831           0.0836234
                  28              7.0898             7.15586           0.0806186
                  29             7.09542             7.15378           0.0778169
                  30             7.19982             7.15532            0.075194
                  31              6.8023             7.14393           0.0736141
                  32             7.81855             7.16501           0.0743289
                  33             7.47511             7.17441           0.0726516
                  34             6.99148             7.16903           0.0706875
                  35             6.54403             7.15117           0.0709229
                  36             7.33044             7.15615           0.0691044
                  37             7.03714             7.15293           0.0672877
                  38             7.27848             7.15624           0.0655763
                  39             7.40225             7.16254           0.0641834
                  40             6.90199             7.15603           0.0628965
                   1             7.26543             7.26543                   0
                   2             7.32542             7.29543           0.0299972
                   3             6.88185             7.15757            0.138943
                   4             7.13137             7.15102           0.0984658
                   5             6.51998             7.02481            0.147465
                   6             7.65993             7.13066            0.160319
                   7             8.05754             7.26307             0.18945
                   8             7.59755             7.30488            0.169312
                   9             7.25022             7.29881            0.149442
                  10             7.42411             7.31134            0.134251
                  11             6.47079             7.23492            0.143476
                  12             7.68322             7.27228            0.136199
                  13               6.582             7.21918            0.136073
                  14              6.7735             7.18735            0.129939
                  15             7.27307             7.19306            0.121102
                  16             7.10887              7.1878            0.113402
                  17             7.21726             7.18953            0.106537
                  18             7.64945             7.21509            0.103643
                  19                6.57             7.18113            0.103749
                  20             7.21797             7.18298           0.0984422
                  21             7.58287             7.20202           0.0955539
                  22             7.08243             7.19658           0.0912691
                  23             7.53114             7.21113           0.0884154
                  24             7.17051             7.20944           0.0846682
                  25             6.84739             7.19495            0.082492
                  26             6.83918             7.18127           0.0804283
                  27             6.45221             7.15427           0.0819674
                  28             7.11358             7.15282           0.0789991
                  29             7.09861             7.15095           0.0762493
                  30             7.23435             7.15373           0.0737163
                  31             6.81396             7.14277           0.0721362
                  32             7.82106             7.16396           0.0729911
                  33             7.47147             7.17328           0.0713558
                  34             7.00624             7.16837           0.0693994
                  35             6.51593             7.14973           0.0699181
                  36             7.33198             7.15479           0.0681365
                  37             7.03806             7.15163           0.0663445
                  38             7.29444             7.15539           0.0646842
                  39             7.41386             7.16202           0.0633514
                  40             6.90288             7.15554           0.0620863
