                   1            0.132208            0.132208                   0
                   2            0.136628            0.134418             0.00221
                   3             0.13458            0.134472          0.00127709
                   4            0.150632            0.138512          0.00413969
                   5             0.12452            0.135714          0.00425597
                   6            0.127356            0.134321          0.00374377
                   7            0.146644            0.136081          0.00362085
                   8            0.156664            0.138654          0.00405617
                   9            0.140944            0.138908          0.00358624
                  10             0.14112             0.13913          0.00321525
                  11               0.158            0.140845          0.00337656
                  12            0.138984             0.14069          0.00308626
                  13            0.160264            0.142196          0.00321352
                  14              0.1696            0.144153          0.00356133
                  15            0.119344            0.142499          0.00370507
                  16            0.127488            0.141561          0.00359052
                  17             0.15012            0.142064          0.00341007
                  18            0.137224            0.141796          0.00322628
                  19            0.114188            0.140343          0.00338001
                  20            0.143736            0.140512          0.00321105
                  21            0.186544            0.142704          0.00375948
                  22            0.154616            0.143246          0.00362518
                  23            0.138232            0.143028          0.00347083
                  24            0.150192            0.143326          0.00333645
                  25             0.11844            0.142331          0.00335146
                  26            0.137168            0.142132          0.00322609
                  27             0.16524            0.142988          0.00322013
                  28            0.131208            0.142567          0.00313138
                  29            0.147312            0.142731           0.0030259
                  30            0.147316            0.142884          0.00292729
                  31            0.153392            0.143223          0.00285151
                  32            0.178332             0.14432          0.00297097
                  33            0.136404             0.14408          0.00288951
                  34            0.104712            0.142922          0.00303296
                  35            0.179208            0.143959          0.00312218
                  36            0.148024            0.144072          0.00303631
                  37            0.149256            0.144212          0.00295643
                  38            0.166484            0.144798          0.00293666
                  39            0.125092            0.144293          0.00290466
                  40             0.15818             0.14464          0.00285232
                   1            0.132416            0.132416                   0
                   2            0.136244             0.13433            0.001914
                   3            0.135632            0.134764          0.00118722
                   4             0.15066            0.138738           0.0040617
                   5            0.123688            0.135728          0.00435414
                   6            0.128496            0.134523          0.00375391
                   7            0.147132            0.136324          0.00364834
                   8              0.1568            0.138884          0.00406618
                   9            0.141044            0.139124          0.00359406
                  10            0.141432            0.139354          0.00322291
                  11            0.158372            0.141083          0.00338933
                  12             0.13834            0.140855          0.00310245
                  13            0.159856            0.142316          0.00320637
                  14             0.17056            0.144334          0.00358916
                  15            0.119532             0.14268          0.00372805
                  16            0.126944            0.141697          0.00362331
                  17            0.150104            0.142191          0.00343925
                  18            0.136096            0.141853          0.00326019
                  19            0.114536            0.140415           0.0034025
                  20            0.144196            0.140604          0.00323343
                  21             0.18756             0.14284           0.0038025
                  22            0.155636            0.143422           0.0036719
                  23            0.139212            0.143239           0.0035134
                  24              0.1494            0.143495           0.0033736
                  25            0.118244            0.142485          0.00338983
                  26            0.136124            0.142241          0.00326602
                  27             0.16616            0.143127           0.0032652
                  28            0.131572            0.142714          0.00317337
                  29            0.147572            0.142881          0.00306657
                  30            0.147048             0.14302          0.00296584
                  31            0.153628            0.143362          0.00288891
                  32              0.1793            0.144485          0.00301421
                  33            0.135832            0.144223          0.00293318
                  34            0.105624            0.143088          0.00306371
                  35            0.180252             0.14415          0.00315871
                  36             0.14712            0.144232          0.00307082
                  37            0.149616            0.144378          0.00299022
                  38            0.167448            0.144985          0.00297311
                  39             0.12612            0.144501          0.00293599
                  40            0.158684            0.144856          0.00288353
