                   1             0.05198             0.05198                   0
                   2             0.04622              0.0491             0.00288
                   3             0.04666           0.0482867          0.00185103
                   4             0.04884            0.048425          0.00131617
                   5              0.0468              0.0481          0.00107005
                   6            0.037908           0.0464013          0.00191018
                   7            0.054012           0.0474886          0.00194637
                   8             0.04984           0.0477825          0.00171104
                   9            0.055804           0.0486738          0.00175256
                  10            0.060312           0.0498376          0.00195234
                  11            0.047608           0.0496349          0.00177756
                  12            0.050804           0.0497323           0.0016256
                  13              0.0495           0.0497145          0.00149544
                  14            0.055052           0.0500957          0.00143604
                  15             0.04932            0.050044          0.00133788
                  16            0.047364           0.0498765          0.00126264
                  17            0.039264           0.0492522           0.0013403
                  18            0.058432           0.0497622          0.00136268
                  19            0.052252           0.0498933          0.00129561
                  20            0.048844           0.0498408          0.00123024
                  21            0.045144           0.0496171          0.00119137
                  22            0.064144           0.0502775           0.0013139
                  23            0.047808           0.0501701          0.00126006
                  24            0.052124           0.0502515          0.00120916
                  25            0.048532           0.0501827          0.00116182
                  26            0.055828           0.0503998          0.00113717
                  27            0.033028           0.0497564          0.00126938
                  28            0.058408           0.0500654          0.00126163
                  29            0.045856           0.0499203          0.00122597
                  30            0.052508           0.0500065          0.00118753
                  31            0.049016           0.0499746          0.00114903
                  32            0.053692           0.0500908          0.00111859
                  33               0.053           0.0501789          0.00108775
                  34              0.0489           0.0501413          0.00105594
                  35            0.052912           0.0502205          0.00102838
                  36            0.052588           0.0502862          0.00100156
                  37            0.058776           0.0505157          0.00100078
                  38            0.049316           0.0504841         0.000974597
                  39            0.045072           0.0503453         0.000959369
                  40            0.041928           0.0501349         0.000958463
                   1            0.053252            0.053252                   0
                   2            0.047036            0.050144            0.003108
                   3            0.046132           0.0488067          0.00223793
                   4            0.048316            0.048684          0.00158721
                   5            0.046964             0.04834          0.00127666
                   6            0.037444            0.046524           0.0020939
                   7            0.053944            0.047584          0.00206285
                   8            0.049908           0.0478745          0.00180994
                   9            0.056384             0.04882          0.00185523
                  10            0.060376           0.0499756          0.00202211
                  11            0.047776           0.0497756          0.00183996
                  12            0.049416           0.0497457          0.00167992
                  13            0.050516           0.0498049          0.00154643
                  14            0.056912           0.0503126          0.00151906
                  15            0.049936           0.0502875          0.00141439
                  16             0.04616           0.0500295          0.00134795
                  17            0.040228           0.0494529          0.00139127
                  18            0.058164           0.0499369          0.00139813
                  19            0.052464           0.0500699          0.00132917
                  20             0.04948           0.0500404          0.00126131
                  21            0.045408           0.0498198          0.00121985
                  22             0.06414           0.0504707          0.00133284
                  23            0.048456           0.0503831          0.00127658
                  24             0.05364           0.0505188          0.00122974
                  25            0.048324            0.050431          0.00118279
                  26            0.055688           0.0506332          0.00115424
                  27             0.03348           0.0499979          0.00127953
                  28            0.058984           0.0503189          0.00127406
                  29            0.046352           0.0501821          0.00123693
                  30             0.05256           0.0502613          0.00119762
                  31            0.048316           0.0501986          0.00116004
                  32            0.055188           0.0503545          0.00113397
                  33            0.052752           0.0504272          0.00110147
                  34             0.04812           0.0503593          0.00107074
                  35             0.05228           0.0504142          0.00104114
                  36            0.052864           0.0504822          0.00101409
                  37            0.058884           0.0507093          0.00101211
                  38            0.050304           0.0506986         0.000985171
                  39             0.04576            0.050572         0.000967897
                  40            0.042044           0.0503588          0.00096718
