                   1             0.50001             0.50001                   0
                   2            0.495079            0.497545          0.00246517
                   3            0.476439            0.490509          0.00717769
                   4             0.50694            0.494617           0.0065293
                   5            0.493433             0.49438          0.00506312
                   6            0.574364            0.507711            0.013957
                   7            0.525329            0.510228           0.0120613
                   8            0.492485             0.50801           0.0106783
                   9            0.524452            0.509837           0.0095929
                  10            0.498767             0.50873          0.00865126
                  11            0.559543            0.513349          0.00908706
                  12            0.511534            0.513198          0.00829669
                  13            0.472863            0.510095          0.00823844
                  14            0.480012            0.507946          0.00792421
                  15            0.469604             0.50539          0.00780734
                  16            0.481741            0.503912          0.00745117
                  17            0.516001            0.504623          0.00703519
                  18            0.509859            0.504914          0.00663922
                  19            0.491023            0.504183          0.00632248
                  20            0.498719             0.50391          0.00600426
                  21            0.484063            0.502965          0.00578885
                  22            0.507476             0.50317          0.00552326
                  23            0.485655            0.502408          0.00533232
                  24            0.481063            0.501519           0.0051822
                  25            0.515074            0.502061          0.00500007
                  26            0.493375            0.501727          0.00481552
                  27             0.53195            0.502846          0.00476702
                  28            0.503018            0.502853          0.00459362
                  29             0.46341            0.501492          0.00463637
                  30            0.483306            0.500886             0.00452
                  31            0.500293            0.500867           0.0043718
                  32            0.509741            0.501144          0.00424205
                  33            0.522865            0.501803          0.00416385
                  34            0.502312            0.501818          0.00403956
                  35            0.533518            0.502723          0.00402565
                  36            0.515656            0.503083          0.00392869
                  37            0.472046            0.502244          0.00391203
                  38             0.50184            0.502233           0.0038077
                  39            0.506866            0.502352          0.00371069
                  40            0.497945            0.502242          0.00361841
                   1             0.50379             0.50379                   0
                   2            0.498564            0.501177           0.0026133
                   3            0.484722            0.495692          0.00568876
                   4            0.507106            0.498545          0.00493183
                   5            0.495708            0.497978           0.0038621
                   6            0.571581            0.510245            0.012666
                   7            0.517619            0.511298           0.0107564
                   8            0.489766            0.508607          0.00969636
                   9             0.52823            0.510787          0.00882499
                  10            0.503608            0.510069          0.00792589
                  11             0.55202            0.513883          0.00812047
                  12            0.509465            0.513515          0.00742208
                  13            0.475323            0.510577          0.00743258
                  14            0.484658            0.508726          0.00712594
                  15            0.468302            0.506031          0.00716037
                  16            0.486005            0.504779          0.00681385
                  17            0.518857            0.505607          0.00645385
                  18            0.511597             0.50594          0.00609384
                  19            0.488138            0.505003          0.00583985
                  20            0.504192            0.504963          0.00554032
                  21            0.486579            0.504087           0.0053421
                  22            0.510516            0.504379          0.00510187
                  23            0.485701            0.503567          0.00494219
                  24            0.483496            0.502731          0.00480512
                  25            0.508222            0.502951          0.00461414
                  26            0.486651            0.502324          0.00447723
                  27            0.534311            0.503508          0.00446814
                  28            0.503812            0.503519          0.00430562
                  29            0.468424            0.502309          0.00432718
                  30            0.485805            0.501759          0.00421649
                  31            0.500594            0.501721          0.00407838
                  32            0.503176            0.501767          0.00394914
                  33            0.526604            0.502519          0.00390089
                  34             0.49685            0.502353          0.00378809
                  35            0.536998            0.503343          0.00380913
                  36            0.511259            0.503562          0.00370834
                  37            0.478646            0.502889          0.00366905
                  38            0.508456            0.503036          0.00357419
                  39            0.511991            0.503265          0.00348891
                  40             0.50011            0.503186          0.00340148
