                   1           -0.724407           -0.724407                   0
                   2           -0.724567           -0.724487           8.016e-05
                   3           -0.730562           -0.726512          0.00202554
                   4           -0.722427           -0.725491          0.00175912
                   5           -0.723276           -0.725048          0.00143276
                   6           -0.725076           -0.725053          0.00116986
                   7           -0.723354            -0.72481          0.00101806
                   8           -0.729813           -0.725435          0.00108098
                   9           -0.723257           -0.725193         0.000983581
                  10           -0.727324           -0.725406         0.000905173
                  11           -0.720663           -0.724975         0.000925376
                  12           -0.727321           -0.725171         0.000867078
                  13           -0.729557           -0.725508         0.000866033
                  14           -0.728068           -0.725691         0.000822382
                  15           -0.721313           -0.725399         0.000819329
                  16           -0.726004           -0.725437         0.000767345
                  17           -0.725191           -0.725422          0.00072094
                  18           -0.726193           -0.725465         0.000681055
                  19           -0.723366           -0.725355          0.00065362
                  20           -0.726092           -0.725392         0.000621174
                  21           -0.724697           -0.725358         0.000591781
                  22           -0.726985           -0.725432         0.000569066
                  23           -0.728864           -0.725582         0.000563854
                  24           -0.724508           -0.725537           0.0005417
                  25           -0.729171           -0.725682          0.00053953
                  26           -0.731014           -0.725887         0.000557458
                  27            -0.72288           -0.725776         0.000547852
                  28           -0.725666           -0.725772         0.000527938
                  29           -0.727824           -0.725843         0.000514299
                  30           -0.727781           -0.725907         0.000501041
                  31           -0.723464           -0.725829         0.000490976
                  32           -0.726555           -0.725851         0.000475927
                  33           -0.725941           -0.725854         0.000461288
                  34           -0.725777           -0.725852          0.00044752
                  35           -0.725219           -0.725834         0.000434922
                  36           -0.724535           -0.725798         0.000424205
                  37           -0.726128           -0.725806         0.000412678
                  38           -0.725395           -0.725796         0.000401817
                  39           -0.723634            -0.72574         0.000395285
                  40           -0.726192           -0.725752         0.000385441
                   1           -0.723392           -0.723392                   0
                   2           -0.725046           -0.724219           0.0008272
                   3           -0.730891           -0.726443           0.0022748
                   4            -0.72352           -0.725712          0.00176676
                   5           -0.724004           -0.725371          0.00141054
                   6           -0.724521           -0.725229          0.00116037
                   7           -0.723458           -0.724976           0.0010128
                   8           -0.729692           -0.725566          0.00105681
                   9           -0.723301           -0.725314          0.00096539
                  10           -0.727022           -0.725485         0.000880201
                  11           -0.720341           -0.725017         0.000923313
                  12           -0.727555           -0.725229         0.000869002
                  13           -0.728836           -0.725506         0.000846164
                  14           -0.727937            -0.72568         0.000802411
                  15           -0.720795           -0.725354         0.000814913
                  16           -0.726148           -0.725404         0.000763896
                  17           -0.725831           -0.725429         0.000717996
                  18           -0.726326           -0.725479         0.000678766
                  19           -0.724421           -0.725423         0.000644456
                  20             -0.7268           -0.725492         0.000615247
                  21             -0.7251           -0.725473         0.000585513
                  22           -0.725844            -0.72549         0.000558519
                  23           -0.729215           -0.725652         0.000557713
                  24           -0.724404             -0.7256         0.000536495
                  25           -0.728581           -0.725719         0.000528221
                  26           -0.730361           -0.725898         0.000537989
                  27           -0.723178           -0.725797         0.000527387
                  28           -0.724968           -0.725767         0.000509065
                  29           -0.727966           -0.725843         0.000497012
                  30           -0.727531             -0.7259         0.000483443
                  31           -0.723778           -0.725831         0.000472569
                  32           -0.727585           -0.725886         0.000460833
                  33           -0.726213           -0.725896          0.00044676
                  34           -0.725275           -0.725878         0.000433805
                  35           -0.725025           -0.725853         0.000421932
                  36           -0.725279           -0.725837         0.000410355
                  37           -0.726001           -0.725842         0.000399135
                  38            -0.72516           -0.725824         0.000388904
                  39           -0.723323            -0.72576         0.000384189
                  40           -0.726691           -0.725783         0.000375185
