                   1             0.10594             0.10594                   0
                   2            0.111556            0.108748            0.002808
                   3              0.1125            0.109999          0.00204755
                   4            0.098136            0.107033          0.00330021
                   5             0.11342             0.10831          0.00285773
                   6              0.1274            0.111492           0.0039455
                   7            0.106484            0.110777          0.00341044
                   8            0.125468            0.112613           0.0034779
                   9             0.11244            0.112594          0.00306728
                  10            0.138988            0.115233          0.00380698
                  11             0.07194            0.111297          0.00522954
                  12            0.088856            0.109427          0.00512713
                  13            0.157452            0.113122          0.00599086
                  14            0.106212            0.112628          0.00556837
                  15            0.092472            0.111284           0.0053552
                  16            0.129016            0.112393          0.00513045
                  17            0.071952            0.110014          0.00537437
                  18            0.147236            0.112082          0.00547273
                  19            0.097892            0.111335          0.00523028
                  20            0.116216            0.111579          0.00496788
                  21            0.092036            0.110648          0.00481616
                  22            0.122868            0.111204           0.0046255
                  23             0.13958            0.112437          0.00458878
                  24            0.112596            0.112444          0.00439343
                  25            0.094944            0.111744          0.00427177
                  26            0.142316             0.11292           0.0042693
                  27            0.127624            0.113464          0.00414408
                  28            0.106488            0.113215           0.0040011
                  29            0.142804            0.114236          0.00399321
                  30            0.111828            0.114155          0.00385865
                  31            0.080812             0.11308            0.003884
                  32            0.099752            0.112663          0.00378366
                  33            0.116672            0.112785          0.00366922
                  34             0.10246            0.112481           0.0035726
                  35            0.111736             0.11246          0.00346909
                  36            0.089544            0.111823          0.00343092
                  37            0.119188            0.112022          0.00334283
                  38            0.124148            0.112341          0.00326928
                  39            0.076084            0.111412          0.00331729
                  40              0.1352            0.112006          0.00328753
                   1            0.104788            0.104788                   0
                   2            0.111508            0.108148             0.00336
                   3            0.112564             0.10962          0.00243516
                   4            0.098792            0.106913          0.00320825
                   5            0.113788            0.108288          0.00284013
                   6            0.127652            0.111515          0.00397407
                   7            0.106908            0.110857          0.00342259
                   8            0.127404            0.112925          0.00361437
                   9            0.112236            0.112849           0.0031885
                  10            0.138292            0.115393          0.00382187
                  11            0.072272            0.111473          0.00522668
                  12            0.088168            0.109531           0.0051514
                  13            0.156208            0.113122          0.00594527
                  14            0.106464            0.112646          0.00552476
                  15            0.093728            0.111385          0.00529564
                  16             0.12862            0.112462          0.00506939
                  17            0.071152            0.110032          0.00534605
                  18            0.146304            0.112047           0.0054282
                  19            0.098656            0.111342          0.00518271
                  20             0.11598            0.111574          0.00492221
                  21            0.093016             0.11069          0.00476463
                  22            0.122584            0.111231          0.00457495
                  23             0.13954            0.112462          0.00454148
                  24            0.112216            0.112452          0.00434815
                  25            0.096248            0.111804          0.00422066
                  26            0.142068            0.112968          0.00421884
                  27            0.127716            0.113514          0.00409617
                  28            0.107204            0.113288          0.00395359
                  29            0.143884            0.114343          0.00395803
                  30            0.112552            0.114284          0.00382428
                  31            0.081316             0.11322          0.00384871
                  32            0.098836            0.112771          0.00375351
                  33            0.116252            0.112876          0.00363952
                  34            0.102556            0.112573          0.00354388
                  35             0.11244            0.112569          0.00344113
                  36             0.08914            0.111918          0.00340692
                  37            0.118068            0.112084          0.00331773
                  38            0.123584            0.112387          0.00324339
                  39            0.076552            0.111468          0.00329004
                  40             0.13456            0.112045          0.00325829
