                   1            0.060216            0.060216                   0
                   2            0.089272            0.074744            0.014528
                   3            0.074128           0.0745387          0.00839026
                   4            0.074996            0.074653          0.00593391
                   5            0.047932           0.0693088          0.00704892
                   6            0.063296           0.0683067          0.00584201
                   7            0.069756           0.0685137          0.00494174
                   8            0.062348            0.067743          0.00434852
                   9            0.084396           0.0695933          0.00425807
                  10             0.06138            0.068772          0.00389609
                  11              0.0782           0.0696291          0.00362688
                  12            0.083168           0.0707573          0.00349783
                  13            0.084884            0.071844          0.00339608
                  14             0.05586           0.0707023          0.00334503
                  15            0.050216           0.0693365          0.00340039
                  16            0.077588           0.0698523          0.00322231
                  17             0.06966           0.0698409          0.00302685
                  18            0.079256            0.070364          0.00290128
                  19            0.066036           0.0701362          0.00275378
                  20            0.082056           0.0707322          0.00267958
                  21             0.06544           0.0704802          0.00256122
                  22             0.06738           0.0703393          0.00244609
                  23            0.059516           0.0698687          0.00238422
                  24            0.058564           0.0693977          0.00233081
                  25            0.059316           0.0689944          0.00227171
                  26             0.07988           0.0694131          0.00222238
                  27            0.078384           0.0697453          0.00216415
                  28            0.091384           0.0705181          0.00222401
                  29            0.067308           0.0704074           0.0021488
                  30             0.07574           0.0705852          0.00208354
                  31              0.0741           0.0706986          0.00201839
                  32            0.064564           0.0705069          0.00196368
                  33            0.069156           0.0704659          0.00190369
                  34            0.069096           0.0704256          0.00184729
                  35            0.067736           0.0703488          0.00179538
                  36            0.058692            0.070025          0.00177458
                  37            0.089232           0.0705441          0.00180233
                  38            0.061436           0.0703044          0.00177056
                  39            0.074736           0.0704181           0.0017283
                  40            0.061684           0.0701997          0.00169863
                   1            0.058732            0.058732                   0
                   2             0.08816            0.073446            0.014714
                   3            0.073616           0.0735027          0.00849532
                   4            0.075548            0.074014          0.00602882
                   5            0.049152           0.0690416          0.00682149
                   6            0.063592           0.0681333           0.0056433
                   7            0.070536           0.0684766          0.00478179
                   8            0.062192            0.067691          0.00421501
                   9            0.084436           0.0695516          0.00415691
                  10            0.062204           0.0688168          0.00378996
                  11            0.078684           0.0697138          0.00354356
                  12            0.081932            0.070732          0.00339127
                  13            0.084664           0.0718037          0.00329847
                  14            0.056392           0.0707029          0.00324615
                  15             0.05106           0.0693933          0.00329353
                  16            0.077224           0.0698827          0.00311944
                  17             0.07028           0.0699061           0.0029303
                  18            0.080448           0.0704918          0.00282411
                  19            0.066828           0.0702989          0.00267829
                  20            0.082324           0.0709002          0.00261102
                  21            0.065312           0.0706341          0.00249779
                  22            0.067784           0.0705045          0.00238507
                  23            0.060144           0.0700541           0.0023231
                  24            0.058224           0.0695612          0.00227817
                  25            0.059428           0.0691558          0.00222242
                  26                0.08           0.0695729          0.00217558
                  27            0.079156           0.0699279          0.00212333
                  28            0.092268           0.0707257          0.00219615
                  29            0.067916           0.0706288          0.00212128
                  30            0.075036           0.0707757          0.00205461
                  31            0.075056           0.0709138          0.00199202
                  32            0.064052           0.0706994          0.00194065
                  33              0.0672           0.0705933          0.00188391
                  34             0.06792           0.0705147          0.00182935
                  35            0.068212           0.0704489          0.00177753
                  36            0.058792           0.0701251          0.00175754
                  37            0.089476           0.0706481          0.00178759
                  38            0.062112           0.0704235          0.00175436
                  39            0.075316           0.0705489          0.00171338
                  40            0.061564           0.0703243          0.00168503
