                   1            0.227635            0.227635                   0
                   2             0.29549            0.261563           0.0339277
                   3            0.252859            0.258661           0.0198018
                   4            0.254407            0.257598           0.0140424
                   5            0.358304            0.277739           0.0228906
                   6            0.311049            0.283291           0.0194972
                   7            0.300476            0.285746             0.01666
                   8            0.226262             0.27831           0.0162312
                   9            0.338498            0.284998           0.0157997
                  10            0.307706            0.287269            0.014313
                  11            0.179627            0.277483           0.0162287
                  12            0.345149            0.283122           0.0158516
                  13            0.305213            0.284821             0.01468
                  14            0.290838            0.285251           0.0135979
                  15            0.407835            0.293423           0.0150677
                  16            0.186729            0.286755           0.0155924
                  17            0.199256            0.281608           0.0155245
                  18             0.25905            0.280355           0.0146902
                  19            0.275619            0.280105           0.0138978
                  20            0.303269            0.281264           0.0132354
                  21            0.286465            0.281511           0.0125918
                  22             0.23337            0.279323           0.0122036
                  23            0.251385            0.278108            0.011724
                  24            0.244826            0.276721           0.0113103
                  25            0.283654            0.276999            0.010852
                  26            0.285204            0.277314            0.010431
                  27            0.179314            0.273685           0.0106734
                  28            0.248862            0.272798           0.0103232
                  29            0.367473            0.276063           0.0104823
                  30            0.224973             0.27436            0.010269
                  31            0.195289            0.271809           0.0102545
                  32            0.210689            0.269899           0.0101109
                  33            0.217088            0.268299          0.00992957
                  34            0.205148            0.266441          0.00981052
                  35            0.296784            0.267308          0.00956547
                  36            0.303864            0.268324          0.00935126
                  37            0.207287            0.266674          0.00924341
                  38            0.148701             0.26357          0.00951746
                  39            0.319758             0.26501           0.0093815
                  40            0.224547            0.263999          0.00919974
                   1            0.203837            0.203837                   0
                   2            0.293134            0.248486           0.0446486
                   3            0.255146            0.250706           0.0258733
                   4            0.254291            0.251602           0.0183172
                   5            0.356413            0.272564           0.0253125
                   6             0.31038            0.278867           0.0216072
                   7            0.299826            0.281861           0.0185053
                   8            0.225475            0.274813           0.0175075
                   9            0.337715            0.281802           0.0169483
                  10            0.306149            0.284237           0.0153533
                  11            0.179976            0.274758           0.0168137
                  12            0.344204            0.280546           0.0164035
                  13            0.305972            0.282501           0.0152153
                  14            0.290849            0.283098           0.0140992
                  15            0.408312            0.291445           0.0155553
                  16            0.188172            0.284991            0.015918
                  17            0.198609             0.27991           0.0157921
                  18            0.258353            0.278712           0.0149371
                  19            0.278267            0.278689           0.0141291
                  20            0.303118             0.27991           0.0134595
                  21            0.286777            0.280237           0.0128068
                  22            0.233636            0.278119           0.0123931
                  23            0.251583            0.276965           0.0118981
                  24            0.244503            0.275612           0.0114716
                  25             0.28275            0.275898           0.0110069
                  26            0.282617            0.276156           0.0105782
                  27            0.178449            0.272538            0.010803
                  28            0.252369            0.271817           0.0104349
                  29            0.366751            0.275091           0.0105875
                  30            0.223527            0.273372           0.0103719
                  31            0.197583            0.270927           0.0103254
                  32            0.209728            0.269015           0.0101788
                  33            0.217512            0.267454          0.00998818
                  34            0.204464            0.265601          0.00986547
                  35            0.297625            0.266516          0.00962305
                  36            0.301313            0.267483          0.00940174
                  37             0.20519            0.265799          0.00929781
                  38            0.150363            0.262762          0.00954607
                  39            0.316763            0.264146          0.00940061
                  40             0.22473            0.263161          0.00921542
