                   1            0.080872            0.080872                   0
                   2            0.075528              0.0782            0.002672
                   3            0.081752            0.079384          0.00194466
                   4            0.091756            0.082477          0.00338489
                   5            0.061416           0.0782648          0.00496157
                   6            0.071144            0.077078          0.00422136
                   7            0.099908           0.0803394          0.00483378
                   8            0.086568            0.081118          0.00425796
                   9            0.091932           0.0823196          0.00394272
                  10            0.088464            0.082934           0.0035796
                  11            0.088048           0.0833989          0.00327108
                  12            0.093992           0.0842817          0.00311382
                  13            0.100796            0.085552          0.00313336
                  14            0.092656           0.0860594          0.00294498
                  15            0.062956           0.0845192          0.00314465
                  16            0.092052             0.08499          0.00297899
                  17            0.079052           0.0846407          0.00281999
                  18            0.067616           0.0836949          0.00282193
                  19             0.06954           0.0829499           0.0027713
                  20            0.076272            0.082616           0.0026502
                  21            0.087636            0.082855          0.00253215
                  22            0.078464           0.0826555          0.00242255
                  23            0.088792           0.0829223          0.00233015
                  24            0.098992           0.0835918          0.00232926
                  25            0.094092           0.0840118          0.00227329
                  26            0.105732           0.0848472          0.00233841
                  27            0.073284            0.084419          0.00229053
                  28            0.057992           0.0834751          0.00240054
                  29            0.088396           0.0836448          0.00232249
                  30            0.103084           0.0842928          0.00233543
                  31            0.054408           0.0833288          0.00245595
                  32            0.080668           0.0832456          0.00237942
                  33            0.100672           0.0837737          0.00236587
                  34            0.090648           0.0839759          0.00230412
                  35              0.0883           0.0840994          0.00224073
                  36             0.07932           0.0839667          0.00218164
                  37            0.094092           0.0842403          0.00213943
                  38            0.084852           0.0842564          0.00208243
                  39            0.061808           0.0836808          0.00210843
                  40             0.09098           0.0838633          0.00206313
                   1            0.080736            0.080736                   0
                   2            0.074256            0.077496             0.00324
                   3            0.080812           0.0786013          0.00217278
                   4             0.09146            0.081816          0.00356294
                   5            0.061652           0.0777832          0.00488674
                   6            0.070892           0.0766347          0.00415202
                   7            0.099628           0.0799194           0.0048066
                   8            0.087724            0.080895          0.00427543
                   9            0.091568           0.0820809          0.00395267
                  10            0.087828           0.0826556          0.00358178
                  11            0.087876           0.0831302          0.00327442
                  12             0.09334            0.083981          0.00310785
                  13            0.099776            0.085196          0.00310628
                  14              0.0918           0.0856677          0.00291429
                  15            0.063176           0.0841683          0.00309984
                  16            0.091552           0.0846298          0.00293613
                  17            0.078432           0.0842652            0.002782
                  18            0.067724           0.0833462          0.00277922
                  19             0.06926           0.0826048          0.00273142
                  20             0.07734           0.0823416          0.00260459
                  21            0.087016           0.0825642          0.00248744
                  22            0.078232           0.0823673          0.00237984
                  23            0.090772           0.0827327          0.00230319
                  24            0.099244           0.0834207          0.00230996
                  25            0.093612           0.0838283          0.00225283
                  26            0.106548           0.0847022          0.00233419
                  27             0.07406            0.084308          0.00228039
                  28            0.058064           0.0833707          0.00238899
                  29            0.088104           0.0835339          0.00231091
                  30             0.10276           0.0841748          0.00232271
                  31            0.055808           0.0832597          0.00242575
                  32             0.08176           0.0832129          0.00234919
                  33            0.099692           0.0837122          0.00233101
                  34            0.088996           0.0838676          0.00226674
                  35             0.08802           0.0839863          0.00220422
                  36            0.077772           0.0838137          0.00214906
                  37            0.092736           0.0840548          0.00210403
                  38            0.086344           0.0841151           0.0020488
                  39            0.062444           0.0835594           0.0020715
                  40            0.091736           0.0837638          0.00202937
