                   1             1.13517             1.13517                   0
                   2             1.14559             1.14038          0.00521143
                   3             1.10188             1.12755           0.0131802
                   4              1.1405             1.13079          0.00986633
                   5             1.13227             1.13108          0.00764815
                   6             1.17535             1.13846           0.0096661
                   7             1.11799             1.13554          0.00867697
                   8             1.13186             1.13508          0.00752854
                   9             1.14369             1.13603          0.00670811
                  10             1.16828             1.13926          0.00681179
                  11             1.12745             1.13818           0.0062543
                  12             1.13965             1.13831          0.00571067
                  13             1.11508             1.13652          0.00554869
                  14             1.10943             1.13458          0.00548953
                  15             1.15545             1.13598          0.00529641
                  16             1.12644             1.13538          0.00499009
                  17             1.16678             1.13723          0.00503809
                  18              1.1042             1.13539          0.00509193
                  19             1.15342             1.13634          0.00490905
                  20             1.11877             1.13546          0.00473928
                  21             1.11944              1.1347          0.00457205
                  22             1.12523             1.13427          0.00438046
                  23             1.10583             1.13303          0.00436452
                  24             1.13957              1.1333          0.00418758
                  25             1.10709             1.13226           0.0041512
                  26             1.14706             1.13283          0.00402879
                  27               1.128             1.13265          0.00388082
                  28             1.14809              1.1332          0.00378009
                  29             1.14697             1.13367          0.00367819
                  30             1.08937              1.1322          0.00384811
                  31              1.1259             1.13199          0.00372744
                  32             1.10585             1.13118          0.00370038
                  33             1.14029             1.13145          0.00359711
                  34             1.09771             1.13046          0.00362806
                  35             1.12353             1.13026          0.00352843
                  36             1.11139             1.12974          0.00346886
                  37             1.10553             1.12908          0.00343668
                  38             1.09106             1.12808          0.00349146
                  39             1.11793             1.12782          0.00341072
                  40             1.14637             1.12829          0.00335653
                   1             1.12159             1.12159                   0
                   2             1.14806             1.13483           0.0132364
                   3             1.11078             1.12681            0.011074
                   4             1.13007             1.12763          0.00787283
                   5             1.11544             1.12519          0.00656742
                   6              1.1525             1.12974          0.00703354
                   7              1.1292             1.12966          0.00594493
                   8             1.13411             1.13022          0.00517841
                   9             1.14538              1.1319          0.00486775
                  10              1.1669              1.1354          0.00558616
                  11             1.12809             1.13474          0.00509643
                  12             1.15903             1.13676           0.0050737
                  13             1.09938             1.13389          0.00548206
                  14             1.10464              1.1318          0.00548863
                  15             1.15183             1.13313          0.00528132
                  16             1.11951             1.13228          0.00501304
                  17             1.17111             1.13457          0.00523364
                  18             1.09523             1.13238          0.00539658
                  19             1.15913             1.13379          0.00529529
                  20             1.11523             1.13286          0.00510854
                  21             1.12765             1.13261          0.00486552
                  22             1.14403             1.13313          0.00466803
                  23             1.11156              1.1322            0.004558
                  24             1.12852             1.13204          0.00436664
                  25             1.11515             1.13137          0.00424247
                  26              1.1343             1.13148          0.00407759
                  27             1.14362             1.13193          0.00394933
                  28             1.14329             1.13233          0.00382724
                  29             1.14453             1.13276          0.00371678
                  30             1.09078             1.13136          0.00385368
                  31             1.11971             1.13098          0.00374616
                  32              1.1061              1.1302          0.00370958
                  33             1.14066             1.13052          0.00360935
                  34             1.08739             1.12925          0.00372427
                  35             1.12977             1.12927          0.00361633
                  36             1.11663             1.12892          0.00353194
                  37             1.10995              1.1284          0.00347318
                  38             1.07886              1.1271          0.00362325
                  39             1.11993             1.12691          0.00353391
                  40             1.12732             1.12693          0.00344445
