                   1           -0.684665           -0.684665                   0
                   2           -0.687175            -0.68592          0.00125456
                   3           -0.685131           -0.685657         0.000770586
                   4           -0.681739           -0.684678          0.00112083
                   5           -0.681468           -0.684036          0.00107969
                   6           -0.683287           -0.683911         0.000890352
                   7            -0.68559           -0.684151         0.000789799
                   8           -0.687107            -0.68452         0.000777444
                   9           -0.685199           -0.684596         0.000689771
                  10           -0.684089           -0.684545         0.000619025
                  11           -0.685073           -0.684593         0.000561982
                  12           -0.686896           -0.684785         0.000547733
                  13           -0.688048           -0.685036         0.000562899
                  14           -0.688165           -0.685259         0.000567051
                  15           -0.679779           -0.684894         0.000641997
                  16           -0.687313           -0.685045         0.000619271
                  17           -0.683621           -0.684962         0.000587706
                  18           -0.684216            -0.68492         0.000555639
                  19           -0.687095           -0.685035           0.0005379
                  20           -0.685725           -0.685069         0.000511465
                  21           -0.689065           -0.685259         0.000522383
                  22           -0.686297           -0.685307         0.000500301
                  23           -0.684056           -0.685252         0.000481138
                  24           -0.685684            -0.68527         0.000461005
                  25           -0.686274            -0.68531         0.000443999
                  26           -0.687507           -0.685395         0.000434864
                  27           -0.683746           -0.685334         0.000422883
                  28           -0.686864           -0.685388         0.000411148
                  29           -0.686112           -0.685413         0.000397501
                  30           -0.688182           -0.685506         0.000394954
                  31           -0.683096           -0.685428         0.000389828
                  32           -0.687069           -0.685479         0.000380919
                  33           -0.684981           -0.685464         0.000369503
                  34           -0.687581           -0.685526         0.000363838
                  35           -0.687102           -0.685571         0.000356146
                  36           -0.685794           -0.685578         0.000346167
                  37           -0.685122           -0.685565         0.000336907
                  38           -0.686073           -0.685579         0.000328193
                  39           -0.683676            -0.68553         0.000323368
                  40           -0.686492           -0.685554         0.000316096
                   1           -0.683959           -0.683959                   0
                   2           -0.687213           -0.685586           0.0016272
                   3            -0.68576           -0.685644          0.00094126
                   4           -0.682077           -0.684752          0.00111271
                   5           -0.681249           -0.684052          0.00111076
                   6            -0.68325           -0.683918         0.000916727
                   7           -0.685721           -0.684176         0.000816447
                   8           -0.686418           -0.684456         0.000760622
                   9           -0.685775           -0.684603          0.00068664
                  10           -0.683253           -0.684468          0.00062881
                  11            -0.68619           -0.684624          0.00058993
                  12           -0.686627           -0.684791         0.000563799
                  13           -0.687628           -0.685009         0.000562651
                  14            -0.68866            -0.68527         0.000582541
                  15           -0.680096           -0.684925         0.000642732
                  16           -0.687391           -0.685079         0.000620663
                  17           -0.683049            -0.68496          0.00059512
                  18            -0.68417           -0.684916         0.000562795
                  19           -0.687537           -0.685054         0.000549939
                  20           -0.686147           -0.685108         0.000524572
                  21           -0.689052           -0.685296         0.000533141
                  22           -0.685717           -0.685315         0.000508689
                  23           -0.684695           -0.685288         0.000486816
                  24           -0.685993           -0.685318         0.000467014
                  25            -0.68592           -0.685342         0.000448592
                  26           -0.686755           -0.685396         0.000434407
                  27           -0.683569           -0.685329         0.000423449
                  28           -0.686377           -0.685366         0.000409761
                  29           -0.686618           -0.685409          0.00039773
                  30           -0.688007           -0.685496         0.000393882
                  31           -0.682596           -0.685402         0.000392279
                  32           -0.688187           -0.685489         0.000389665
                  33           -0.684994           -0.685474         0.000377971
                  34           -0.687308           -0.685528         0.000370631
                  35           -0.687296           -0.685579         0.000363414
                  36           -0.686467           -0.685603         0.000354037
                  37           -0.685047           -0.685588         0.000344664
                  38           -0.685807           -0.685594         0.000335521
                  39           -0.683401           -0.685538         0.000331608
                  40           -0.686763           -0.685568         0.000324658
