                   1           -0.585768           -0.585768                   0
                   2            -0.58562           -0.585694            7.36e-05
                   3           -0.582797           -0.584728         0.000966535
                   4           -0.580769           -0.583739          0.00120291
                   5           -0.583256           -0.583642         0.000936755
                   6           -0.585934           -0.584024         0.000854957
                   7           -0.588568           -0.584673         0.000971357
                   8           -0.586373           -0.584886         0.000867632
                   9           -0.584644           -0.584859          0.00076565
                  10           -0.583606           -0.584734         0.000696179
                  11           -0.583472           -0.584619         0.000640074
                  12           -0.582648           -0.584455         0.000606947
                  13           -0.586022           -0.584575         0.000571179
                  14           -0.586965           -0.584746         0.000555678
                  15           -0.582786           -0.584615         0.000533548
                  16           -0.582755           -0.584499         0.000512448
                  17           -0.582521           -0.584383         0.000495221
                  18           -0.585393           -0.584439         0.000470258
                  19           -0.586125           -0.584528         0.000453586
                  20           -0.583809           -0.584492         0.000431808
                  21           -0.586079           -0.584567         0.000417628
                  22           -0.584083           -0.584545           0.0003988
                  23            -0.58414           -0.584528         0.000381474
                  24           -0.586074           -0.584592         0.000370877
                  25           -0.583907           -0.584565         0.000356787
                  26           -0.582421           -0.584482          0.00035257
                  27           -0.581389           -0.584368         0.000358086
                  28           -0.584112           -0.584358         0.000345181
                  29           -0.583445           -0.584327         0.000334551
                  30           -0.583642           -0.584304         0.000324012
                  31           -0.584516           -0.584311         0.000313461
                  32           -0.584562           -0.584319         0.000303608
                  33           -0.584796           -0.584333         0.000294619
                  34            -0.58121           -0.584241         0.000300222
                  35           -0.586722           -0.584312         0.000300011
                  36           -0.585916           -0.584357         0.000294941
                  37           -0.586712            -0.58442         0.000293833
                  38            -0.58589           -0.584459           0.0002886
                  39           -0.581669           -0.584388         0.000290061
                  40           -0.584031           -0.584379         0.000282858
                   1           -0.585953           -0.585953                   0
                   2           -0.585469           -0.585711          0.00024216
                   3           -0.583595           -0.585005         0.000719135
                   4           -0.581406           -0.584106          0.00103353
                   5           -0.583891           -0.584063          0.00080172
                   6           -0.585741           -0.584342         0.000711846
                   7           -0.587879           -0.584848         0.000785603
                   8           -0.586126           -0.585007          0.00069887
                   9           -0.585224           -0.585032         0.000616813
                  10           -0.582824           -0.584811         0.000594238
                  11           -0.583956           -0.584733         0.000543102
                  12           -0.583556           -0.584635         0.000505385
                  13           -0.585946           -0.584736         0.000475706
                  14           -0.587842           -0.584958         0.000493156
                  15           -0.582079           -0.584766         0.000497608
                  16           -0.583707             -0.5847         0.000470147
                  17           -0.581133            -0.58449         0.000488938
                  18           -0.585355           -0.584538         0.000463477
                  19           -0.587761           -0.584708         0.000470087
                  20           -0.584798           -0.584712         0.000445986
                  21           -0.587676           -0.584853         0.000447084
                  22           -0.584531           -0.584839         0.000426529
                  23           -0.583953             -0.5848         0.000409377
                  24           -0.586457           -0.584869         0.000397981
                  25           -0.583374           -0.584809         0.000386383
                  26           -0.582186           -0.584708         0.000384694
                  27           -0.581686           -0.584596         0.000386731
                  28           -0.584524           -0.584594         0.000372673
                  29           -0.582783           -0.584531         0.000364973
                  30           -0.584307           -0.584524         0.000352677
                  31            -0.58503            -0.58454         0.000341501
                  32           -0.584936           -0.584553         0.000330888
                  33           -0.585631           -0.584585         0.000322365
                  34           -0.581082           -0.584482         0.000329273
                  35           -0.587014           -0.584555         0.000327805
                  36           -0.586833           -0.584618         0.000324797
                  37           -0.586786           -0.584676         0.000321284
                  38           -0.585086           -0.584687           0.0003129
                  39           -0.582539           -0.584632         0.000309709
                  40           -0.584161            -0.58462         0.000302096
