                   1           -0.556532           -0.556532                   0
                   2            -0.55732           -0.556926          0.00039392
                   3           -0.553543           -0.555798          0.00115025
                   4            -0.55109           -0.554621           0.0014308
                   5           -0.554412           -0.554579          0.00110908
                   6           -0.560032           -0.555488          0.00128299
                   7            -0.55979           -0.556103           0.0012464
                   8           -0.556121           -0.556105          0.00107941
                   9           -0.558259           -0.556344         0.000981582
                  10           -0.554908           -0.556201         0.000889627
                  11           -0.554591           -0.556054          0.00081789
                  12           -0.553306           -0.555825         0.000780956
                  13            -0.56015           -0.556158         0.000791662
                  14           -0.560388            -0.55646         0.000792771
                  15           -0.554872           -0.556354         0.000745588
                  16           -0.553998           -0.556207         0.000712815
                  17           -0.557661           -0.556292         0.000675013
                  18           -0.554859           -0.556213         0.000641368
                  19           -0.555892           -0.556196         0.000606908
                  20           -0.553403           -0.556056          0.00059246
                  21           -0.556642           -0.556084         0.000564231
                  22           -0.555754           -0.556069         0.000538183
                  23           -0.557973           -0.556152          0.00052087
                  24           -0.558063           -0.556232         0.000505013
                  25           -0.556126           -0.556227          0.00048441
                  26           -0.557064           -0.556259         0.000466516
                  27           -0.555514           -0.556232         0.000449754
                  28           -0.558809           -0.556324         0.000443063
                  29           -0.554729           -0.556269         0.000431035
                  30           -0.555516           -0.556244         0.000417175
                  31           -0.556024           -0.556237         0.000403556
                  32           -0.557126           -0.556265         0.000391728
                  33           -0.559152           -0.556352         0.000389622
                  34           -0.556606           -0.556359         0.000378063
                  35           -0.558786           -0.556429         0.000373591
                  36           -0.557916            -0.55647         0.000365409
                  37           -0.558303            -0.55652         0.000358831
                  38           -0.558124           -0.556562         0.000351804
                  39           -0.554467           -0.556508          0.00034685
                  40           -0.556451           -0.556507          0.00033807
                   1           -0.556621           -0.556621                   0
                   2           -0.556797           -0.556709           8.824e-05
                   3           -0.553944           -0.555787         0.000923114
                   4           -0.552055           -0.554854          0.00113879
                   5           -0.553392           -0.554562         0.000929284
                   6            -0.55999           -0.555466          0.00118072
                   7           -0.559831            -0.55609          0.00117671
                   8           -0.555835           -0.556058          0.00101956
                   9           -0.559259           -0.556414         0.000966963
                  10           -0.553293           -0.556102         0.000919443
                  11           -0.556018           -0.556094         0.000831703
                  12           -0.554914           -0.555996         0.000765582
                  13            -0.55984           -0.556291          0.00076379
                  14           -0.560504           -0.556592         0.000768477
                  15           -0.554524           -0.556454         0.000728585
                  16           -0.554421           -0.556327         0.000693271
                  17           -0.557143           -0.556375         0.000652981
                  18           -0.555212           -0.556311          0.00061902
                  19           -0.557653           -0.556381         0.000589778
                  20           -0.553742           -0.556249         0.000574861
                  21           -0.557858           -0.556326          0.00055214
                  22           -0.556143           -0.556318         0.000526511
                  23           -0.558437            -0.55641         0.000511469
                  24            -0.55815           -0.556482         0.000495032
                  25           -0.555502           -0.556443         0.000476433
                  26           -0.556096            -0.55643         0.000457937
                  27           -0.555372            -0.55639         0.000442389
                  28            -0.55956           -0.556504         0.000441066
                  29           -0.554794           -0.556445         0.000429648
                  30           -0.555962           -0.556429         0.000415391
                  31           -0.557025           -0.556448         0.000402229
                  32            -0.55848           -0.556511         0.000394598
                  33           -0.558684           -0.556577         0.000388079
                  34           -0.555646            -0.55655         0.000377485
                  35           -0.558162           -0.556596         0.000369426
                  36           -0.558427           -0.556647         0.000362603
                  37           -0.557406           -0.556667         0.000353262
                  38           -0.555937           -0.556648         0.000344377
                  39           -0.554639           -0.556597         0.000339362
                  40           -0.556854           -0.556603         0.000330832
