                   1           -0.394078           -0.394078                   0
                   2           -0.393547           -0.393813          0.00026532
                   3           -0.394685           -0.394103         0.000328549
                   4           -0.391957           -0.393567         0.000584634
                   5           -0.394944           -0.393842          0.00053003
                   6           -0.394285           -0.393916         0.000439006
                   7           -0.395809           -0.394186         0.000459153
                   8           -0.395876           -0.394398         0.000450265
                   9           -0.396964           -0.394683         0.000488883
                  10           -0.393301           -0.394545         0.000458583
                  11           -0.397554           -0.394818          0.00049689
                  12           -0.395143           -0.394845         0.000454401
                  13           -0.393858           -0.394769         0.000424834
                  14           -0.396067           -0.394862         0.000404088
                  15           -0.395706           -0.394918         0.000380372
                  16           -0.398161           -0.395121         0.000409474
                  17           -0.398026           -0.395292         0.000420895
                  18           -0.392519           -0.395138         0.000425669
                  19           -0.392768           -0.395013          0.00042152
                  20           -0.394822           -0.395003         0.000400003
                  21           -0.395641           -0.395034         0.000381689
                  22           -0.393956           -0.394985         0.000367209
                  23           -0.393006           -0.394899         0.000361279
                  24           -0.395147           -0.394909         0.000346053
                  25           -0.397931            -0.39503         0.000353249
                  26            -0.39227           -0.394924           0.0003556
                  27           -0.394416           -0.394905         0.000342692
                  28           -0.393478           -0.394854         0.000334139
                  29           -0.395336           -0.394871         0.000322838
                  30           -0.394567           -0.394861         0.000312056
                  31           -0.394451           -0.394847         0.000302111
                  32            -0.39643           -0.394897         0.000296668
                  33           -0.395012             -0.3949         0.000287558
                  34           -0.394003           -0.394874         0.000280219
                  35           -0.395915           -0.394904         0.000273718
                  36           -0.396094           -0.394937         0.000268053
                  37            -0.39721           -0.394998         0.000267851
                  38           -0.395547           -0.395013         0.000261108
                  39           -0.390391           -0.394894         0.000280573
                  40            -0.39732           -0.394955         0.000280113
                   1           -0.394813           -0.394813                   0
                   2           -0.393495           -0.394154          0.00065896
                   3           -0.394055           -0.394121         0.000381876
                   4            -0.39335           -0.393929         0.000331804
                   5           -0.396174           -0.394378         0.000517506
                   6           -0.395015           -0.394484         0.000435672
                   7           -0.396298           -0.394743         0.000450271
                   8           -0.395517            -0.39484         0.000401779
                   9           -0.396851           -0.395063         0.000418904
                  10           -0.392406           -0.394797         0.000459365
                  11           -0.398881           -0.395169         0.000557206
                  12           -0.395032           -0.395157         0.000508784
                  13           -0.394572           -0.395112         0.000470174
                  14           -0.395201           -0.395119         0.000435343
                  15           -0.395035           -0.395113         0.000405321
                  16           -0.397959           -0.395291         0.000418785
                  17           -0.394649           -0.395253         0.000395189
                  18           -0.391794           -0.395061         0.000419227
                  19           -0.393484           -0.394978          0.00040514
                  20           -0.394768           -0.394968         0.000384492
                  21           -0.394529           -0.394947          0.00036632
                  22           -0.394022           -0.394905         0.000351794
                  23           -0.394217           -0.394875         0.000337479
                  24           -0.394488           -0.394859         0.000323513
                  25           -0.395289           -0.394876          0.00031078
                  26           -0.392608           -0.394789         0.000311066
                  27           -0.394615           -0.394782         0.000299393
                  28           -0.394937           -0.394788         0.000288555
                  29           -0.394189           -0.394767         0.000279193
                  30           -0.392951           -0.394707         0.000276436
                  31           -0.394225           -0.394691         0.000267822
                  32           -0.396476           -0.394747         0.000265249
                  33           -0.395125           -0.394758         0.000257341
                  34           -0.394149            -0.39474         0.000250299
                  35           -0.394178           -0.394724         0.000243574
                  36           -0.398191           -0.394821         0.000255546
                  37           -0.396113           -0.394856         0.000250986
                  38           -0.395311           -0.394867         0.000244586
                  39           -0.391508           -0.394781         0.000253331
                  40            -0.39648           -0.394824         0.000250543
