                   1            0.018696            0.018696                   0
                   2            0.018964             0.01883            0.000134
                   3            0.021428            0.019696         0.000869449
                   4            0.013064            0.018038          0.00176831
                   5            0.021592           0.0187488          0.00154318
                   6            0.017032           0.0184627          0.00129208
                   7            0.020464           0.0187486          0.00112881
                   8            0.019816            0.018882         0.000986645
                   9            0.016208           0.0185849         0.000919466
                  10            0.020252           0.0187516         0.000839122
                  11            0.022492           0.0190916         0.000831702
                  12            0.025132            0.019595         0.000910942
                  13            0.020888           0.0196945         0.000843827
                  14            0.016928           0.0194969         0.000805835
                  15            0.025304            0.019884         0.000844196
                  16             0.01884           0.0198187         0.000792365
                  17            0.018916           0.0197656         0.000746189
                  18            0.016764           0.0195989         0.000723007
                  19            0.025192           0.0198933         0.000744561
                  20              0.0159           0.0196936         0.000734029
                  21            0.013268           0.0193876         0.000762305
                  22              0.0226           0.0195336         0.000741352
                  23             0.01788           0.0194617         0.000712025
                  24             0.01536           0.0192908         0.000702809
                  25             0.02616           0.0195656         0.000727957
                  26            0.023124           0.0197025         0.000712664
                  27             0.01362           0.0194772         0.000721816
                  28             0.01708           0.0193916         0.000700808
                  29             0.01638           0.0192877         0.000684138
                  30            0.020728           0.0193357         0.000662682
                  31            0.020548           0.0193748          0.00064214
                  32            0.020288           0.0194034         0.000622404
                  33            0.024992           0.0195727         0.000626569
                  34            0.020928           0.0196126         0.000609167
                  35            0.022172           0.0196857         0.000596009
                  36            0.017904           0.0196362         0.000581327
                  37            0.009312           0.0193572         0.000630503
                  38            0.023364           0.0194626         0.000622679
                  39            0.016772           0.0193936         0.000610414
                  40              0.0208           0.0194288         0.000595996
                   1            0.018664            0.018664                   0
                   2            0.017968            0.018316            0.000348
                   3            0.021172            0.019268         0.000972971
                   4            0.013904            0.017927          0.00150719
                   5             0.02112           0.0185656          0.00133071
                   6            0.016732             0.01826          0.00112868
                   7              0.0205             0.01858          0.00100615
                   8            0.020268            0.018791         0.000896534
                   9             0.01734           0.0186298         0.000806939
                  10             0.02108           0.0188748         0.000762205
                  11            0.022464           0.0192011         0.000762754
                  12             0.02442            0.019636         0.000820959
                  13              0.0198           0.0196486         0.000755278
                  14            0.016468           0.0194214         0.000735232
                  15             0.02416           0.0197373         0.000753848
                  16             0.01754              0.0196         0.000718409
                  17            0.018852            0.019556          0.00067626
                  18            0.015708           0.0193422         0.000672469
                  19            0.024612           0.0196196         0.000693931
                  20             0.01722           0.0194996         0.000669164
                  21            0.013268           0.0192029         0.000702276
                  22            0.022684           0.0193611         0.000688036
                  23            0.017644           0.0192864         0.000661667
                  24            0.017204           0.0191997         0.000639412
                  25            0.024868           0.0194264         0.000653872
                  26            0.022808           0.0195565         0.000641542
                  27            0.013952           0.0193489         0.000651287
                  28            0.015264            0.019203         0.000644329
                  29            0.015028            0.019059         0.000638165
                  30            0.021152           0.0191288         0.000620461
                  31            0.020428           0.0191707         0.000601574
                  32              0.0202           0.0192029         0.000583359
                  33             0.02506           0.0193804         0.000592609
                  34            0.020252            0.019406         0.000575486
                  35            0.022484           0.0194939          0.00056568
                  36            0.016732           0.0194172         0.000555069
                  37            0.008456            0.019121         0.000615802
                  38            0.025156           0.0192798         0.000620061
                  39             0.01578           0.0191901         0.000610583
                  40            0.018816           0.0191807         0.000595196
