                   1            0.955048            0.955048                   0
                   2            0.912344            0.933696            0.021352
                   3            0.922516            0.929969           0.0128786
                   4            0.906488            0.924099           0.0108346
                   5            0.874188            0.914117           0.0130414
                   6            0.771264            0.890308           0.0260815
                   7            0.774756            0.873801           0.0275388
                   8            0.937424            0.881754           0.0251403
                   9            0.776652            0.870076           0.0250591
                  10            0.892504            0.872318           0.0225255
                  11            0.951988            0.879561           0.0216241
                  12            0.756744            0.869326           0.0222355
                  13            0.813048            0.864997           0.0209068
                  14            0.907852            0.868058           0.0195965
                  15            0.836284             0.86594           0.0183659
                  16            0.956612            0.871607           0.0180903
                  17            0.957884            0.876682           0.0177345
                  18            0.886912             0.87725           0.0167299
                  19             0.92364            0.879692           0.0160122
                  20            0.883064            0.879861           0.0151914
                  21             0.91022            0.881306           0.0145221
                  22             0.88652            0.881543           0.0138483
                  23            0.924916            0.883429           0.0133662
                  24            0.930872            0.885406           0.0129489
                  25            0.902968            0.886108             0.01244
                  26            0.899632            0.886628           0.0119633
                  27            0.957756            0.889263           0.0118093
                  28            0.919304            0.890336           0.0114302
                  29            0.793988            0.887013           0.0115185
                  30              0.9511             0.88915           0.0113311
                  31            0.937436            0.890707           0.0110697
                  32            0.946684            0.892457             0.01086
                  33            0.933552            0.893702           0.0105991
                  34            0.943884            0.895178           0.0103881
                  35             0.78982            0.892168           0.0105265
                  36            0.883792            0.891935           0.0102325
                  37            0.947416            0.893434           0.0100645
                  38            0.958232             0.89514          0.00994335
                  39            0.881076            0.894779          0.00969174
                  40            0.940772            0.895929          0.00951607
                   1            0.958904            0.958904                   0
                   2            0.912488            0.935696            0.023208
                   3            0.922224            0.931205           0.0141316
                   4            0.906676            0.925073           0.0117242
                   5             0.87422            0.914902           0.0136351
                   6             0.77152            0.891005           0.0263631
                   7             0.77446            0.874356           0.0278144
                   8             0.93738            0.882234           0.0253435
                   9            0.776216            0.870454           0.0252651
                  10            0.892308             0.87264           0.0227032
                  11            0.952204            0.879873           0.0217724
                  12            0.756556            0.869596           0.0223749
                  13            0.812848            0.865231           0.0210397
                  14            0.907408            0.868244           0.0197106
                  15            0.836664            0.866138           0.0184699
                  16            0.956676            0.871797           0.0181801
                  17            0.957892            0.876861           0.0178124
                  18            0.886664            0.877406           0.0168025
                  19              0.9236            0.879837           0.0160784
                  20            0.883192            0.880005           0.0152543
                  21              0.9103            0.881448           0.0145812
                  22            0.886608            0.881682           0.0139046
                  23             0.92484            0.883559           0.0134182
                  24            0.930908            0.885531           0.0129976
                  25            0.903128            0.886235           0.0124867
                  26            0.899672            0.886752           0.0120079
                  27            0.957712             0.88938           0.0118498
                  28            0.919128            0.890443            0.011468
                  29            0.793948            0.887115            0.011555
                  30            0.951068            0.889247           0.0113649
                  31            0.937348            0.890799           0.0111011
                  32             0.94678            0.892548           0.0108901
                  33            0.933516             0.89379           0.0106277
                  34            0.943648            0.895256           0.0104141
                  35             0.78982            0.892244           0.0105514
                  36            0.883996            0.892014           0.0102566
                  37            0.947848            0.893523           0.0100891
                  38            0.958368             0.89523          0.00996714
                  39            0.881068            0.894867            0.009715
                  40             0.94042            0.896006          0.00953725
