                   1             1.21426             1.21426                   0
                   2             1.25945             1.23685           0.0225936
                   3             1.23721             1.23697           0.0130449
                   4             1.20792             1.22971           0.0117403
                   5             1.27752             1.23927           0.0131956
                   6             1.24426              1.2401           0.0108063
                   7             1.22071             1.23733          0.00954412
                   8             1.29005             1.24392           0.0105711
                   9             1.26235             1.24597            0.009545
                  10             1.23888             1.24526          0.00856669
                  11             1.25928             1.24654          0.00785294
                  12             1.21324             1.24376          0.00768695
                  13             1.24212             1.24363          0.00707209
                  14             1.28509              1.2466          0.00718583
                  15             1.21242             1.24432            0.007067
                  16             1.21879             1.24272           0.0068004
                  17             1.24056             1.24259          0.00638914
                  18             1.19555             1.23998          0.00656638
                  19             1.27167             1.24165          0.00643127
                  20             1.23053             1.24109          0.00612652
                  21             1.25181              1.2416          0.00584979
                  22              1.2216             1.24069          0.00565119
                  23             1.21494             1.23957          0.00551477
                  24             1.20935             1.23831          0.00542811
                  25             1.20764             1.23709          0.00534912
                  26             1.28108             1.23878          0.00541059
                  27             1.26276             1.23967          0.00528157
                  28             1.21337             1.23873          0.00517538
                  29             1.22671             1.23831          0.00501088
                  30             1.16799             1.23597          0.00537862
                  31             1.22217             1.23552          0.00522124
                  32             1.22493             1.23519          0.00506628
                  33             1.24816             1.23559          0.00492606
                  34             1.20199              1.2346           0.0048801
                  35             1.20532             1.23376          0.00481187
                  36             1.23375             1.23376          0.00467629
                  37             1.29879             1.23552          0.00487592
                  38              1.2138             1.23495          0.00478017
                  39             1.27887             1.23607          0.00479026
                  40             1.19434             1.23503          0.00478411
                   1             1.23213             1.23213                   0
                   2             1.24741             1.23977          0.00764212
                   3              1.2391             1.23955          0.00441783
                   4             1.20601             1.23116          0.00894668
                   5             1.27679             1.24029           0.0114586
                   6             1.24666             1.24135          0.00941594
                   7             1.23833             1.24092          0.00796964
                   8              1.2881             1.24682          0.00907873
                   9             1.26722             1.24908          0.00832152
                  10             1.22775             1.24695           0.0077427
                  11             1.25883             1.24803          0.00708627
                  12             1.22234             1.24589           0.0068138
                  13             1.24587             1.24589          0.00626779
                  14             1.29518             1.24941          0.00678755
                  15             1.21358             1.24702          0.00675528
                  16             1.21748             1.24517          0.00658309
                  17             1.25998             1.24604          0.00624475
                  18             1.18801             1.24282          0.00671271
                  19             1.29386             1.24551          0.00689443
                  20             1.24385             1.24542          0.00654115
                  21             1.25434             1.24585          0.00623634
                  22             1.21591             1.24449          0.00609987
                  23             1.21204             1.24308          0.00599689
                  24             1.21249              1.2418          0.00588136
                  25             1.20028             1.24014          0.00588063
                  26             1.27969             1.24166          0.00585107
                  27             1.25799             1.24227          0.00566257
                  28             1.22921              1.2418          0.00547647
                  29             1.21857               1.241          0.00534464
                  30             1.16752             1.23855          0.00571494
                  31              1.2305             1.23829          0.00553361
                  32             1.21617              1.2376          0.00540232
                  33             1.23036             1.23738          0.00524065
                  34             1.22888             1.23713          0.00509032
                  35             1.21128             1.23639          0.00499762
                  36             1.22627             1.23611          0.00486495
                  37             1.27577             1.23718          0.00485151
                  38             1.20403             1.23631          0.00480201
                  39             1.26532             1.23705          0.00473604
                  40             1.20296              1.2362          0.00469415
