                   1           -0.408076           -0.408076                   0
                   2           -0.408942           -0.408509          0.00043272
                   3           -0.409864           -0.408961         0.000516332
                   4           -0.407584           -0.408617         0.000501733
                   5           -0.411394           -0.409172          0.00067803
                   6           -0.410493           -0.409392         0.000595802
                   7           -0.409137           -0.409356         0.000504868
                   8            -0.41074           -0.409529         0.000470208
                   9           -0.414289           -0.410058         0.000672076
                  10           -0.409551           -0.410007         0.000603253
                  11           -0.412884           -0.410269          0.00060512
                  12            -0.41156           -0.410376         0.000562783
                  13           -0.409575           -0.410315         0.000521344
                  14           -0.410819           -0.410351         0.000484014
                  15           -0.411089             -0.4104         0.000453275
                  16           -0.413061           -0.410566         0.000455446
                  17           -0.413774           -0.410755         0.000467584
                  18           -0.410591           -0.410746         0.000440937
                  19           -0.410108           -0.410712         0.000418432
                  20           -0.408833           -0.410618         0.000407933
                  21           -0.411745           -0.410672         0.000391711
                  22           -0.410138           -0.410648         0.000374268
                  23            -0.41158           -0.410688         0.000359918
                  24           -0.410521           -0.410681         0.000344666
                  25           -0.411376           -0.410709         0.000331757
                  26            -0.40925           -0.410653         0.000323645
                  27           -0.408482           -0.410572         0.000321637
                  28           -0.408393           -0.410495         0.000319563
                  29           -0.411352           -0.410524         0.000309759
                  30           -0.411181           -0.410546         0.000300055
                  31           -0.410905           -0.410558         0.000290445
                  32           -0.410428           -0.410554         0.000281251
                  33           -0.412131           -0.410601         0.000276756
                  34           -0.409462           -0.410568         0.000270577
                  35           -0.408633           -0.410513         0.000268488
                  36           -0.410568           -0.410514         0.000260928
                  37           -0.410904           -0.410525         0.000253997
                  38           -0.409945           -0.410509         0.000247692
                  39           -0.405215           -0.410374         0.000276829
                  40           -0.410979           -0.410389         0.000270244
                   1           -0.408087           -0.408087                   0
                   2            -0.40919           -0.408638          0.00055128
                   3           -0.409079           -0.408785         0.000350583
                   4            -0.40914           -0.408874         0.000263302
                   5             -0.4115           -0.409399         0.000563418
                   6           -0.410809           -0.409634         0.000516549
                   7           -0.409785           -0.409656         0.000437095
                   8           -0.410584           -0.409772         0.000395932
                   9           -0.413745           -0.410213          0.00056289
                  10           -0.407387           -0.409931         0.000577357
                  11           -0.414845           -0.410378         0.000687264
                  12           -0.411065           -0.410435         0.000629991
                  13           -0.409562           -0.410368         0.000583382
                  14           -0.409586           -0.410312         0.000542983
                  15           -0.409588           -0.410264         0.000507786
                  16           -0.413013           -0.410436         0.000505115
                  17            -0.41088           -0.410462         0.000475194
                  18           -0.409324           -0.410398         0.000452457
                  19           -0.410963           -0.410428          0.00042901
                  20            -0.40958           -0.410386         0.000409196
                  21           -0.410719           -0.410402         0.000389546
                  22           -0.409544           -0.410363         0.000373459
                  23           -0.410997            -0.41039         0.000357917
                  24            -0.40988           -0.410369         0.000343338
                  25           -0.410046           -0.410356         0.000329571
                  26           -0.408845           -0.410298         0.000321928
                  27           -0.408165           -0.410219         0.000319693
                  28            -0.40814           -0.410145         0.000316888
                  29           -0.409143            -0.41011         0.000307709
                  30           -0.409505            -0.41009         0.000297958
                  31           -0.410788           -0.410113         0.000289064
                  32           -0.410994            -0.41014         0.000281238
                  33           -0.411543           -0.410183         0.000275877
                  34           -0.408217           -0.410125         0.000273811
                  35            -0.40835           -0.410074         0.000270666
                  36           -0.412916           -0.410153         0.000274629
                  37           -0.412896           -0.410227         0.000277202
                  38           -0.409591            -0.41021         0.000270327
                  39           -0.405887             -0.4101         0.000285684
                  40           -0.409905           -0.410095         0.000278493
