                   1            0.900885            0.900885                   0
                   2            0.872454            0.886669           0.0142157
                   3            0.899123             0.89082          0.00919748
                   4            0.906916            0.894844          0.00764781
                   5            0.875312            0.890938          0.00709608
                   6            0.881451            0.889357           0.0060058
                   7            0.896448             0.89037          0.00517593
                   8            0.915313            0.893488          0.00546023
                   9            0.907309            0.895023          0.00505441
                  10            0.880475            0.893569          0.00474914
                  11            0.873481            0.891742          0.00466779
                  12            0.894179            0.891945          0.00426592
                  13             0.87752            0.890836          0.00407796
                  14            0.899934            0.891486          0.00383098
                  15            0.893788            0.891639          0.00356975
                  16            0.880416            0.890938          0.00341207
                  17            0.865096            0.889418          0.00354728
                  18            0.880331            0.888913           0.0033823
                  19            0.906124            0.889819           0.0033251
                  20            0.931956            0.891926          0.00379334
                  21            0.890372            0.891852          0.00360895
                  22            0.893108            0.891909          0.00344147
                  23            0.894283            0.892012          0.00329006
                  24            0.903487             0.89249          0.00318607
                  25            0.885457            0.892209           0.0030689
                  26            0.921565            0.893338          0.00315729
                  27            0.877348            0.892746          0.00309529
                  28            0.871557            0.891989          0.00307719
                  29             0.89259             0.89201          0.00296926
                  30            0.879004            0.891576          0.00290115
                  31            0.878676             0.89116          0.00283669
                  32            0.899729            0.891428          0.00275964
                  33            0.894899            0.891533          0.00267677
                  34            0.893375            0.891587          0.00259742
                  35            0.896039            0.891714          0.00252532
                  36            0.931652            0.892824          0.00269326
                  37            0.866333            0.892108          0.00271554
                  38            0.881723            0.891834          0.00265721
                  39            0.891343            0.891822          0.00258821
                  40            0.915025            0.892402          0.00258851
                   1            0.900885            0.900885                   0
                   2            0.872454            0.886669           0.0142157
                   3            0.899123             0.89082          0.00919748
                   4            0.906916            0.894844          0.00764781
                   5            0.875312            0.890938          0.00709608
                   6            0.881451            0.889357           0.0060058
                   7            0.896448             0.89037          0.00517593
                   8            0.915313            0.893488          0.00546023
                   9            0.907309            0.895023          0.00505441
                  10            0.880475            0.893569          0.00474914
                  11            0.873481            0.891742          0.00466779
                  12            0.894179            0.891945          0.00426592
                  13             0.87752            0.890836          0.00407796
                  14            0.899934            0.891486          0.00383098
                  15            0.893788            0.891639          0.00356975
                  16            0.880416            0.890938          0.00341207
                  17            0.865096            0.889418          0.00354728
                  18            0.880331            0.888913           0.0033823
                  19            0.906124            0.889819           0.0033251
                  20            0.931956            0.891926          0.00379334
                  21            0.890372            0.891852          0.00360895
                  22            0.893108            0.891909          0.00344147
                  23            0.894283            0.892012          0.00329006
                  24            0.903487             0.89249          0.00318607
                  25            0.885457            0.892209           0.0030689
                  26            0.921565            0.893338          0.00315729
                  27            0.877348            0.892746          0.00309529
                  28            0.871557            0.891989          0.00307719
                  29             0.89259             0.89201          0.00296926
                  30            0.879004            0.891576          0.00290115
                  31            0.878676             0.89116          0.00283669
                  32            0.899729            0.891428          0.00275964
                  33            0.894899            0.891533          0.00267677
                  34            0.893375            0.891587          0.00259742
                  35            0.896039            0.891714          0.00252532
                  36            0.931652            0.892824          0.00269326
                  37            0.866333            0.892108          0.00271554
                  38            0.881723            0.891834          0.00265721
                  39            0.891343            0.891822          0.00258821
                  40            0.915025            0.892402          0.00258851
