                   1           -0.381353           -0.381353                   0
                   2           -0.380172           -0.380763          0.00059072
                   3           -0.381319           -0.380948         0.000388258
                   4           -0.378038           -0.380221         0.000777585
                   5           -0.378346           -0.379846         0.000709479
                   6            -0.38041            -0.37994         0.000586866
                   7           -0.380896           -0.380076         0.000514449
                   8            -0.38207           -0.380326         0.000510498
                   9           -0.383538           -0.380682         0.000574528
                  10            -0.37963           -0.380577         0.000524543
                  11           -0.382422           -0.380745         0.000503225
                  12           -0.380086            -0.38069         0.000462649
                  13           -0.381448           -0.380748          0.00042955
                  14           -0.383162           -0.380921          0.00043345
                  15           -0.381209            -0.38094         0.000403978
                  16           -0.383653            -0.38111         0.000414195
                  17           -0.383638           -0.381258         0.000416527
                  18           -0.380298           -0.381205         0.000396312
                  19           -0.378104           -0.381042         0.000408851
                  20           -0.381058           -0.381043         0.000387871
                  21           -0.382326           -0.381104         0.000373971
                  22           -0.378962           -0.381006         0.000369623
                  23           -0.378439           -0.380895         0.000370402
                  24           -0.381787           -0.380932         0.000356577
                  25           -0.381017           -0.380935         0.000342033
                  26             -0.3785           -0.380842         0.000341699
                  27           -0.380242           -0.380819         0.000329548
                  28           -0.380196           -0.380797          0.00031834
                  29           -0.381924           -0.380836         0.000309615
                  30           -0.380819           -0.380835         0.000299117
                  31           -0.378414           -0.380757         0.000299663
                  32           -0.381479            -0.38078         0.000291022
                  33            -0.38135           -0.380797         0.000282594
                  34           -0.379682           -0.380764         0.000276112
                  35           -0.382438           -0.380812         0.000272339
                  36           -0.382535            -0.38086         0.000268956
                  37           -0.381533           -0.380878         0.000262217
                  38           -0.380566            -0.38087         0.000255355
                  39           -0.378874           -0.380819         0.000253933
                  40           -0.382916           -0.380871         0.000252995
                   1           -0.381353           -0.381353                   0
                   2           -0.380172           -0.380763          0.00059072
                   3           -0.381319           -0.380948         0.000388258
                   4           -0.378038           -0.380221         0.000777585
                   5           -0.378346           -0.379846         0.000709479
                   6            -0.38041            -0.37994         0.000586866
                   7           -0.380896           -0.380076         0.000514449
                   8            -0.38207           -0.380326         0.000510498
                   9           -0.383538           -0.380682         0.000574528
                  10            -0.37963           -0.380577         0.000524543
                  11           -0.382422           -0.380745         0.000503225
                  12           -0.380086            -0.38069         0.000462649
                  13           -0.381448           -0.380748          0.00042955
                  14           -0.383162           -0.380921          0.00043345
                  15           -0.381209            -0.38094         0.000403978
                  16           -0.383653            -0.38111         0.000414195
                  17           -0.383638           -0.381258         0.000416527
                  18           -0.380298           -0.381205         0.000396312
                  19           -0.378104           -0.381042         0.000408851
                  20           -0.381058           -0.381043         0.000387871
                  21           -0.382326           -0.381104         0.000373971
                  22           -0.378962           -0.381006         0.000369623
                  23           -0.378439           -0.380895         0.000370402
                  24           -0.381787           -0.380932         0.000356577
                  25           -0.381017           -0.380935         0.000342033
                  26             -0.3785           -0.380842         0.000341699
                  27           -0.380242           -0.380819         0.000329548
                  28           -0.380196           -0.380797          0.00031834
                  29           -0.381924           -0.380836         0.000309615
                  30           -0.380819           -0.380835         0.000299117
                  31           -0.378414           -0.380757         0.000299663
                  32           -0.381479            -0.38078         0.000291022
                  33            -0.38135           -0.380797         0.000282594
                  34           -0.379682           -0.380764         0.000276112
                  35           -0.382438           -0.380812         0.000272339
                  36           -0.382535            -0.38086         0.000268956
                  37           -0.381533           -0.380878         0.000262217
                  38           -0.380566            -0.38087         0.000255355
                  39           -0.378874           -0.380819         0.000253933
                  40           -0.382916           -0.380871         0.000252995
