                   1             16.2528             16.2528                   0
                   2             16.5791             16.4159            0.163141
                   3             18.7058             17.1792            0.769098
                   4             17.1537             17.1728            0.543872
                   5             12.9246             16.3232            0.948364
                   6             14.4086             16.0041            0.837507
                   7             17.4505             16.2107            0.737366
                   8             15.4412             16.1145            0.645782
                   9             21.0803             16.6663            0.792963
                  10             12.5749             16.2571            0.818796
                  11             14.8914              16.133            0.750964
                  12             16.9147             16.1981            0.688622
                  13             15.4716             16.1422              0.6359
                  14             15.9455             16.1282            0.588897
                  15             17.9475             16.2495             0.56149
                  16             18.6711             16.4008            0.546598
                  17             22.9915             16.7885            0.643366
                  18             23.1477             17.1418            0.701955
                  19              19.389             17.2601            0.674434
                  20             19.0194              17.348            0.645843
                  21             16.9961             17.3313            0.614548
                  22             17.8868             17.3565            0.586492
                  23             19.2139             17.4373            0.566202
                  24             16.4552             17.3964            0.543639
                  25             14.9305             17.2977            0.530687
                  26             17.8776               17.32            0.510355
                  27             20.0842             17.4224            0.501647
                  28             18.1994             17.4502            0.484195
                  29             21.7584             17.5987            0.490252
                  30             19.9498             17.6771            0.480068
                  31             17.3954              17.668            0.464412
                  32             17.6198             17.6665            0.449668
                  33             18.0423             17.6779            0.435977
                  34             12.3647             17.5216            0.450906
                  35             15.6492             17.4681            0.441089
                  36             20.2599             17.5457             0.43562
                  37             21.6299             17.6561            0.437827
                  38             16.7049              17.631            0.426884
                  39             16.1037             17.5919            0.417634
                  40             14.3727             17.5114            0.414939
                   1             16.2985             16.2985                   0
                   2               16.56             16.4293            0.130714
                   3              18.685             17.1812            0.755699
                   4             17.1779             17.1804            0.534361
                   5               12.94             16.3323            0.943694
                   6             14.3914             16.0088            0.835672
                   7             17.4946             16.2211            0.737476
                   8             15.3999             16.1184            0.646869
                   9              21.042             16.6655            0.790403
                  10             12.5775             16.2567            0.816643
                  11             14.8579             16.1295            0.749546
                  12             16.8586             16.1903            0.686931
                  13             15.4342             16.1321            0.634555
                  14             15.9912             16.1221             0.58757
                  15             17.9153             16.2416            0.559909
                  16              18.707             16.3957            0.545943
                  17             22.9518             16.7813            0.641654
                  18             23.1705             17.1363            0.701401
                  19             19.3753             17.2541            0.673843
                  20              19.042             17.3435            0.645484
                  21              17.031             17.3286            0.614158
                  22             17.8871              17.354            0.586127
                  23             19.1758             17.4332            0.565636
                  24             16.4153             17.3908            0.543214
                  25             14.9563             17.2934            0.530055
                  26             17.8266             17.3139            0.509673
                  27             20.0715             17.4161            0.500954
                  28             18.2322             17.4452            0.483611
                  29             21.7315              17.593            0.489485
                  30             19.9167             17.6705            0.479189
                  31             17.4147             17.6622            0.463547
                  32             17.6601             17.6622            0.448828
                  33             18.0396             17.6736            0.435165
                  34             12.3667             17.5175            0.450102
                  35             15.6594             17.4644            0.440265
                  36             20.2524             17.5419            0.434813
                  37             21.6904              17.654            0.437509
                  38             16.7131             17.6292             0.42656
                  39             16.1157             17.5904            0.417287
                  40             14.3489             17.5094            0.414716
