                   1            0.176742            0.176742                   0
                   2            0.167064            0.171903          0.00483925
                   3            0.169748            0.171185          0.00288475
                   4            0.173248              0.1717          0.00210402
                   5            0.168058            0.170972          0.00178518
                   6            0.171268            0.171021          0.00145842
                   7            0.168892            0.170717          0.00126956
                   8            0.171019            0.170755          0.00110012
                   9            0.171546            0.170843         0.000974197
                  10            0.171642            0.170923         0.000875006
                  11            0.171236            0.170951         0.000791986
                  12            0.169426            0.170824         0.000734068
                  13            0.168707            0.170661         0.000694612
                  14            0.167117            0.170408         0.000691114
                  15            0.174924            0.170709         0.000710348
                  16            0.174065            0.170919         0.000696784
                  17            0.170303            0.170883         0.000655518
                  18            0.171059            0.170892         0.000618106
                  19            0.169298            0.170809          0.00059066
                  20            0.171204            0.170828         0.000560698
                  21            0.170125            0.170795         0.000534381
                  22            0.169189            0.170722         0.000514713
                  23             0.16821            0.170613         0.000503806
                  24            0.173439             0.17073         0.000496527
                  25            0.169265            0.170672         0.000479845
                  26            0.171653             0.17071         0.000462561
                  27            0.169569            0.170667         0.000447101
                  28              0.1721            0.170718         0.000433865
                  29              0.1738            0.170825         0.000431911
                  30            0.168475            0.170746         0.000424555
                  31            0.169728            0.170714         0.000411942
                  32            0.171081            0.170725         0.000399027
                  33            0.163155            0.170496         0.000449654
                  34            0.167478            0.170407         0.000445166
                  35            0.166248            0.170288         0.000448297
                  36            0.172207            0.170341         0.000438914
                  37            0.171114            0.170362         0.000427397
                  38            0.167646            0.170291         0.000422092
                  39             0.16984            0.170279          0.00041129
                  40            0.171108              0.1703         0.000401411
                   1            0.169634            0.169634                   0
                   2            0.172476            0.171055          0.00142086
                   3              0.1678             0.16997          0.00136016
                   4            0.167703            0.169403          0.00111635
                   5            0.167674            0.169057         0.000931325
                   6            0.166935            0.168704          0.00083863
                   7            0.170114            0.168905         0.000736862
                   8            0.168485            0.168852           0.0006403
                   9            0.168043            0.168763         0.000571817
                  10            0.171226            0.169009         0.000567688
                  11            0.172745            0.169349          0.00061568
                  12            0.169409            0.169354         0.000562059
                  13            0.169474            0.169363         0.000517102
                  14            0.172582            0.169593         0.000531097
                  15            0.170442            0.169649         0.000497655
                  16              0.1726            0.169834         0.000500716
                  17            0.170566            0.169877         0.000472309
                  18            0.170664            0.169921         0.000447441
                  19             0.16876             0.16986         0.000427619
                  20             0.16948            0.169841         0.000406118
                  21            0.170157            0.169856         0.000386589
                  22            0.167376            0.169743         0.000385444
                  23             0.17041            0.169772         0.000369444
                  24            0.172609             0.16989         0.000372946
                  25            0.169464            0.169873         0.000358124
                  26            0.168425            0.169817          0.00034855
                  27            0.166185            0.169683         0.000361371
                  28             0.17192            0.169763         0.000357277
                  29            0.176927             0.17001          0.00042411
                  30            0.175258            0.170185         0.000445506
                  31            0.166922            0.170079         0.000443564
                  32            0.170837            0.170103          0.00043013
                  33            0.165268            0.169957         0.000441893
                  34            0.166529            0.169856          0.00044039
                  35            0.170158            0.169864         0.000427709
                  36            0.171657            0.169914          0.00041863
                  37            0.167377            0.169846         0.000412891
                  38            0.165316            0.169726         0.000419187
                  39            0.165083            0.169607         0.000425301
                  40            0.166404            0.169527         0.000422199
