                   1            0.193156            0.193156                   0
                   2              0.1936            0.193378            0.000222
                   3            0.157484            0.181413           0.0119654
                   4            0.233652            0.194473           0.0155608
                   5            0.165196            0.188618           0.0134004
                   6             0.21894            0.193671           0.0120521
                   7            0.171904            0.190562             0.01065
                   8            0.205944            0.192485          0.00942145
                   9            0.217128            0.195223          0.00874848
                  10            0.223988            0.198099          0.00833686
                  11            0.175536            0.196048          0.00781496
                  12            0.233128            0.199138           0.0077745
                  13            0.224488            0.201088          0.00741259
                  14             0.21692            0.202219          0.00695527
                  15            0.141372            0.198162          0.00764071
                  16            0.200076            0.198282          0.00714823
                  17            0.220864             0.19961          0.00684473
                  18            0.206008            0.199966          0.00646305
                  19            0.134632            0.196527          0.00701414
                  20            0.207536            0.197078          0.00667693
                  21            0.245496            0.199383          0.00675659
                  22            0.209912            0.199862          0.00645991
                  23            0.252572            0.202154          0.00658436
                  24            0.197428            0.201957          0.00630712
                  25            0.140648            0.199504          0.00652774
                  26            0.235516            0.200889          0.00642277
                  27            0.217512            0.201505           0.0062109
                  28            0.166944            0.200271          0.00611093
                  29             0.19798            0.200192          0.00589697
                  30            0.197884            0.200115          0.00569754
                  31            0.180452            0.199481          0.00554706
                  32            0.243248            0.200848          0.00554234
                  33             0.19358            0.200628          0.00537628
                  34            0.192544             0.20039          0.00522117
                  35            0.170488            0.199536          0.00514128
                  36            0.223996            0.200215          0.00504241
                  37            0.192008            0.199994          0.00490925
                  38              0.1875            0.199665          0.00478961
                  39              0.2153            0.200066          0.00468238
                  40            0.228916            0.200787          0.00462046
                   1            0.194112            0.194112                   0
                   2            0.194244            0.194178             6.6e-05
                   3            0.157716            0.182024           0.0121541
                   4            0.233168             0.19481           0.0154059
                   5            0.165256            0.188899            0.013317
                   6            0.218356            0.193809           0.0119303
                   7            0.171504            0.190622           0.0105744
                   8            0.206356            0.192589          0.00936652
                   9            0.217608            0.195369          0.00871571
                  10             0.22402            0.198234           0.0083054
                  11            0.175392            0.196157          0.00779423
                  12            0.232092            0.199152          0.00771961
                  13             0.22348            0.201023          0.00734346
                  14            0.216504            0.202129          0.00688805
                  15            0.141612            0.198095          0.00757603
                  16             0.19974            0.198197          0.00708747
                  17            0.220852             0.19953          0.00678959
                  18            0.206292            0.199906           0.0064123
                  19            0.136352            0.196561          0.00692661
                  20             0.20764            0.197115          0.00659447
                  21            0.247216            0.199501          0.00671099
                  22              0.2111            0.200028          0.00642036
                  23            0.253256            0.202342          0.00655686
                  24            0.198248            0.202172          0.00628003
                  25            0.140636             0.19971           0.0065071
                  26            0.235368            0.201082          0.00640048
                  27            0.218032            0.201709          0.00619078
                  28            0.167156            0.200475          0.00609188
                  29            0.199616            0.200446          0.00587814
                  30            0.197736            0.200355          0.00567954
                  31             0.18024            0.199706          0.00553147
                  32            0.243492            0.201075          0.00552784
                  33              0.1931            0.200833          0.00536316
                  34            0.193512            0.200618          0.00520748
                  35            0.171028            0.199772           0.0051267
                  36            0.224328            0.200454          0.00502873
                  37              0.1927            0.200245          0.00489542
                  38            0.187652            0.199913          0.00477636
                  39            0.214956            0.200299          0.00466824
                  40            0.228424            0.201002          0.00460404
