92.6283
102.957
101.972
107.523
101.598
92.482
105.432
96.018
102.303
86.7213
98.9774
96.6339
94.0334
106.708
99.6815
100.182
111.49
81.2614
102.892
98.2648
112.488
94.3941
94.1759
100.952
77.3953
99.4636
120.517
89.3765
109.785
90.2767
82.1078
96.7272
104.66
99.9261
96.0072
94.0593
101.83
92.3154
97.4598
107.298
101.712
100.53
111.509
102.37
100.383
117.195
92.9748
84.378
106.227
105.992
102.577
110.823
129.598
102.756
90.1648
92.1068
91.6509
100.588
108.307
104.784
121.714
87.1067
99.763
104.324
93.4886
99.6545
100.743
126.299
101.349
92.775
103.927
112.671
89.9668
103.103
110.523
84.5231
95.374
96.5753
101.981
89.4858
96.4163
101.08
100.047
87.3092
88.3152
81.8572
90.7649
112.789
80.1535
111.316
114.58
89.9263
101.706
107.727
106.753
80.4228
98.9408
112.178
83.6182
121.751
94.7199
91.8236
96.8344
83.9287
100.289
104.172
76.3004
120.369
84.5664
104.516
97.2519
101.363
78.0261
97.1626
108.435
103.008
106.26
119.754
104.803
98.62
98.0316
98.1645
82.8927
113.565
117.032
105.538
95.0595
94.7882
100.088
92.1076
96.4463
104.027
93.0952
95.4555
92.6485
99.5636
103.144
93.4078
130.754
108.309
124.612
106.794
103.012
88.4012
108.138
103.416
98.7544
96.995
109.325
108.145
105.482
92.6672
87.8948
82.5066
103.243
93.2801
108.307
87.6181
115.213
101.719
106.512
96.3188
87.7806
110.66
93.3152
110.57
99.4965
105.665
112.194
99.7622
111.97
118.371
96.6882
85.38
96.8388
111.626
95.1467
96.9342
88.4538
107.418
92.8746
97.7659
114.962
84.0864
103.403
104.389
106.142
99.6082
118.61
97.4365
109.932
107.628
107.604
107.985
106.862
110.325
116.138
97.5952
91.1692
109.211
111.858
115.506
98.6712
102.763
97.1963
113.737
114.999
94.0737
91.2313
107.648
95.4771
94.9473
96.9779
101.593
100.804
101.437
84.1097
77.9454
106.052
102.617
93.8113
103.188
90.6535
93.4875
101.139
92.9524
94.211
109.558
104.701
80.7389
106.058
107.049
111.106
105.42
90.9917
97.4565
98.0752
71.2486
84.1874
98.4694
113.887
95.7989
96.1448
103.84
103.263
98.2621
102.334
117.537
99.7827
86.4264
113.447
95.48
109.145
97.0092
94.243
106.767
113.732
96.9584
104.008
104.402
93.4974
89.3775
108.072
88.8897
85.7128
110.105
117.013
98.8254
94.2986
105.003
90.5229
88.9819
86.0019
89.8457
115.643
92.3688
100.056
99.0304
105.189
103.474
89.0483
89.1122
101.801
104.141
102.867
108.486
104.082
87.3941
111.441
95.9802
110.769
99.4535
105.059
92.1071
99.3212
81.8097
102.204
117.906
107.66
102.938
99.196
105.174
100.782
98.7448
96.0612
105.682
85.5443
99.6807
96.689
99.0451
101.391
96.1923
97.7819
120.176
77.6994
93.9088
94.39
108.976
103.736
93.9145
96.1985
106.296
100.549
94.8423
76.8206
91.7075
79.3628
108.349
116.515
115.976
115.779
81.8125
101.701
78.3599
108.643
102.239
84.9986
97.6133
88.6759
88.5446
86.2981
88.4352
100.606
98.4576
90.7686
108.483
112.991
92.201
102.669
89.719
91.008
84.0576
92.7517
90.6864
93.6042
111.627
110.641
95.047
103.815
102.991
107.929
103.494
103.069
104.153
105.87
120.904
93.1362
101.396
115.939
101.023
85.4961
90.1458
111.587
89.4947
103.445
102.643
89.2162
99.4648
107.254
100.44
99.4682
86.4955
104.753
98.4709
84.2951
80.4773
93.4501
98.8423
87.5256
100.216
113.669
101.239
107.803
105.947
104.534
105.05
100.93
97.532
89.6127
94.1228
95.0668
90.0149
92.8435
100.358
112.255
108.439
93.237
109.789
106.669
80.3492
87.7807
87.4096
95.8935
73.1341
92.213
89.5792
119.671
96.5549
118.126
81.2779
118.554
96.2232
97.2205
123.808
111.52
100.592
103.199
101.022
99.8525
121.549
92.326
99.7013
104.138
94.9725
94.8476
93.3066
99.0781
107.902
104.357
98.6828
99.5061
87.315
98.1663
116.715
98.2817
109.895
102.405
91.0286
97.85
104.988
99.1654
101.723
95.1575
97.6542
72.0043
90.319
91.5764
99.2404
114.417
97.6071
99.0512
103.788
97.7502
88.2927
114.124
106.7
111.158
112.366
118.799
95.2541
109.887
118.207
108.9
89.5849
99.1963
107.497
99.0903
83.7195
100.888
106.948
108.471
116.937
105.62
108.718
83.0226
102.843
108.818
106.477
77.2698
86.8575
100.315
107.226
88.8559
95.1813
108.113
113.293
105.958
106.185
89.2126
94.9732
82.1542
95.4403
96.6396
96.6655
102.972
94.1211
101.392
91.8177
122.542
91.9448
92.5485
86.7294
94.0154
107.05
94.6176
95.8319
85.9105
88.6169
102.027
98.2879
98.7183
102.891
99.0853
114.62
106.118
106.337
101.676
108.216
97.8116
96.6248
94.049
109.778
82.2331
110.432
107.905
109.004
105.825
96.5722
108.385
87.784
91.7416
115.852
95.2863
78.4421
108.868
93.735
81.8657
105.663
115.035
101.678
100.2
84.4619
98.1359
103.093
87.1977
109.428
113.856
98.7118
108.816
98.0491
116.379
108.485
115.646
96.474
88.9887
111.683
104.764
91.0179
80.0908
106.44
102.173
94.0542
105.868
101.277
93.773
99.1874
110.163
92.9835
83.4346
104.667
112.624
100.278
88.1136
97.9717
94.1162
96.7868
95.1885
101.568
102.228
93.6074
102.62
115.49
103.849
102.3
104.448
103.051
102.556
99.0837
104.052
91.1154
106.412
117.622
93.6057
103.087
100.178
112.302
109.121
103.019
100.781
112.076
104.752
96.3533
104.332
104.011
81.3802
86.8383
90.1682
93.3379
108.051
97.1229
109.185
105.401
104.653
114.763
96.9537
96.7099
110.904
93.0903
111.078
110.334
97.0478
93.5772
93.0611
100.445
100.617
117.026
111.722
103.091
99.4414
100.894
93.5638
99.201
97.4518
108.304
120.948
96.1934
89.1451
101.971
106.325
88.6921
102.109
93.5457
94.6435
106.112
104.811
125.061
124.163
89.2266
113.724
101.389
100.364
84.0134
106.107
91.7674
99.6465
94.6803
89.697
100.965
98.7404
93.8927
94.5917
86.1724
112.001
104.206
100.814
109.288
99.3803
98.0784
103.24
112.675
100.295
83.3587
100.83
98.5015
112.903
97.2617
98.0358
124.661
120.071
124.666
124.292
94.8738
87.9928
95.8499
119.964
103.705
91.7414
104.345
110.272
87.457
96.3442
105.603
102.638
78.2415
92.6991
102.115
93.2609
105.002
89.3589
99.85
92.3799
89.587
97.429
87.8562
114.603
89.3771
88.305
99.3709
105.217
106.537
112.95
100.883
102.617
103.262
91.0323
100.23
101.161
100.089
98.3275
80.5229
86.8237
90.2966
107.347
103.894
89.4675
95.4571
103.11
89.0115
102.712
90.4303
107.524
101.245
95.4845
100.116
117.387
114.039
110.183
94.7386
119.998
115.724
100.985
88.1597
109.399
95.4485
94.3243
127.561
111.972
95.928
111.633
97.1684
94.0726
95.5331
98.8703
98.4207
111.245
87.4115
108.648
97.1146
103.278
103.206
96.9924
76.9324
124.419
109.774
111.516
102.983
82.1167
117.449
115.141
84.5891
101.616
95.5277
122.874
103.325
94.8951
94.865
124.338
87.4611
102.508
103.38
103.047
109.898
122.319
109.625
110.686
98.6969
84.8685
91.0426
124.716
100.241
92.5936
101.609
111.915
99.3311
103.356
103.763
102.541
90.8986
97.0098
92.1193
108.338
95.074
112.468
96.0572
115.063
102.417
131.877
99.0139
116.201
102.404
104.604
101.806
99.0286
125.105
104.906
85.671
100.983
101.542
76.8537
85.9226
101.502
102.286
98.5556
115.039
98.5288
100.149
98.0515
118.66
88.4414
94.6383
103.259
110.369
102.844
106.711
92.7488
95.4065
121.811
87.2048
101.229
103.441
98.288
120.543
101.665
93.9621
100.705
104.698
96.3072
98.3114
100.901
91.2454
100.381
98.882
109.071
84.7607
114.701
97.9459
88.2393
108.294
114.615
96.1763
101.486
85.3642
92.7917
104.182
113.422
95.2154
104.903
107.92
111.94
97.7143
102.978
110.386
114.199
105.124
92.6624
101.257
128.171
107.583
112.694
102.532
96.9162
138.245
107.818
114.825
107.228
84.802
79.4519
113.173
88.8359
83.6313
99.1402
92.9866
96.0185
93.2823
104.531
91.8879
99.0507
95.9074
116.307
116.514
106.168
106.943
112.907
99.2959
104.636
100.789
102.795
100.946
94.335
121.332
98.0429
106.765
96.1592
107.523
93.6263
113.336
86.1255
101.766
92.6629
103.868
92.7602
109.374
99.0568
99.932
96.1785
89.9676
95.627
120.291
94.0781
84.3015
92.9254
90.2608
97.9601
89.1875
112.211
95.9504
80.0473
107.411
92.9521
97.437
104.156
91.1815
126.896
118.004
93.3296
99.274
102.602
107.587
92.5457
110.017
88.4374
96.4146
106.067
99.8545
96.8061
119.716
93.5812
101.286
95.2859
84.1748
101.999
116.656
95.9346
96.7431
103.91
86.4195
102.37
100.182
95.9707
93.7931
107.834
108.907
98.2832
112.176
88.3812
97.6126
108.217
91.59
108.263
117.974
120.586
104.16
87.4365
94.7002
98.1059
106.326
97.1534
110.344
82.0887
93.3678
85.5068
110.012
96.0049
94.9191
90.0797
88.2351
84.6061
101.435
113.114
95.4599
94.5615
95.5488
95.4282
114.065
101
85.6186
106.968
112.982
93.2529
94.759
96.3341
110.78
107.497
101.472
97.4362
105.742
93.0339
104.986
84.2199
100.396
110.813
85.5732
89.6288
113.754
109.572
91.9635
102.396
97.2855
81.2918
101.833
104.201
108.344
104.586
121.515
96.8671
100.192
95.5977
93.3544
102.307
85.8641
106.024
104.147
97.0788
107.103
94.362
93.3647
105.918
85.6443
110.908
114.355
99.6201
101.337
95.4927
98.5865
91.8809
92.19
104.951
95.6489
104.274
101.696
88.7223
77.8432
103.584
87.8582
115.014
102.793
94.284
95.9512
111.924
89.8291
103.289
109.751
77.1476
100.163
117.4
90.8045
100.765
111.883
98.6894
107.221
99.2024
111.415
95.0104
108.937
92.4197
83.8668
115.421
99.1892
94.255
109.082
93.4866
110.345
91.8756
81.2732
92.0492
87.4042
91.6589
107.527
92.3135
106.084
83.829
121.232
104.155
103.364
102.211
102.441
102.811
102.85
103.124
85.7989
98.4512
105.123
88.6245
113.271
108.294
103.274
86.6812
108.396
97.6
93.3534
97.5812
114.123
120.441
94.9531
107.259
106.2
88.3373
92.3672
104.338
115.727
97.7545
98.2333
107.201
92.205
92.1628
92.7109
85.7357
84.4795
101.189
102.424
106.092
94.6451
103.641
79.8497
101.131
104.096
122.21
100.086
103.443
107.184
107.178
103.96
83.6793
103.094
93.1575
102.982
95.8898
90.3914
102.906
93.885
97.7526
97.0847
112.641
111.815
90.861
96.9953
109.877
96.1411
105.248
103.834
90.5634
104.666
96.5271
114.567
98.5248
100.181
100.47
114.318
97.6571
98.4839
114.574
112.339
88.0439
109.073
107.423
96.3026
89.1406
100.893
97.1892
107.675
105.176
104.087
100.236
89.6582
101.72
110.16
93.9469
114.723
108.207
121.944
90.4014
84.1592
98.5171
92.6136
99.4816
117.511
106.304
103.1
98.2919
113.24
101.044
103.684
90.3481
91.2392
113.88
114.302
107.706
117.662
98.3421
101.991
101.516
115.771
115.652
102.83
110.338
110.202
99.0732
101.584
86.2518
104.405
85.2447
94.2242
98.7222
94.7931
103.366
88.5177
90.2047
106.162
112.989
96.0675
94.1365
92.2214
91.8918
113.206
104.121
113.713
100.292
105.424
107.617
112.589
73.1079
95.9425
87.4397
99.1405
107.734
103.037
101.099
92.2215
96.3936
106.162
110.96
102.985
101.076
106.649
93.515
91.7759
106.841
96.5797
110.913
96.5135
97.3031
97.0631
113.125
121.004
106.333
117.726
101.486
90.0943
102.378
103.124
88.3652
116.499
85.1948
96.2269
109.273
105.252
94.1417
105.908
103.187
115.572
101.764
99.4479
102.144
110.817
92.8001
104.337
101.953
103.437
102.781
92.3009
105.983
100.647
110.547
95.2489
121.827
93.4767
109.031
112.423
102.146
90.2978
102.232
105.083
96.8515
95.5589
107.617
95.5466
88.7981
84.5364
84.1927
100.951
93.8836
101.266
99.5651
118.76
97.448
113.222
95.349
102.401
99.292
94.5252
110.428
101.778
94.6499
95.5185
102.518
104.355
110.954
77.6947
109.2
92.5724
96.9946
100.23
99.758
95.7232
99.9347
99.2572
110.138
92.9675
89.7337
94.0015
82.3925
108.192
93.0641
105.185
90.0038
103.853
105.197
111.817
104.754
92.5273
106.669
110.936
104.581
85.9842
90.5934
100.862
99.3757
96.7596
92.0858
96.9532
104.456
101.376
88.1181
96.8056
109.118
98.9507
100.81
103.961
105.786
119.947
103.975
92.9567
93.7297
101.556
102.884
103.699
95.5581
113.814
117.285
83.1782
104.739
117.445
106.204
103.418
86.4118
92.2357
94.4571
82.69
90.124
94.2189
89.8698
113.21
108.995
108.156
94.3543
97.0838
93.3176
80.9727
105.899
91.4888
102.897
103.291
99.7533
93.7591
113.034
100.149
110.939
118.26
100.625
88.701
99.6862
83.1241
111.356
95.8709
107.245
90.468
83.8029
117.27
74.2158
86.1848
107.92
96.3371
111.131
104.415
92.0088
122.989
90.0698
101.062
81.403
116.329
101.074
86.5189
94.9154
109.736
96.1559
89.0746
98.5418
108.821
110.207
103.837
103.635
100.876
100.184
106.559
101.063
86.0901
98.1508
115.411
109.889
131.796
92.4204
88.2047
104.765
100.385
109.767
123.158
95.2755
103.095
104.334
96.878
118.223
102.069
89.8057
110.219
112.388
94.6904
91.7559
109.829
121.388
98.9873
78.5299
117.458
113.51
100.07
108.384
110.513
99.4458
90.9288
106.225
98.5417
92.7697
96.7893
92.5101
82.4075
99.1654
92.43
88.4993
95.0971
101.407
93.3457
102.069
117.298
96.7509
115.656
79.7255
115.325
101.705
88.2052
88.5209
107.305
93.8924
90.4948
91.4301
93.7596
103.43
115.302
99.8399
84.8885
103.232
95.2828
120.859
105.738
102.935
90.6165
95.0624
100.689
105.812
101.96
95.1593
95.9383
100.423
113.951
75.2865
92.3504
111.491
111.841
95.6472
97.4387
92.7888
95.3972
82.8744
99.3773
93.1478
104.195
83.7564
101.799
96.7403
88.8724
102.206
99.9656
92.901
90.5124
76.3053
100.423
86.5299
122.433
100.947
92.8687
98.8003
93.1549
102.957
96.1497
95.6447
105.829
110.437
91.6382
92.0122
98.2291
90.5742
99.6441
97.3595
102.56
89.8884
98.7662
97.4669
100.833
99.0619
106.545
92.5596
100.405
100.323
88.1198
101.299
89.2348
78.8917
99.0984
129.47
97.1209
92.5023
102.43
100.864
89.0651
92.2213
87.1356
100.025
86.2247
100.743
116.287
74.0297
90.2893
85.4205
97.6
98.7546
97.7991
115.183
107.348
87.5161
97.9364
95.3844
101.812
98.1183
101.726
100.007
84.1064
107.111
96.4312
106.708
102.018
87.6246
108.257
109.701
88.7556
102.026
106.612
91.3734
100.718
90.4072
110.276
92.004
90.0378
112.801
97.3665
109.555
90.0943
110.778
95.7115
113.863
105.094
103.442
102.838
107.163
104.567
109.143
93.3768
108.319
118.943
83.8933
90.3441
102.942
114.182
99.62
106.621
102.433
101.569
96.7164
91.5675
97.0868
82.0955
84.247
88.374
110.321
114.261
121.019
80.2074
87.3574
106.504
86.2433
84.2879
88.0176
97.0549
100.519
101.794
104.274
104.276
102.822
86.0654
91.6621
109.905
93.573
117.886
105.849
98.7881
98.3907
115.113
108.242
109.445
107.018
91.2042
91.6985
96.7798
91.7776
81.0339
95.9259
112.676
91.2047
94.7691
106.038
98.1677
85.6109
101.082
118.292
97.8114
75.1763
108.727
97.8979
92.6224
110.086
93.8475
105.871
100.926
91.2147
107.916
124.726
94.0806
89.3675
87.0135
107.533
86.0881
114.482
93.5611
112.004
83.0295
117.006
85.1844
93.3355
95.3113
127.161
105.054
93.5106
88.753
96.8653
103.078
87.1831
93.7961
97.4199
88.2892
97.4996
98.6871
98.1028
105.394
104.03
101.634
100.786
89.1123
83.9042
98.4188
99.4
100.351
90.5897
107.052
90.6079
86.4264
93.8695
99.3875
90.4648
102.795
100.863
97.7372
90.6921
113.199
96.972
93.2383
99.5528
92.3855
111.599
108.558
114.18
97.4464
101.412
104.198
98.7516
113.513
105.382
85.4189
102.05
102.093
104.877
109.055
118.284
89.4445
95.4201
104.728
99.5122
96.8819
99.7026
113.808
97.081
88.5227
89.5848
92.1843
94.1364
97.8402
87.6051
123.924
103.643
115.777
96.5632
113.42
89.2711
92.9399
90.488
115.632
113.227
96.1817
116.207
94.9761
108.082
112.185
88.6137
108.059
104.267
104.375
98.448
102.813
102.806
89.0321
90.9058
111.316
112.861
87.7256
90.0175
105.07
118.618
105.879
99.0339
107.5
96.6016
109.109
98.1395
101.534
93.0342
98.1705
115.534
93.9678
103.814
104.88
88.9543
108.788
96.1558
94.0713
94.1369
98.9816
93.0806
113.221
93.913
93.1296
106.705
104.213
98.9305
90.9743
102.141
98.8949
107.354
101.562
108.637
98.9888
101.934
104.548
82.3991
119.904
107.873
99.0798
99.6249
101.762
99.5769
99.3674
105.844
87.1212
109.322
95.3274
105.805
109.474
106.558
100.572
93.521
105.943
96.4375
116.712
114.269
101.863
93.3088
123.783
112.513
100.528
107.989
89.2126
118.03
115.947
85.2655
117.414
100.462
101.968
101.42
105.141
104.855
81.774
84.4404
104.537
97.7545
112.297
96.6692
94.4782
99.7057
113.856
99.048
102.423
98.9487
110.621
99.9987
104.405
119.988
106.235
108.255
102.725
99.2256
91.4084
99.5377
113.14
112.534
89.6572
102.677
104.027
115.961
104.059
98.077
92.4026
98.0218
95.3577
100.502
106.893
108.372
97.6873
86.896
122.517
90.1671
105.682
109.449
115.173
91.9521
110.094
94.0949
114.636
99.4548
104.234
88.5627
117.513
99.4153
100.218
88.3616
89.6306
98.3137
114.244
93.6465
97.2732
97.4731
110.103
89.6083
91.7478
96.206
97.7425
89.1099
101.008
81.6892
99.6481
111.725
103.744
104.71
84.8983
103.258
109.825
97.5815
97.6586
100.101
100.682
110.348
90.5586
84.1284
114.755
93.2304
98.6166
97.8158
94.944
89.1493
102.709
121.66
105.495
103.762
102.393
109.495
115.655
102.074
96.8576
108.76
88.4805
102.633
109.884
93.0077
91.2626
86.3488
98.5322
89.1842
94.1603
102.944
113.318
104.184
98.861
92.0583
101.141
107.249
104.73
91.2446
105.563
84.8735
104.09
98.7845
93.0466
94.8699
86.8332
93.8804
113.707
101.111
119.488
116.062
101.117
100.765
93.4923
88.678
94.6871
94.0885
97.0947
124.988
91.5983
107.26
90.2642
101.553
77.6896
99.0535
90.0424
105.402
81.8195
80.1088
104.011
91.2548
103.977
96.9763
97.2932
90.2089
97.922
99.2086
88.3398
97.0725
108.999
78.0038
82.6654
110.584
110.694
82.9373
96.3026
102.101
99.238
102.841
98.1783
95.6591
94.4273
114.384
92.9702
94.1857
80.0788
99.5631
102.427
103.603
90.174
91.1337
109.081
105.984
108.914
100.922
99.268
91.3795
106.121
78.0764
108.086
88.8113
101.56
82.2809
101.503
99.4684
102.529
94.7182
91.7969
116.875
101.647
79.0351
105.956
90.4906
92.6892
95.5106
104.172
92.1
113.203
94.3235
84.0426
100.577
91.2188
111.289
102.847
95.4226
90.2848
103.366
98.9565
102.319
109.448
102.426
93.9183
121.9
110.78
83.7194
90.014
100.179
96.5889
112.599
96.2529
96.7182
112.501
103.826
108.008
110.566
107.424
79.6812
98.294
107.543
81.8239
105.035
105.277
101.23
104.92
88.487
108.77
93.548
93.6964
92.7032
101.925
91.2535
89.2253
102.875
106.192
86.3307
93.534
89.4333
80.4411
88.0608
107.199
94.9298
101.88
104.464
107.364
92.9388
113.585
99.0211
90.8577
102.772
99.772
103.206
95.4463
98.4339
102.551
114.444
105.047
104.477
92.1036
112.287
95.0576
100.257
99.5836
83.8292
97.076
105.846
111.532
102.638
108.79
98.988
82.7989
99.6478
88.22
97.6464
99.6395
100.028
95.5226
121.299
104.71
95.7872
101.307
92.6599
81.2641
94.4505
105.733
95.8324
93.9255
93.571
92.9991
102.502
90.6599
106.198
91.1629
112.94
93.5708
98.7217
92.127
82.8594
110.332
88.8476
113.967
110.841
111.355
115.969
110.171
93.4208
96.0646
92.2229
98.2737
95.5528
109.315
114.14
94.7082
92.6968
89.2796
93.62
100.369
104.852
97.183
101.26
101.653
95.6322
105.997
95.1357
101.466
105.221
97.5466
113.63
93.2986
98.227
106.245
103.965
102.558
103.504
105.028
113.907
106.64
117.608
87.8972
114.869
101.949
97.8023
116.854
104.762
108.985
102.951
91.8539
108.651
96.9054
103.595
90.9482
94.6834
107.066
85.5761
108.642
88.1109
86.145
92.1697
95.3944
118.129
92.0346
93.1292
96.5199
95.9816
99.5357
113.525
94.609
87.0533
106.45
96.8599
93.6472
107.106
100.117
96.5498
99.3193
105.638
104.969
102.064
102.847
90.3868
102.881
101.608
105.768
95.6595
111.157
105.644
115.597
94.0442
95.5276
93.7484
119.286
114.838
106.794
80.7504
117.091
96.6322
95.4194
90.3308
97.4688
86.7617
99.6373
88.5308
102.165
101.565
95.2198
96.0845
86.2654
104.775
96.6824
112.599
103.726
103.908
91.9139
102.129
97.1968
108.825
96.0884
102.481
101.609
85.8873
108.154
91.034
104.297
84.5916
108.898
90.52
102.034
108.389
120.292
98.1735
94.0788
99.2499
92.4675
107.403
95.2413
89.5851
93.197
99.8569
115.621
113.318
114.823
105.583
114.743
118.728
102.438
100.019
83.5927
79.2197
101.884
91.3664
95.9221
106.34
88.9765
106.031
98.8543
92.9692
91.6082
106.778
102.438
106.035
106.162
100.241
106.49
95.3195
98.5654
87.1629
103.423
108.916
103.615
104.971
84.3389
100.29
101.085
115.785
100.262
98.8459
86.9598
94.2849
99.6914
117.798
119.815
106.689
114.66
87.6156
81.393
101.728
107.846
100.046
124.945
96.7221
97.3367
92.4613
92.7485
83.4026
106.89
99.3995
96.1962
100.183
95.264
109.562
100.948
113.558
82.5423
118.027
114.617
93.8662
105.091
100.249
97.6769
105.599
105.75
99.0726
111.667
89.1074
104.594
98.9295
106.367
92.195
84.7429
89.9153
111.023
81.585
116.58
99.4699
90.5763
112.979
101.688
95.5359
102.628
101.758
117.273
106.41
109.096
91.2286
97.8339
102.894
109.627
91.555
102.692
101.37
100.428
104.976
115.345
101.662
101.075
107.632
103.075
104.35
88.5378
100.355
106.373
103.521
114.054
104.739
106.194
112.025
75.7348
104.842
96.8823
97.1391
109.45
115.653
96.2562
106.187
101.056
100.157
101.87
91.7656
95.1689
100.831
92.2783
110.172
84.977
100.579
108.769
95.315
96.9427
113.684
105.241
95.5278
90.5144
105.948
93.053
103.344
115.035
108.967
111.2
90.4771
97.4193
87.8746
124.976
100.3
101.445
114.588
102.749
112.91
107.297
82.2186
82.3612
97.5493
100.11
102.361
123.583
107.588
96.4955
106.116
91.6126
95.6794
105.185
103.92
87.6911
102.52
115.576
95.0183
107.594
86.1835
98.4083
99.6934
88.7876
106.173
92.3917
104.378
95.2843
112.185
92.7707
89.7231
79.7031
116.252
94.3633
109.169
111.986
107.207
88.1478
96.3738
115.988
91.4459
99.8789
112.355
110.234
105.009
97.6715
103.306
100.613
95.0797
122.354
85.9615
87.0817
100.472
99.688
115.554
101.898
102.746
105.636
99.2904
101.664
112.485
109.609
123.08
87.7437
88.866
105.496
91.4383
105.758
68.5744
97.89
92.5541
88.2313
108.515
101.03
121.959
103.465
90.6379
88.2375
93.2264
100.03
108.383
94.8389
102.109
98.9951
96.3619
103.201
112.176
98.9486
104.061
88.7633
101.008
96.4119
85.293
91.215
110.878
97.0537
93.6837
100.694
94.0241
104.913
101.731
93.8599
86.0511
104.447
106.824
99.4568
72.1002
92.7335
94.4421
85.3929
87.026
116.737
109.158
103.539
105.526
126.251
90.8881
90.1395
94.9091
107.28
89.7631
95.6265
108.06
116.145
104.883
101.295
111.319
107.072
118.4
106.58
103.377
94.6101
114.151
103.729
104.028
116.936
106.05
91.5963
84.4204
105.174
103.58
80.1336
103.082
104.678
91.3582
93.0391
94.3458
101.219
115.603
99.554
98.2825
102.789
122.397
116.326
103.301
104.427
115.964
87.6386
88.1269
91.614
92.0484
89.4423
97.8145
91.6641
96.8024
105.517
107.391
114.419
107.663
99.5755
108.353
94.6019
88.1275
96.2983
117.504
80.0408
97.0823
92.8817
112.868
99.0418
109.433
104.228
104.386
93.4525
91.5878
93.0086
99.5808
95.4027
101.888
83.4845
95.5656
86.2217
91.132
86.0032
100.752
89.6401
97.5882
104.456
128.281
100.371
109.371
95.2525
106.672
108.539
100.963
97.5145
107.143
92.5025
112.362
109.319
95.8928
100.571
99.6995
104.391
93.4686
99.8267
98.6993
101.683
99.3297
90.6304
102.583
94.2094
124.411
94.7131
105.046
105.128
94.4949
95.4511
92.9387
89.816
84.5218
99.8086
108.804
100.438
110.53
87.8046
86.7989
100.515
84.7597
128.094
96.9715
116.23
97.2533
108.636
101.425
86.2011
110.503
110.745
106.903
86.526
79.9586
96.1324
88.606
102.077
115.413
97.6008
118.786
93.4525
95.3777
94.2103
96.6007
91.294
102.053
99.8493
104.15
103.81
91.7486
80.7686
90.83
106.706
109.85
90.2221
95.2558
117.752
100.324
96.7718
94.7455
94.7205
83.0185
103.169
94.7662
106.63
99.3837
112.991
93.7807
87.8823
97.1613
80.2997
96.418
102.074
125.006
88.9258
99.9966
97.1925
107.292
96.1581
118.156
82.8286
78.5283
99.2277
98.7912
104.626
105.341
92.7814
106.05
88.9917
114.695
100.981
83.6811
100.474
86.8369
93.7821
89.0617
107.938
93.5654
101.377
104.526
92.161
98.4738
102.357
90.276
94.4132
107.667
101.943
107.876
97.0291
105.066
103.514
90.8714
107.888
88.3867
96.5441
87.0518
102.484
80.6112
99.5504
88.5671
94.1444
89.1693
95.3229
90.8281
106.382
105.126
92.4817
93.5729
98.4676
81.0846
101.691
102.963
90.1807
95.9336
112.348
107.292
99.0717
88.1261
91.152
93.0699
86.6944
100.109
108.268
111.07
103.462
94.7668
120.274
96.7383
98.8812
89.6406
106.591
108.947
116.262
113.215
86.7612
89.4416
97.3761
109.865
96.9731
109.64
108.505
93.0441
101.366
89.5733
97.6198
102.727
91.8038
99.3141
100.391
105.237
98.2511
95.1534
110.621
88.3035
106.537
97.748
110.073
118.641
104.942
86.5358
100.605
86.7756
107.906
108.878
100.13
91.8377
103.614
90.1646
116.427
99.5606
111.453
93.0152
103.119
100.255
112.988
111.356
97.2701
101.566
101.778
96.6489
106.013
103.019
104.582
107.276
108.765
112.867
109
105.23
105.077
97.9373
119.038
98.6802
96.1355
103.433
97.5389
104.703
122.31
94.3551
111.598
104.559
91.311
93.5176
103.658
106.934
113.371
108.122
95.1466
83.3135
94.4777
92.8916
85.6624
95.6204
95.5618
93.4808
108.903
105.553
100.558
100.403
104.303
97.66
107.147
105.904
83.22
102.449
98.3288
84.7425
89.1245
103.904
91.6504
112.78
98.719
82.7812
88.221
93.5881
93.5508
110.44
90.6771
107.053
111.059
106.872
94.5578
100.186
105.572
107.474
94.3532
105.031
89.246
98.3807
93.8184
88.9552
108.27
109.631
91.8907
99.1446
112.609
90.6702
96.7007
110.892
108.157
118.38
103.497
110.942
103.543
93.0589
104.734
113.63
105.106
100.19
120.614
109.056
113.945
92.2276
93.1016
97.8433
104.311
132.717
101.404
95.012
102.621
89.0939
108.163
89.7605
108.57
92.7884
110.571
112.583
102.636
109.088
110.793
82.828
112.753
121.959
108.217
85.0358
126.706
96.2065
84.1625
121.755
115.266
105.54
96.6792
96.3085
84.1682
110.095
106.269
107.838
107.065
101.271
98.9744
111.609
85.6268
109.156
99.1733
100.012
100.302
97.1038
86.5502
103.044
115.892
111.182
97.0346
89.993
100.375
111.072
104.703
89.9325
100.277
89.4524
80.0631
110.284
77.4851
91.8837
92.3129
109.705
101.21
103.531
103.888
91.6386
104.211
95.1233
103.706
92.2431
99.8971
87.0755
111.627
98.9593
89.47
107.123
90.3741
105.957
85.223
95.5531
104.451
100.355
105.33
94.5294
110.548
97.619
95.0337
101.577
86.9291
116.297
96.9548
101.189
114.62
127.356
99.4147
98.2085
96.6796
85.8864
101.953
104.66
91.6142
99.3049
87.5634
129.501
114.797
72.6222
115.414
82.2146
114.008
90.3164
116.424
88.7897
96.0473
113.907
107.484
117.852
89.0237
109.449
96.7596
84.809
99.3525
100.3
106.166
107.148
96.6438
112.517
102.147
96.4473
107.737
106.931
81.4346
104.135
88.9201
109.35
97.4481
91.6619
110.084
113.783
89.9302
95.1038
108.013
94.9508
110.018
115.303
97.4217
97.9814
105.033
98.0453
94.7786
107.835
85.8629
95.1887
118.706
110.809
103.727
101.747
109.766
101.073
109.501
107.579
97.7711
110.427
100.692
105.323
97.6756
94.7288
115.696
89.8435
115.439
105.094
94.8975
97.5126
90.9369
102.984
103.243
107.084
103.056
88.937
109.808
87.3748
112.92
97.598
96.4596
107.434
93.9036
87.6929
92.5147
100.473
95.7685
116.664
113.632
108.913
92.3801
122.072
108.188
103.962
81.5016
77.6103
86.1129
93.7453
98.2042
114.92
98.0203
101.257
114.828
113.13
96.2332
98.6901
90.348
113.852
100.135
84.0772
108.38
116.79
99.0095
101.613
99.5584
89.5066
102.465
85.3304
91.3737
92.3579
84.621
97.0292
85.6351
105.994
108.498
116.555
113.543
95.1887
94.6105
91.5627
106.95
86.8441
98.4922
102.083
79.8623
83.8918
95.2708
107.217
97.4367
107.93
103.974
88.6631
102.24
124.066
81.4168
101.47
92.2452
85.7636
95.2042
95.8862
99.7844
112.588
108.96
94.9901
100.582
97.4615
92.7878
114.56
100.756
96.9539
93.3478
104.934
106.076
99.0869
100.171
106.884
91.5916
96.1418
94.7502
87.9682
95.8917
92.494
97.4876
102.344
109.838
93.1397
95.8491
88.3572
99.9794
92.3814
95.7012
121.467
116.991
109.055
103.296
121.365
88.8527
88.4601
101.632
89.7802
86.0602
108.248
83.7101
94.2199
101.738
105.835
107.091
94.3793
119.384
88.5424
97.4333
92.9198
110.503
106.893
116.161
97.7702
100.831
88.0122
96.4769
99.348
91.1636
109.756
96.7855
86.99
110.698
105.128
95.145
102.786
103.332
82.5355
112.534
88.3666
92.274
93.4657
105.267
116.409
103.584
104.217
100.887
126.249
105.37
89.9237
85.2497
104.845
110.848
91.3902
106.153
91.2495
110.253
93.301
112.387
101.261
90.0227
90.5234
91.2256
93.7877
88.4572
96.5982
106.854
91.9102
75.4786
108.626
97.1074
108.083
105.46
82.7683
90.3528
107.856
120.563
88.7051
114.725
100.682
112.202
103.914
93.3168
98.9406
96.8945
113.67
91.659
95.9668
95.6239
99.7303
99.0729
88.0932
92.0697
103.467
99.0729
98.2504
98.7325
94.4047
115.119
126.802
101.573
100.905
98.7408
83.4037
80.7074
96.3441
104.493
116.855
85.9064
89.0793
102.793
93.8633
108.77
110.817
118.218
99.5439
102.772
105.411
121.526
101.835
96.7626
84.7734
94.9308
95.8272
98.0334
98.8075
98.1958
109.026
102.456
97.01
105.734
126.932
109.244
101.695
85.2926
89.443
85.276
90.2058
112.694
95.8436
107.142
104.225
109.596
94.8097
98.6426
97.0338
106.687
99.9664
83.0991
107.532
97.9813
104.03
101.216
94.0606
92.9845
108.424
115.982
93.6584
111.83
98.166
103.005
89.2877
84.4002
87.6678
102.108
116.141
85.872
104.432
101.476
91.6558
107.662
98.0619
96.5111
119.426
96.5851
115.413
92.2664
97.9721
84.705
95.5405
107.607
97.369
111.397
78.4355
95.6336
98.0892
78.8695
96.3069
110.214
114.236
91.0821
111.208
105.813
83.962
100.322
108.684
93.399
85.6542
101.359
67.6384
108.122
107.538
100.324
86.5517
100.69
92.3167
96.1709
84.6691
110.882
96.0756
89.4478
97.9783
89.6019
101.201
101.269
90.0393
105.818
96.4269
100.348
106.825
116.204
97.2959
75.8627
78.9272
94.8214
106.133
91.541
93.785
95.0962
84.6964
117.556
98.9646
98.9107
117.219
97.0511
91.9513
99.9048
96.2261
89.9301
105.552
99.68
92.7949
105.854
106.098
103.132
115.817
112.982
112.24
93.7627
112.967
81.5455
96.6744
113.02
95.6854
88.1535
100.941
102.011
99.6235
110.62
88.8615
77.7856
106.99
104.978
101.537
94.0985
97.8858
109.053
89.2561
100.694
109.96
86.9816
104.089
100.899
100.67
94.9661
96.3771
103.016
110.56
92.1337
91.6051
100.627
90.4421
101.847
90.0975
96.6169
100.948
98.9247
80.9366
99.0936
112.432
114.316
98.38
110.524
104.868
94.624
102.573
91.0936
89.3437
93.5632
98.7378
93.098
105.13
93.4944
101.654
108.866
102.555
108.422
92.564
95.1533
89.1098
104.682
101.699
102.39
84.6084
82.1568
101.801
95.8194
93.3823
94.8584
99.6398
119.254
110.911
114.713
98.4406
87.2386
95.9663
102.72
86.9682
95.2828
111.311
89.1508
93.5845
96.2399
111.859
92.0314
100.39
115.135
81.4604
107.124
88.1904
110.957
87.6222
91.1123
108.36
100.651
117.162
92.0597
91.3347
89.3785
120.242
107.493
91.9141
102.546
95.8174
103.077
106.677
107.609
96.1744
100.412
112.974
91.5647
89.709
86.9924
98.2893
87.6797
102.91
86.6603
97.672
127.105
95.7065
102.202
107.233
123.37
100.809
70.6929
89.4063
91.7243
104.46
90.017
108.592
106.191
99.7663
105.292
92.7293
109.34
93.1284
94.2832
103.593
103.527
93.3074
109.067
126.634
101.745
97.8653
83.1169
110.848
111.919
87.2998
87.7246
110.785
96.9328
97.0919
104.786
105.912
110.963
98.8618
85.8909
111.752
112.535
75.6922
99.1739
94.383
111.746
94.2401
95.5946
77.8157
105.278
110.975
115.054
99.3211
111.122
98.0161
99.5215
98.7257
90.1435
99.7072
107.568
122.986
100.437
102.103
101.993
94.2773
117.846
122.411
99.6566
101.514
95.3091
122.564
90.4666
105.918
99.5637
110.682
103.233
111.164
102.934
99.6645
95.8731
99.929
107.357
93.2211
94.0905
102.14
86.1515
103.025
122.349
113.321
112.176
91.4106
80.0464
110.312
93.5222
110.807
109.05
96.37
103.782
93.6661
102.637
106.441
116.044
90.9966
85.8294
107.784
102.425
119.48
109.366
101.634
96.7069
94.7626
93.3562
101.497
93.3413
113.719
98.3411
95.3974
93.5496
106.498
88.8562
103.899
103.531
99.6454
100.384
120.699
101.032
105.448
99.2577
88.6745
126.152
89.1593
89.8568
115.321
99.2161
93.0421
103.569
110.413
119.438
98.7561
92.4894
91.9591
101.999
112.642
90.0565
98.4096
98.6037
111.004
113.174
103.459
84.6283
92.6021
110.587
96.0027
91.4413
120.592
84.2024
90.8165
99.1109
103.627
92.6209
111.595
98.5774
91.9941
111.055
83.0453
92.2122
106.253
91.1919
94.8392
92.8116
88.5404
79.6125
112.097
109.321
97.7779
116.865
109.196
104.585
100.206
87.1193
99.5727
88.8839
123.061
111.57
90.2347
95.4109
101.168
103.247
85.9764
85.224
82.7934
89.3607
86.3929
102.246
94.1766
108.373
85.5174
101.593
100.1
117.588
102.1
91.3198
107.895
87.5044
87.0912
90.7836
95.1418
82.2922
109.532
86.0085
105.947
114.349
93.3437
112.894
105.481
86.9321
98.0485
85.1223
103.548
113.897
94.4322
100.825
83.279
90.4291
101.519
98.3256
119.85
98.0413
97.3419
108.897
103.052
122.201
99.5908
114.305
98.0643
91.7715
94.2175
100.49
108.7
119.527
110.41
106.94
98.6378
104.464
105.639
83.3929
122.705
92.9635
102.345
95.0771
94.4692
104.759
78.2132
92.2805
88.6832
102.906
124.384
117.959
102.982
124.101
90.1155
89.9794
86.0144
85.5039
98.4475
94.7705
96.4415
96.8734
97.0397
94.5896
115.773
99.081
107.635
88.6458
104.371
97.4396
103.913
103.443
95.8617
121.799
114.908
92.1296
92.3856
102.308
108.831
97.8187
108.598
108.837
100.422
101.502
105.651
116.687
108.641
99.3427
104.829
88.8004
111.465
87.24
91.3022
95.6512
92.1406
91.7291
108.377
108.604
91.4827
109.168
111.025
96.4712
108.988
101.191
102.783
111.917
93.5491
128.233
79.4245
94.9227
103.613
99.6869
95.3184
106.327
100.833
100.967
120.712
87.1586
84.2426
120.98
100.618
83.4581
101.874
120.209
130.803
107.758
116.145
100.109
98.7673
118.624
100.736
82.4735
99.011
101.02
91.8115
105.543
90.3418
114.868
102.55
96.1982
98.5213
96.7986
104.057
94.0037
112.529
111.675
85.2433
95.6155
108.278
106.001
122.79
109.076
84.7751
103.51
105.665
100.889
78.1375
97.11
100.861
90.9743
94.5718
105.12
96.2777
93.307
95.4875
95.4058
91.1507
88.3636
91.5183
95.5382
121.626
98.51
85.0088
86.541
102.743
105.436
97.7426
90.9305
100.115
96.5509
98.9519
86.835
101.614
105.513
99.4632
111.26
125.176
92.6235
96.5777
99.3693
101.95
97.4135
101.652
100.272
101.153
100.631
89.6294
99.3377
101.519
103.192
89.7955
85.078
124.925
99.6208
101.146
101.903
101.553
100.39
103.992
107.526
107.211
96.8826
95.1693
103.868
94.348
106.753
95.589
95.906
85.3586
104.748
94.641
111.745
95.1531
92.5158
106.368
76.5994
103.622
92.7859
87.5888
110.215
103.122
115.722
87.4964
98.304
100.027
96.2106
103.873
105.178
119.696
94.2967
88.4805
98.8965
95.2043
100.649
118.217
97.1589
93.9938
97.193
86.8964
94.3183
88.025
94.2528
118.712
107.356
120.498
92.7401
103.564
103.163
105.093
106.356
89.4928
98.3498
80.1259
86.3925
91.2227
116.137
99.6613
114.226
87.5561
103.333
84.9767
102.387
96.4482
100.613
97.1521
107.724
98.1375
86.9111
111.386
99.2513
94.4912
104.297
89.6348
88.4387
111.503
108.518
94.1043
91.9648
109.549
97.762
101.462
96.0331
98.232
119.987
107.332
95.7416
107.19
79.8831
95.8954
93.9552
113.24
104.744
101.128
109.193
93.107
109.247
92.177
92.4424
107.282
87.5428
99.2278
85.7002
101.149
99.7682
109.51
119.577
102.787
87.7766
103.458
93.6561
98.1632
105.264
123.251
90.4683
95.5602
106.574
93.5823
97.9451
112.099
97.1335
89.3007
97.0721
88.3688
102.851
98.9407
91.9006
85.5419
101.42
101.403
93.5346
96.1359
90.9967
100.212
108
94.9544
95.0428
100.204
105.738
81.9455
95.361
96.745
98.7793
85.4669
101.329
89.3849
102.697
119.067
99.4992
103.039
101.349
98.6861
84.2615
99.2759
95.7407
115.65
97.0179
116.893
105.805
106.3
97.9632
94.5756
101.983
94.3488
114.537
84.399
86.9709
121.442
88.0162
86.2939
90.0887
90.5234
92.1442
112.29
83.8352
106.929
103.108
91.5723
118.278
92.2859
90.895
98.1281
109.725
93.0478
91.473
97.9238
81.9419
120.583
82.8659
92.3793
111.55
95.9463
94.3231
102.931
105.817
98.2898
100.44
89.2606
87.3525
107.81
92.0412
91.0223
78.7588
101.495
104.945
98.5715
112.993
114.214
101.192
103.103
121.359
92.606
110.365
108.274
110.152
118.758
97.1965
92.7101
96.1646
86.7503
113.921
108.897
96.6265
106.471
80.5661
96.5892
120.448
105.215
91.6698
94.6246
115.564
106.581
103.852
109.684
98.7616
98.5473
101.775
82.7297
117.991
87.5305
115.865
102.234
109.863
92.9731
85.5694
102.556
109.876
101.957
111.56
101.61
92.6403
115.306
117.545
103.829
93.7163
108.827
83.0984
113.681
90.3606
92.5635
111.468
106.409
104.309
121.293
127.576
93.3789
100.788
102.859
90.9859
80.4146
92.1826
128.415
111.863
100.469
98.4969
92.349
115.803
85.2936
103.827
98.5996
94.0641
101.108
85.6038
105.088
100.136
97.2302
99.4831
99.12
107.721
103.867
114.733
85.3688
95.4751
106.33
104.222
103.161
94.5451
89.5781
102.354
102.215
119.553
109.485
120.783
98.6994
100.195
83.9438
91.8785
112.221
97.1894
99.6505
120.883
104.933
90.3509
108.423
103.22
88.824
97.8656
104.93
93.9992
114.425
119.661
105.085
87.3484
113.987
85.8756
109.358
109.845
116.535
88.7853
97.272
90.5144
102.562
93.3653
126.751
107.532
108.506
102.641
109.232
106.125
90.228
104.831
95.6384
105.732
95.9562
83.8422
83.6739
93.4132
78.2069
91.8279
99.9152
126.09
103.945
99.6979
99.6364
102.069
103.147
109.203
98.0536
108.273
105.028
101.677
102.57
109.715
97.4624
111.199
96.926
101.238
112.414
94.0238
111.186
95.8248
122.44
100.438
84.4566
91.9622
92.6844
114.372
100.719
103.071
95.1256
108.549
88.367
113.877
99.5041
106.456
81.3045
108.344
104.4
114.142
79.2044
108.257
102.92
106.612
90.319
109.081
89.5765
101.408
112.645
95.2208
101.959
110.323
113.63
82.2914
87.765
75.2107
95.7077
104.109
102.608
105.138
90.9736
101.622
107.917
92.8406
107.734
86.9338
98.446
86.5366
113.979
107.381
99.1402
112.029
106.768
91.9253
121.363
92.1948
104.713
100.45
101.214
86.794
94.5522
91.0101
88.0948
94.1526
101.121
115.082
95.0421
100.599
101.809
127.298
120.55
94.0618
95.6798
112.062
107.108
96.4873
106.204
93.0815
97.7013
116.968
94.6026
95.9931
107.622
100.524
95.4673
94.0392
86.3543
96.1382
103.336
89.5077
98.3596
98.9026
103.825
102.976
89.7191
114.92
94.8194
97.0726
86.8753
108.271
100.296
109.62
100.802
106.582
107.392
87.7431
110.833
97.162
125.35
88.0461
95.9615
95.203
101.657
89.5793
87.1953
90.0943
99.1668
93.7579
100.075
113.07
103.666
95.9786
96.7553
100.972
107.849
89.7574
98.9504
97.2663
106.446
108.911
87.251
96.087
127.975
111.036
101.736
98.1619
112.764
98.3606
93.3086
110.134
86.6951
117.679
85.9744
100.307
115.953
104.407
119.903
91.8572
96.992
102.902
118.331
105.381
90.8841
106.329
91.775
88.8237
93.4077
101.294
95.2724
94.5717
106.128
101.866
97.8926
99.0003
79.3728
99.1867
106.487
115.334
90.6166
92.0698
114.97
111.81
102.54
105.299
103.188
95.7975
92.8155
109.551
102.529
102.903
106.834
98.0006
84.9891
102.697
105.987
102.034
110.891
90.1799
85.5222
112.004
106.517
92.1212
97.3715
109.456
95.9038
107.489
106.821
75.0979
100.586
95.6923
97.381
102.639
102.575
121.716
86.6187
95.2463
90.8454
94.615
100.471
90.6578
106.78
99.07
106.093
108.304
84.8354
97.6562
103.5
95.9881
77.5404
100.159
89.365
83.7218
88.8161
103.404
84.8289
108.711
121.067
98.2599
106.957
103.501
95.3751
102.824
103.186
115.358
100.81
99.5445
117.456
110.799
74.4432
88.8723
80.1114
92.7029
88.6441
95.075
110.123
103.97
98.447
83.6502
103.382
94.1578
107.429
83.8269
104.256
93.0012
114.687
86.5642
95.7564
84.8009
105.504
98.5456
94.9253
96.3545
96.461
109.642
123.837
92.933
104.423
87.1851
90.2493
104.885
85.751
104.758
127.332
101.735
94.3533
106.357
94.4302
99.6497
103.33
109.325
98.8585
96.6148
105.964
91.5723
115.181
91.3616
86.5086
108.229
87.1162
106.477
82.6626
99.4207
106.389
103.818
97.1628
102.317
86.9655
86.6867
103.847
110.428
94.4399
80.5702
104.823
88.4037
107.196
93.7349
87.8336
111.457
85.0031
96.2243
86.5629
99.0949
99.8969
114.18
88.3994
113.927
92.7203
86.1097
107.661
111.563
86.2187
104.46
98.7139
130.588
105.371
111.202
107.292
100.624
96.6433
92.5121
97.9815
98.3595
107.813
103.236
114.957
102.844
105.358
99.5365
116.796
85.7485
120.116
100.674
100.324
103.946
110.949
102.848
116.693
92.1091
103.792
94.1427
90.1763
98.7367
120.744
87.707
87.7936
86.8896
105.184
96.7294
110.809
98.5704
89.6457
108.594
89.394
90.9622
95.1583
106.413
98.2119
92.5905
81.6131
92.0353
87.6241
82.5889
107.014
108.388
81.6445
98.6785
91.8443
119.326
90.6047
102.427
99.6844
96.3944
87.6108
86.0426
84.9835
109.253
110.343
97.3516
109.439
80.972
106.533
92.7475
105.406
101.604
102.542
100.665
93.6669
98.5499
100.433
92.988
108.629
102.245
106.236
110.654
88.6271
96.1386
100.687
94.7783
87.0521
98.1468
103.369
98.0795
103.723
91.9038
105.703
96.3345
97.1915
91.2931
96.0422
112.108
104.43
126.495
87.8813
103.209
94.7695
109.26
89.7814
95.3293
104.85
83.2425
97.3602
89.1698
91.8296
89.5407
93.3963
104.136
105.801
108.251
90.6062
113.41
106.316
97.7898
91.8556
111.337
97.8793
106.443
93.6768
105.109
101.959
90.6466
90.6779
105.247
104.4
115.704
107.133
108.163
106.465
80.4208
108.695
128.506
86.3753
80.2995
95.9375
97.2595
93.1988
94.4519
101.232
84.5999
110.461
99.4341
82.4148
110.334
99.8693
102.278
109.74
115.848
107.108
106.528
97.1631
101.926
91.4391
112.697
97.5724
90.2839
84.1446
80.9503
106.755
94.5035
94.1288
93.3911
82.1177
93.9332
83.6185
99.489
88.2179
114.594
103.148
105.495
113.514
93.2899
97.0752
102.427
118.978
95.7978
110.491
90.1716
106.102
103.539
90.2528
104.611
104.557
108.096
80.2207
96.2598
112.129
95.7843
93.396
110.561
89.4788
85.2472
95.7381
99.6733
108.509
99.6951
100.494
105.331
94.7035
86.8131
93.8273
87.5863
112.918
96.0595
106.313
109.994
105.812
89.704
95.3865
93.7681
108.443
96.6264
97.827
104.294
97.2479
109.833
87.5927
112.66
93.3802
94.4741
116.697
122.799
100.528
94.6714
116.626
109.655
76.5886
95.5377
103.973
94.3822
105.331
110.079
116.608
103.168
83.551
87.6291
104.157
91.28
109.007
102.666
100.524
100.201
104.556
98.741
105.585
101.755
121.177
97.8073
99.0945
101.168
108.089
111.954
127.163
103.877
99.4055
95.9947
100.833
87.1451
109.272
112.772
101.798
105.801
114.624
97.0369
92.2553
93.9418
112.022
94.466
103.81
93.0241
90.0829
106.358
107.676
94.729
91.2796
96.7547
96.6536
97.336
108.412
84.0783
97.8962
101.568
96.5934
81.3496
101.67
86.8903
98.9798
104.918
96.5985
95.8435
105.673
94.8929
91.8443
98.602
107.529
96.6393
112.028
96.1507
97.4432
126.533
92.864
99.2462
115.146
94.039
99.4226
95.1644
100.298
95.919
94.6978
105.161
91.856
78.3574
95.0957
92.5548
109.735
107.487
86.4175
121.986
104.023
96.3436
116.531
107.423
94.07
103.007
100.847
116.654
90.7796
85.2783
93.7262
102.477
80.0237
98.4319
100.542
108.411
93.6934
96.0752
116.851
95.8127
95.7115
108.319
91.1168
105.664
92.379
99.9541
92.37
107.021
112.495
100.491
95.1543
85.4822
103.225
107.119
90.8559
104.75
107.792
99.9315
72.6049
114.026
108.611
87.6709
93.6157
99.893
94.2662
97.11
95.6154
95.6632
85.2299
105.676
88.4142
106.628
101.028
97.0163
92.5423
113.576
101.766
92.5891
110.245
104.691
88.6814
90.9021
93.2703
91.0143
101.069
104.495
114.856
96.5012
116.854
93.8889
108.819
94.2308
109.128
105.226
92.7997
111.736
94.3246
101.407
86.8512
111.993
106.22
104.475
100.59
96.1607
99.0038
100.586
103.112
84.0315
84.7466
121.448
127.342
98.7984
89.438
83.9443
103.027
97.403
94.1946
93.2201
89.0589
96.3795
102.337
101.109
118.052
117.398
102.377
90.8495
105.631
102.703
85.0233
101.609
90.6258
92.4393
79.3483
97.2961
91.6875
109.489
88.0516
108.959
108.759
112.842
93.547
107.338
97.1481
86.0321
95.7983
95.6207
86.6465
87.9272
92.5519
113.403
136.268
101.011
90.5693
99.8638
112.251
103.142
94.5777
94.429
111.184
115.103
111.418
108.674
94.293
95.2682
109.616
83.292
109.711
106.07
101.635
106.582
121.358
104.911
96.2922
93.4776
111.029
117.553
95.167
86.9903
93.3971
118.04
116.858
85.0808
89.1272
91.755
88.8403
84.7796
105.206
98.1731
100.777
102.948
101.343
94.1069
113.098
100.962
94.0374
97.2947
97.0141
96.6361
96.9053
85.3854
102.372
105.327
109.636
90.7054
104.693
97.3232
99.5413
105.311
92.3555
104.674
105.36
83.9491
98.7436
107.069
101.471
96.5877
101.698
95.5896
121.112
95.8818
98.7749
108.481
95.8935
84.1763
100.346
104.148
98.4206
98.2724
102.818
87.7775
100.749
99.6997
101.608
107.11
94.4343
119.904
120.006
96.3906
93.093
103.415
91.4532
103.053
81.4054
100.382
95.0017
94.9258
108.197
116.996
95.0886
98.0191
82.0623
100.254
91.2563
100.55
113.095
82.6855
116.108
91.1945
95.1843
97.4067
97.3773
100.423
90.1441
91.258
90.898
105.333
97.4641
96.5666
100.895
94.9771
106.402
101.546
96.7596
112.828
94.2524
111.433
92.5708
96.5715
102.941
83.1948
92.4247
92.484
107.353
105.937
84.1733
103.019
103.317
119.333
96.5418
109.843
98.5803
91.8462
97.4003
87.8225
91.5161
94.1329
99.2502
105.111
108.646
104.365
93.8853
88.9909
114.63
90.6686
110.875
110.677
86.8488
104.745
104.289
95.6123
103.733
105.309
109.741
103.827
110.147
100.647
92.4996
97.8862
103.244
101.812
100.381
87.4135
100.656
106.74
96.9599
97.6389
101.1
86.9059
94.4977
98.7809
103.863
136.677
116.743
123.984
107.917
118.589
94.3457
72.157
103.224
116.672
109.737
98.134
94.3696
97.124
95.4494
95.8408
92.3657
101.617
93.6893
90.0095
125.647
104.608
104.628
107.064
91.8114
120.855
107.023
97.6892
103.999
100.657
106.73
103.646
93.9247
84.1777
99.2686
103.655
85.5057
105.311
80.9338
113.898
98.9629
109.022
86.0785
85.7914
98.9834
79.6512
103.344
117.08
106.124
108.648
98.5967
99.7372
111.462
92.4039
92.6043
85.3061
105.704
96.401
102.586
100.707
94.6285
97.5579
96.8849
105.65
100.597
111.481
111.772
107.136
92.4549
127.803
99.1499
106.053
80.3228
100.871
84.5885
107.758
98.1554
87.2562
103.038
107.561
99.7066
104.683
114.321
96.2372
107.375
88.6944
106.758
108.78
95.6111
81.3931
102.016
91.4545
102.458
92.1178
102.611
101.376
99.6878
102.914
75.1935
103.338
80.1554
90.8107
101.902
96.9747
90.9198
89.8157
82.5766
85.2405
107.928
77.9546
94.2897
100.103
97.0864
107.703
105.928
86.0644
110.163
99.2038
87.0367
93.453
99.1376
105.241
96.9468
108.484
99.4361
96.2835
112.748
84.1784
97.2557
94.7781
110.224
122.163
117.655
89.5265
96.9562
93.6998
114.169
85.9805
90.9264
103.445
95.1945
111.744
103.598
107.412
107.279
112.489
99.7134
102.036
90.3635
103.466
94.0577
102.361
84.9151
96.0925
102.539
109.73
96.1629
105.049
90.8243
96.9077
94.3293
87.8854
89.8584
98.7194
98.2532
104.511
102.131
90.8928
113.594
82.3689
86.6439
88.5063
97.1442
108.258
99.4656
103.844
120.584
86.4728
106.758
106.579
96.5898
105.663
100.916
106.704
99.4404
111.024
97.7882
93.6097
108.641
104.981
108.176
102.425
100.846
115.821
104.468
113.553
91.6483
101.912
93.5521
104.143
90.8076
96.9601
96.6396
92.1346
96.4229
97.8145
106.409
93.7091
90.2742
110.269
111.527
91.764
108.732
86.7356
91.1809
88.418
99.6033
110.032
84.9496
96.4311
88.1457
90.2149
117.158
99.2414
95.1991
106.832
115.699
123.953
102.302
92.7489
97.2202
83.4065
77.9337
103.614
78.6422
109.921
88.0835
107.571
103.534
105.078
109.306
108.533
93.4984
107.113
109.5
106.077
106.959
98.086
111.492
102.444
113.34
87.125
94.7677
99.5584
94.8893
101.726
100.098
89.4061
87.7543
102.233
99.8935
94.6433
116.567
100.653
91.454
92.3145
94.1643
84.5815
113.112
107.688
85.615
87.8898
100.788
107.577
94.0658
96.1033
99.8225
105.317
103.759
96.2937
89.8875
94.5812
110.903
103.942
91.114
124.032
91.2795
108.306
114.403
96.6514
84.7888
108.372
101.929
96.7375
108.726
98.1853
122.877
84.7695
105.624
92.616
97.1676
105.737
104.276
106.447
90.8934
115.855
109.508
91.8897
90.3862
104.285
102.595
97.7045
102.153
104.639
96.9441
104.851
114.631
91.404
115.475
93.2715
108.943
92.8013
108.254
83.05
93.7329
91.4822
129.454
92.6334
103.013
84.3374
94.5464
101.488
87.8774
90.3181
113.508
88.5843
88.9871
105.34
97.1278
91.0161
104.641
103.262
80.0641
100.694
90.3855
100.13
123.41
100.713
86.5962
103.578
97.2881
104.634
96.8072
100.772
95.914
109.128
91.2057
116.735
91.2916
94.3438
114.215
115.268
89.0587
97.5671
82.5
96.1537
104.697
94.0539
108.358
97.3318
102.115
99.3595
95.4401
105.327
100.604
130.862
87.3013
100.715
104.31
107.216
122.671
96.7167
99.6923
96.9649
99.9813
95.4944
97.364
97.9571
97.7751
97.702
96.8691
108.935
101.596
118.941
112.184
111.934
87.1352
104.752
102.595
105.393
98.0695
86.8904
88.3073
88.3616
93.32
107.058
107.362
108.766
116.936
106.431
93.767
109.214
81.3364
100.841
91.9763
113.597
108.717
100.944
105.959
105.434
112.516
104.97
122.578
91.1965
104.225
122.959
78.926
106.544
95.1003
101.583
100.062
86.3338
88.5636
94.3803
89.831
92.0926
98.0298
96.8343
99.8362
95.3746
88.6666
116.871
93.3005
96.9919
108.08
111.295
94.0014
101.419
107.261
106.753
81.5872
107.64
119.579
92.3174
89.3653
110.11
124.628
101.418
100.582
109.412
109.455
94.7553
108.207
79.304
118.56
92.2172
127.361
90.892
99.7615
95.7672
92.7105
103.395
85.678
111.28
118.168
101.688
88.3931
111.816
99.3717
103.8
104.98
112.116
99.9989
108.61
101.737
110.093
98.0258
118.001
101.143
94.8348
104.513
104.69
93.8802
107.544
101.654
114.088
88.6463
101.012
96.3784
101.634
108.277
91.4581
95.7164
97.5221
102.908
100.551
97.0918
96.8362
102.079
96.4912
69.7551
83.7158
91.2912
91.8263
91.6967
98.489
79.8417
101.809
90.383
95.4253
95.8918
118.018
84.7184
86.4206
106.943
82.0062
84.2344
122.215
92.9821
106.73
88.2483
100.139
101.018
101.53
99.4371
109.999
97.9208
90.907
79.0181
95.076
80.0491
111.248
96.9383
105.682
100.36
88.1092
97.52
97.8997
93.4092
89.3352
89.0907
91.2266
115.164
108.71
91.6926
96.7296
97.464
114.211
99.5894
90.2347
84.3804
104.248
107.703
92.1837
97.6709
116.993
107.095
107.933
110.145
91.5854
121.642
86.3862
88.664
97.8197
86.4317
88.4771
111.3
109.161
111.228
92.8391
99.0137
99.9906
103.927
102.837
100.617
86.9823
95.044
102.169
78.3741
117.016
103.751
82.8542
104.84
79.9742
118.409
104.391
101.713
83.0924
97.367
107.499
101.82
107.871
101.6
119.116
102.182
91.7357
94.5604
108.881
108.955
121.315
104.311
102.121
93.4076
122.449
101.374
108.816
89.9473
100.088
98.256
94.8925
111.205
103.557
96.9646
109.954
89.1633
96.1535
95.7178
89.6413
106.507
79.8425
97.2753
99.8764
85.8212
105.225
101.048
85.6533
97.484
100.274
98.1418
116.268
93.8591
97.9855
99.5533
95.7418
88.9387
106.404
110.624
120.144
98.9677
103.205
86.2634
117.417
94.0607
106.408
114.134
105.943
75.7239
86.0317
86.4034
112.744
89.4127
91.0515
103.423
106.635
91.3406
108.488
111.755
96.7423
98.4473
119.076
101.625
113.605
89.0179
85.4744
108.078
114.816
96.0357
99.6254
90.0724
104.724
85.5448
109.58
96.0514
95.1153
112.397
98.1209
115.043
85.6155
115.357
90.5874
97.7892
86.0576
97.1035
96.1926
106.627
98.6343
87.043
105.202
96.264
97.6167
98.6857
82.1314
102.251
106.891
107.104
105.571
105.927
93.1984
92.1282
95.905
94.0057
82.1409
96.2012
112.817
97.2699
105.54
118.368
110.864
106.286
115.052
82.5805
97.0716
95.3015
93.6416
122.348
110.414
82.4281
111.822
111.797
102.786
94.5172
76.918
95.4475
104.303
102.465
104.393
88.2868
96.9479
99.4751
105.183
101.08
91.989
101.298
100.992
107.011
104.664
111.762
114.679
101.067
93.3516
111.85
89.1848
84.6984
92.8869
105.898
114.394
94.6041
88.758
103.389
83.9821
108.558
115.25
93.8046
88.7319
81.4436
93.4678
100.275
102.731
108.03
116.504
107.027
87.1333
104.767
101.587
90.9912
82.6667
115.651
96.4997
100.521
96.7733
90.3866
103.49
103.816
104.689
95.5203
103.076
92.2357
99.5697
101.223
109.778
100.152
102.549
76.8805
105.349
100.084
89.4594
115.363
87.8266
104.959
107.39
95.6059
90.8528
90.816
101.048
106.675
111.27
107.035
94.4869
114.089
105.066
90.386
100.634
90.6558
88.398
95.4348
102.864
97.7039
86.2691
101.183
92.8774
105.235
104.536
104.788
97.1316
100.726
96.6055
100.265
117.1
93.663
100.897
103.307
106.882
102.35
96.5331
99.1343
103.592
100.397
94.1281
85.7705
108.733
98.0726
99.759
90.0356
103.892
97.8412
117.147
86.3866
112.906
100.972
110.984
114.347
76.5587
115.426
118.86
98.6919
97.9486
83.4711
114.767
121.145
105.733
105.967
111.998
93.2019
99.9002
94.3943
113.538
96.2381
105.138
108.946
104.451
114.151
110.65
113.142
90.8993
89.8767
102.224
107.281
107.462
95.3875
121.814
94.7815
93.7362
102.511
99.9485
83.6717
99.1824
94.1954
96.7957
97.7368
102.376
99.308
95.2635
100.569
130.93
96.0767
103.469
90.7121
86.8031
111.623
93.1219
88.1848
100.275
100.769
110.371
99.3605
101.464
96.1804
112.114
87.6622
100.798
98.7118
83.9344
111.869
91.5255
97.3359
112.447
99.9526
101.755
83.8097
90.5183
93.6048
101.015
87.612
111.307
110.304
85.6715
95.948
104.52
97.6144
113.538
87.7491
106.871
104.258
88.2668
83.338
86.44
105.428
104.852
93.2288
104.858
101.398
102.24
98.5157
93.0718
100.466
99.1565
106.687
96.9302
98.3776
90.573
95.1059
102.051
114.061
86.894
104.992
96.3277
97.1504
110.844
82.3746
105.648
100.881
105.965
94.7163
110.347
99.0238
97.9612
98.7576
96.9189
92.9343
122.151
95.3509
85.9971
107.564
111.194
77.9539
98.4263
89.2245
99.6375
107.017
104.074
104.99
90.8981
102.183
94.584
94.5233
108.128
83.6478
100.3
102.758
105.849
101.624
100.035
110.193
111.986
81.8864
94.4037
113.03
103.433
102.565
91.8304
92.6331
107.797
100.31
110.466
97.5753
95.0497
94.2793
86.1159
101.208
99.719
103.29
110.838
106.472
100.318
117.008
94.3438
102.808
93.4668
102.461
91.5642
120.245
99.5824
105.281
117.372
83.5494
99.7229
95.9676
114.325
98.0102
96.7562
101.034
93.6973
93.7456
114.628
87.3548
87.2575
82.6239
125.559
101.267
103.097
107.624
100.765
89.9171
110.814
112.334
94.5667
95.3742
92.021
107.97
101.297
103.727
81.9049
88.4931
89.8541
113.143
102.5
104.904
87.2725
105.43
105.097
100.091
101.244
89.0509
93.8844
101.983
80.8249
107.395
96.739
106.12
104.754
98.7222
95.1886
92.2679
93.7041
108.353
86.5997
111.167
99.1768
114.748
86.085
91.9789
98.5941
92.0132
93.4199
112.626
101.179
101.009
91.3722
100.266
95.6734
89.2589
94.1144
84.8006
97.5105
113.551
93.7242
108.37
96.4844
112.455
80.4304
99.7089
87.0288
100.003
86.4482
98.6475
100.261
104.003
116.937
94.3527
87.6218
106.684
109.898
95.2489
116.42
82.4249
100.733
110.899
85.3956
95.1178
109.505
104.118
86.8326
95.3056
98.6325
86.4729
89.4191
113.016
89.7903
97.4528
89.4241
94.3236
109.37
112.389
112.487
92.6014
75.4704
112.38
93.5345
91.7261
85.5218
98.062
97.0635
92.6009
97.6461
96.606
109.282
93.5665
87.2969
120.688
108.175
90.5508
123.012
97.5959
108.959
98.0933
107.463
92.0778
98.6707
88.2201
114.091
106.977
94.63
88.6853
103.702
102.955
115.305
88.648
108.976
108.368
90.8028
94.1887
103.306
103.105
95.984
89.886
103.995
111.854
121.45
106.3
101.55
101.397
105.893
92.2147
121.906
97.5797
104.686
116.517
97.2304
89.6038
88.7712
102.746
93.1991
100.776
103.154
110.799
109.449
109.997
99.2691
104.793
99.7478
99.5228
95.4072
105.006
103.625
75.921
91.636
104.598
104.203
95.1851
106.215
108.149
112.392
100.157
80.4915
96.5137
97.6463
120.237
98.0149
99.2608
87.1964
100.432
95.6716
103.633
115.058
99.5857
97.0335
98.2008
108.765
79.86
90.1845
92.0967
82.5368
99.1987
104.75
97.7778
108.293
116.736
97.233
119.908
97.1473
112.357
102.731
100.543
123.938
98.5775
111.772
94.7024
96.9188
90.0567
125.381
88.1754
87.1073
89.8009
97.6951
115.415
95.0374
93.5714
95.7533
94.8402
116.568
88.8131
125.853
117.315
93.4117
98.0627
101.283
119.699
97.1913
108.704
106.026
110.085
121.659
87.1188
128.588
99.4416
104.57
97.8054
118.897
90.1401
103.483
111.69
115.178
94.0826
102.907
96.9732
99.9636
93.491
104.216
86.4489
121.607
91.8151
91.9112
96.0903
94.0322
100.684
112.753
89.2881
101.513
100.742
99.3759
92.1877
121.065
111.694
89.4978
91.1098
92.3894
98.5942
95.6372
106.326
98.1309
106.593
95.8674
109.295
96.1178
107.961
89.8382
107.198
106.876
107.983
89.6493
106.729
102.434
92.4995
101.731
94.7926
108.676
100.848
110.24
83.6235
98.253
99.3487
105.473
90.0824
108.112
87.8372
98.0901
89.5449
85.3194
94.5102
123.229
107.55
99.0681
101.642
110.979
122.645
121.913
105.042
113.251
102.645
107.327
100.226
115.683
106.216
117.978
104.753
110.365
121.791
88.5828
117.56
92.2116
105.066
117.375
94.108
99.8441
108.895
98.8202
97.7184
87.6922
117.291
98.9995
102.495
117.434
97.4244
110.222
124.936
92.3872
85.7438
88.716
106.637
86.8772
89.7137
106.733
107.353
107.627
97.0093
94.1929
78.8884
86.6634
125.799
102.396
107.97
101.581
101.728
112.941
105.805
99.2899
87.459
104.71
103.335
77.3889
104.018
110.638
97.648
92.7364
98.6839
91.4356
108.812
98.9845
102.414
86.9733
99.9965
93.8076
95.8104
96.5009
98.7081
84.3654
84.7924
76.3355
91.3943
77.4374
102.386
81.6343
100.715
110.822
89.9955
99.941
107.365
97.7792
114.722
87.5925
113.629
104.426
97.7986
92.2524
103.256
108.513
92.2088
119.083
100.663
117.537
102.372
106.338
90.6764
104.2
89.646
100.754
102.754
96.1534
110.857
99.4475
102.814
89.6104
112.469
106.786
90.3197
99.863
102.503
100.92
95.7553
99.6494
90.7379
100.863
88.7587
103.801
92.9269
109.688
102.687
97.9584
119.989
115.324
122.702
88.3507
94.8367
98.2118
125.093
94.5383
103.193
98.7745
99.3861
81.1359
99.6248
95.5686
103.111
104.135
106.777
107.808
113.197
120.371
105.439
118.345
101.078
93.5372
91.6902
83.2526
102.708
108.854
115.041
83.5497
99.9315
98.863
101.478
93.3646
93.3062
109.239
97.2381
114.073
89.2344
105.535
104.989
85.6355
106.74
101.345
98.8109
109.403
105.39
100.219
111.15
109.413
91.6043
78.6832
86.8456
93.3964
70.0247
100.515
97.3509
79.4849
110.849
81.6261
95.9577
107.128
89.7193
118.085
102.075
92.4658
88.7288
112.637
116.568
105.21
101.307
96.8355
112.07
84.1005
102.605
121.194
95.2394
82.6545
96.8206
95.8628
105.695
82.2455
117.464
101.795
93.7111
92.9861
101.695
110.001
92.9769
118.136
104.016
84.9125
93.4099
98.689
109.246
86.0104
92.3098
126.545
98.773
98.6209
121.935
80.0615
90.4944
92.1013
85.9253
91.473
103.169
96.5384
90.4781
101.56
112.5
102.318
105.259
98.5748
100.676
118.684
99.4061
100.001
132.556
109.263
103.164
97.7353
117.208
100.178
103.722
108.737
87.6479
104.207
90.7103
108.65
100.236
107.067
100.564
89.2039
106.056
88.3674
94.7007
93.2316
92.5946
85.886
100.134
95.8215
101.261
101.065
110.838
104.477
103.507
88.9178
106.166
94.086
98.5127
103.372
111.276
98.2842
99.0779
100.092
123.198
114.464
94.1392
83.5284
111.364
120.932
100.637
98.0817
106.507
111.16
123.227
113.099
107.972
84.0643
103.793
89.2418
98.7759
96.0459
106.455
124.024
102.398
99.615
106.694
92.7674
101.304
125.617
97.4715
115.961
94.1122
97.2619
100.89
122.451
103.633
95.7307
106.672
113.533
111.334
87.0012
107.831
110.056
107.884
86.1912
94.1784
80.6059
96.4501
94.8478
90.1644
112.472
102.258
108.421
93.5947
95.044
78.1648
110.156
107.556
93.1257
84.9777
109.63
108.759
98.7968
122.306
95.2626
114.899
93.5818
87.4187
85.011
89.1006
89.0828
123.885
126.69
98.8984
84.5396
92.3339
97.6099
106.934
117.071
92.0246
106.445
106.632
104.266
107.966
87.3553
107.07
98.8218
95.7767
95.0174
88.2162
104.299
109.424
95.5351
93.2949
109.273
90.4938
99.5894
112.557
102.188
119.443
95.8494
96.4021
75.3142
104.304
90.0955
86.0615
100.953
100.415
103.76
102.26
89.9599
123.907
93.5607
116.595
93.1147
99.3595
90.7449
98.5196
94.8896
98.3599
78.8733
97.2279
97.4848
99.8673
96.2609
96.3238
92.7368
103.507
104.778
101.062
100.326
97.3278
102.301
109.614
99.8437
103.755
96.6193
98.3533
96.5104
85.8586
90.7852
95.2952
98.1412
108.069
110.275
86.8298
99.3972
107.521
104.687
89.5698
120.722
100.088
92.317
89.9344
116.741
101.642
115.011
106.985
87.5474
114.67
98.3489
103.067
100.527
85.5696
98.6602
98.0727
101.945
116.418
99.7156
99.6512
95.1591
100.108
94.9725
102.082
100.782
90.7326
97.4037
97.4048
91.9592
100.113
98.5079
82.9242
95.7836
100.477
95.2257
109.185
119.34
99.9672
86.975
100.346
84.11
122.138
103.2
113.697
101.258
103.855
109.903
92.1476
93.6313
94.262
125.719
115.562
112.434
99.5047
97.7952
80.2795
95.6347
96.1795
98.886
102.547
83.308
101.544
90.2451
93.6478
101.091
90.9572
102.387
91.2537
108.257
92.0743
103.761
90.1438
110.527
106.266
107.315
111.723
109.87
100.118
97.5787
105.911
95.0757
76.2702
97.7437
91.9214
85.2352
103.862
82.0971
115.046
106.532
81.7464
92.7168
114.982
101.142
102.178
95.96
97.7372
104.556
114.323
78.6853
98.2455
87.9963
98.729
88.8577
99.4971
88.9055
113.441
105.275
92.5253
94.9152
93.3611
97.8684
95.626
104.971
89.7523
93.7051
102.455
96.3352
79.428
98.6026
86.6318
100.597
97.4526
103.965
93.8282
117.942
97.1033
98.1444
98.6888
85.58
98.5649
93.5118
88.4507
113.288
99.3511
83.9736
86.8308
94.9005
88.7668
94.2675
100.061
100.578
115.994
101.349
98.6325
104.267
92.2916
89.3136
115.294
97.6002
103.623
111.371
109.479
93.6479
84.4691
103.072
102.558
107.87
99.1596
111.83
88.5336
89.5734
111.902
91.5691
86.0194
92.3002
94.4285
94.4296
96.1028
113.119
96.3662
107.931
93.3497
94.4841
92.0653
87.5625
102.989
93.4
86.6264
93.6386
105.948
97.9424
113.122
93.2701
97.593
93.2885
81.6265
88.7103
109.037
87.6773
105.91
100.02
90.0492
95.7264
92.3708
97.4903
98.2774
137.461
107.723
122.854
99.98
81.279
91.5681
112.739
106.436
113.177
114.592
97.523
109.139
104.921
96.0025
97.7413
90.5462
115.446
89.2578
99.2347
109.024
104.053
97.9806
101.253
96.5749
97.3283
90.7599
89.3058
96.4023
100.317
87.6874
88.0817
96.1994
101.962
102.023
89.2537
83.0145
120.347
88.7403
107.922
99.9525
108.458
98.902
85.3709
100.734
121.71
88.2896
107.293
105.481
103.146
104.188
96.7596
124.168
95.9222
108.18
88.1003
110.338
84.6031
91.7572
99.5397
92.7834
112.972
112.289
81.7229
85.874
93.9955
105.514
102.524
86.8866
104.388
86.2355
103.451
87.4866
89.0375
114.062
96.6109
92.7034
103.293
98.932
119.088
105.597
101.037
94.7757
91.4144
92.8213
101.768
92.3718
112.028
114.538
85.33
101.138
93.8575
109.151
93.3747
98.2378
106.381
115.887
101.43
122.637
103.134
92.1261
91.2408
108.98
115.309
97.8607
95.1608
99.8951
102.964
101.463
93.9592
93.9015
89.4186
109.52
109.449
117.249
101.607
112.582
116.884
107.61
102.527
82.0307
103.97
87.7497
95.4655
95.8965
103.941
99.8679
90.3472
92.4795
108.166
99.1864
95.7353
82.7627
92.9967
80.7361
90.7008
90.4459
99.9755
85.5218
93.348
89.6563
95.903
112.149
96.6971
102.828
93.6774
87.0331
91.6744
114.349
96.0223
86.7544
97.6588
101.778
100.736
119.961
99.7745
98.8171
107.481
98.0191
95.844
100.138
117.365
99.7652
93.6315
106.474
89.4051
102.333
83.6492
104.386
108.261
95.3665
98.9807
103.396
101.827
100.156
94.8612
90.7236
94.0297
101.608
114.467
95.6484
85.2418
110.276
98.1462
100.083
105.039
100.474
111.348
81.0611
97.5935
101.708
100.311
103.085
111.707
112.948
113.69
91.1439
108.272
83.8882
96.5928
87.3244
104.041
116.745
110.043
89.0477
98.713
107.75
108.663
108.978
92.8918
99.5977
98.9665
108.257
101
98.7054
99.8102
93.1673
85.2736
105.761
107.511
113.351
107.876
103.165
99.1554
83.739
90.0095
102.704
111.735
103.137
109.832
109.985
113.341
121.304
96.3411
103.941
99.8814
109.371
100.525
92.3145
90.6721
113.001
91.1875
92.3254
88.9806
93.2644
107.813
97.5114
101.555
88.5795
104.821
87.7562
91.2941
111.165
98.0683
100.37
87.9622
78.9895
102.387
118.04
92.6274
101.531
115.086
102.9
93.4665
105.702
113.562
108.585
108.279
102.169
97.5609
111.559
100.798
90.0773
78.0904
106.894
102.63
82.2035
102.716
82.9237
93.4841
82.6842
103.73
93.7633
112.056
94.6089
119.537
84.3661
87.1463
87.9748
126.656
92.8225
111.886
100.954
124.779
101.648
87.5165
105.068
109.415
83.807
104.532
98.9632
89.6931
78.4623
96.2673
88.1563
108.063
100.303
108.765
114.392
104.116
108.422
96.1327
123.34
96.9812
96.9657
87.0156
90.3263
93.5176
92.909
96.4771
82.4205
102.861
105.309
88.0149
99.3829
110.619
97.5827
86.5724
100.695
95.745
106.742
95.4322
99.3284
113.977
113.33
91.8885
116.257
99.7878
98.7503
95.5602
88.7011
89.3064
105.996
85.9521
105.566
99.1312
89.5519
115.675
94.2963
85.6982
90.9009
91.7636
101.635
90.7546
98.8707
104.432
97.0005
89.8503
111.281
93.5835
108.823
99.6409
124.984
100.419
90.9408
93.5391
107.377
101.738
117.537
97.2781
94.9229
111.372
108.885
75.9514
85.9731
85.6674
100.239
112.056
85.0095
115.822
108.714
106.036
108.691
91.3411
94.9427
110.334
107.27
91.8859
104.281
100.977
103.215
102.803
97.6762
86.9732
94.5018
112.681
99.0373
94.9682
87.7814
101.005
113.856
93.9477
108.66
104.508
79.2223
112.223
115.429
96.8909
104.448
106.842
82.9488
109.088
88.8552
101.296
94.1647
99.4323
93.3507
85.0622
98.1539
82.1436
106.559
87.6382
97.3925
90.9115
123.463
105.898
96.4834
90.4121
102.325
106.943
87.9907
100.773
111.348
103.852
106.643
92.8888
89.0518
95.3394
110.099
108.896
97.5003
90.1685
98.1885
109.933
87.4655
91.6545
101.503
96.1958
96.3782
112.698
97.2118
107.87
95.7449
111.87
104.884
89.1603
112.481
105.453
87.9033
97.0649
97.1802
113.932
118.935
103.075
86.4264
117.663
109.79
98.9754
112.91
95.6189
93.1521
105.001
91.5109
101.43
85.2574
97.615
90.653
112.474
103.971
108.031
92.6962
101.797
91.5928
117.875
115.542
115.284
104.51
117.883
109.127
81.7613
121.159
116.309
97.5157
98.3594
114.605
96.7034
97.3303
106.406
113.368
108.548
104.285
98.5515
111.333
106.121
84.9792
94.9044
109.444
89.9037
104.356
100.703
118.988
84.8232
114.841
101.929
80.4347
86.9531
96.8182
86.1895
83.7362
83.6068
104.717
108.035
99.0802
90.6844
96.0959
100.108
109.466
121.959
100.006
98.9614
125.119
106.103
102.537
106.751
91.941
108.818
92.6312
105.027
103.779
104.427
91.2536
119.556
107.743
92.2042
86.4339
104.587
102.176
89.9435
104.412
89.8145
98.9006
87.7404
90.2319
122.163
111.499
100.841
106.519
102.539
127.134
103.228
84.3235
113.545
94.2968
104.906
108.349
104.497
81.5457
101.921
104.745
103.332
95.2967
98.47
111.497
101.958
111.771
125.351
81.4302
89.2225
105.97
101.107
80.0101
100.781
113.167
97.4207
86.9402
114.072
92.8467
93.6126
85.6717
83.2361
98.0203
97.9437
104.041
97.036
105.694
92.6905
104.762
101.847
106.278
111.28
87.9644
96.0622
93.9514
86.5204
100.064
108.192
107.118
101.283
104.076
90.5133
101.159
107.315
125.591
100.607
83.3233
87.1773
89.7979
90.0525
98.5543
110.784
122.244
98.2893
98.5291
118.452
105.05
105.312
112.073
100.924
96.0456
101.259
112.971
97.2717
99.0864
109.817
88.0951
99.0068
103.061
116.525
102.344
96.9605
108.726
100.015
103.2
88.2389
108.495
99.2386
88.2184
110.779
88.7165
99.7789
98.3821
92.8569
100.731
100.176
94.7522
91.9078
81.9027
98.9464
95.4671
113.881
96.0336
88.2128
97.9751
100.165
102.424
97.0478
93.8567
116.42
108.593
92.8408
95.7698
100.642
93.9332
82.1062
110.51
107.291
102.871
94.5417
103.832
93.7927
110.685
107.461
98.5534
100.769
100.994
112.092
97.083
103.509
115.257
120.65
105.076
94.2174
97.2514
90.5757
91.6127
109.231
98.5785
99.4252
113.776
105.609
99.0479
110.304
96.8951
112.985
102.162
100.3
102.535
105.284
104.074
98.7657
117.736
113.302
95.7628
87.3392
92.328
103.057
102.041
81.6262
102.564
93.5391
85.6761
94.6011
124.948
110.773
91.8031
94.9496
114.188
99.9019
106.919
89.6029
114.156
89.9551
105.011
98.0942
76.1535
94.9654
101.615
117.597
92.742
112.049
100.622
96.4571
127.754
88.0055
96.4344
87.1796
98.7112
91.6595
87.4385
101.493
98.841
101.354
84.0186
115.552
95.4938
101.535
119.525
89.8317
106.305
81.084
105.115
104.384
100.945
108.628
123.228
113.907
94.3209
114.599
99.1608
99.7164
102.837
87.0686
91.5353
115.005
93.5679
111.409
103.925
94.2876
88.5004
105.04
104.627
99.036
88.7177
88.1733
82.5803
97.6218
79.803
96.5568
108.981
99.1688
112.194
100.675
98.6876
97.0322
103.277
100.107
96.6889
104.963
90.7636
102.203
112.11
94.9503
107.644
89.809
106.252
110.685
94.2068
88.6986
93.1854
98.0428
103.035
90.9763
97.8289
100.177
98.2139
96.7367
96.6394
90.7189
96.4159
117.268
86.8242
83.6867
101.272
119.839
94.5998
105.889
103.495
96.5399
111.817
95.3353
90.8435
99.3209
97.4739
107.144
108.491
94.1562
113.388
99.8519
95.4707
106.22
102.458
87.517
115.505
114.146
104.203
99.6121
89.3072
87.5246
90.0575
95.7008
114.025
97.9348
98.8628
92.0055
101.074
85.1428
109.371
108.203
96.98
100.701
113.895
92.6273
112.72
90.4675
99.277
81.3383
100.033
87.9403
117.895
98.2826
99.3703
106.49
100.966
92.8347
92.4151
95.7287
103.091
92.0676
85.9442
106.175
91.3709
100.474
104.198
115.516
91.4491
94.6073
102.569
115.942
100.473
90.5207
91.4764
106.755
92.3751
100.655
89.1857
102.665
93.1945
95.7654
104.28
86.4777
115.681
101.957
102.072
104.395
98.1959
87.8301
113.287
97.8693
94.8069
91.8931
97.7296
103.261
107.644
87.4234
100.637
96.873
90.4587
97.7107
100.821
101.477
120.22
97.9889
96.9242
87.3097
86.8978
94.387
100.979
99.181
101.118
89.4233
110.248
105.561
90.453
91.8437
100.859
91.0476
95.8193
87.177
98.6348
99.5689
106.637
98.2914
98.9884
110.943
85.3711
74.2609
90.486
92.0431
107.603
87.1416
101.969
106.56
95.0715
88.3368
88.6939
90.9119
101.743
101.902
108.448
95.7645
99.4353
76.3477
108.222
84.3114
117.653
97.4381
106.662
91.402
114.286
107.717
95.8053
86.6573
111.458
88.3579
104.658
83.8365
108.502
90.6911
101.94
107.026
106.85
101.176
103.106
106.47
99.5389
99.4609
105.6
99.1839
106.617
107.834
114.517
99.5503
96.3875
87.2083
87.1708
92.9098
91.3419
91.7917
97.7964
104.049
107.297
91.8031
83.5602
111.274
111.761
105.723
93.9721
91.7955
100.48
102.88
88.13
91.9927
85.9274
130.213
105.006
101.784
94.8897
96.3077
102.85
111.57
103.269
96.5996
115.111
104.124
85.0459
101.358
103.921
95.4537
107.366
124.498
95.6044
105.3
119.427
113.825
95.9058
97.6139
98.8141
91.5145
98.7114
96.7834
98.7237
82.8028
88.4135
88.7443
97.0334
94.3947
93.7554
96.0123
97.0966
93.2562
99.8708
100.814
92.2909
89.0357
96.298
95.7292
118.334
101.584
96.0293
93.0869
82.8374
86.8611
110.97
105.225
103.647
92.4967
99.5189
104.539
82.0783
96.9127
88.0616
96.7912
115.188
89.5223
91.927
93.1687
92.6789
99.5814
94.115
105.399
93.6566
100.024
94.4642
91.4409
98.4226
97.6461
96.6109
109.335
111.869
101.039
115.486
113.711
101.671
93.5976
111.811
100.328
93.5527
93.9505
88.6415
116.828
111.938
93.3428
110.38
107.529
96.7479
91.5285
84.4845
100.484
100.836
86.3126
98.3874
106.628
96.605
99.9259
107.879
100.048
98.8114
92.3622
96.5625
88.6671
115.998
98.1085
113.962
116.559
105.558
85.8776
92.0179
103.082
93.5663
104.392
79.69
120.531
98.406
83.6383
105.476
91.8622
114.559
100.693
98.3174
109.07
95.253
100.83
115.853
89.9875
108.882
111.543
103.194
97.2389
107.369
105.051
95.6086
85.3585
107.5
98.8473
117.206
123.485
106.512
85.511
92.704
87.4264
91.5023
93.1779
89.641
98.1452
104.641
102.643
108.696
99.0683
102.61
103.043
97.4747
96.7064
103.656
108.858
104.785
113.724
97.3478
104.324
106.894
105.273
115.05
114.931
92.2254
104.856
102.265
93.5722
88.8608
103.907
107.254
100.348
106.009
90.8275
96.5065
104.053
101.059
113.787
98.8967
80.1199
93.1588
116.859
100.86
111.729
88.5864
103.771
105.03
84.5816
89.2934
116.983
101.13
99.5854
93.9892
99.2632
94.6287
100.654
109.448
98.5926
93.3292
112.444
110.922
103.595
89.4053
106.519
100.218
106.347
99.273
92.4011
96.4702
98.2528
87.2404
99.6267
82.8495
100.03
118.491
98.6917
91.4585
110.605
111.267
115.559
108.691
109.644
101.861
102.803
98.2986
91.5148
110.547
99.5054
108.04
111.641
99.6611
97.296
86.5111
99.0262
103.104
87.5393
104.932
99.846
99.3717
96.1866
97.8046
76.6712
93.5993
100.017
97.3641
116.306
105.89
96.3135
109.646
94.9933
78.0835
103.854
101.861
94.2568
114.871
100.276
80.139
93.9975
105.495
91.0961
105.778
94.6111
107.494
93.3606
111.905
90.6578
80.5829
91.6148
87.1042
114.583
102.023
113.719
104.751
104.32
104.767
111.87
90.5853
96.3589
105.636
95.6824
94.5213
114.055
108.816
92.9796
116.083
91.2677
91.8322
104.974
92.2514
124.931
97.328
98.2405
115.495
106.379
104.208
91.1418
97.6235
117.17
91.5526
103.843
103.672
105.412
106.971
110.854
104.288
101.914
108.39
105.936
85.7281
88.7184
104.689
99.011
91.9699
92.3008
101.383
96.4028
119.437
104.876
96.7347
88.0146
95.5302
95.5676
117.531
102.09
90.9545
92.4087
114.519
96.1342
81.7722
103.39
81.1925
112.376
128.961
101.691
96.4276
95.4964
103.047
88.7753
97.2002
99.6397
97.894
89.5799
90.2625
108.349
101.183
96.008
85.7665
78.9956
81.503
86.0335
106.417
101.789
98.8516
89.6446
76.447
95.609
103.084
101.334
102.645
99.1382
101.29
82.2008
108.125
97.5415
106.578
85.9446
106.301
89.014
119.7
105.522
116.437
109.54
91.2373
100.685
85.8204
101.108
74.9026
98.2243
95.8096
101.866
91.1907
103.259
111.032
97.649
84.5971
117.844
102.793
76.6191
114.296
97.2078
107.388
92.2507
104.128
89.9861
99.1638
92.5644
100.018
83.352
103.043
79.3635
93.9819
96.2423
93.3708
94.9129
106.302
93.6202
102.478
96.0718
98.9942
102.616
94.2092
82.3536
90.3974
110.264
96.2811
91.0793
103.439
107.442
82.3484
92.3719
103.49
93.9026
99.0879
82.8004
108.029
95.7173
90.8585
122.155
101.511
103.947
98.4753
97.9756
87.9385
91.3544
92.5965
100.568
105.809
115.805
98.8923
82.2572
109.377
79.3395
103.4
127.598
104.008
107.781
112.653
95.6368
100.493
101.197
122.619
97.3064
115.988
78.9954
104.67
96.0656
94.6405
92.1299
97.8805
103.191
110.805
86.9946
104.406
97.0944
90.5728
110.358
106.423
111.002
93.5169
100.056
100.276
100.735
100.573
101.642
107.716
114.87
110.006
96.0008
99.8842
105.89
102.65
100.171
105.017
91.7733
111.805
78.6062
122.08
92.3712
115.226
105.711
103.882
105.639
118.034
93.9936
85.6305
100.763
98.108
120.472
115.803
114.412
120.919
115.853
92.9259
102.681
93.6171
103.764
89.1489
117.929
103.905
100.333
92.6737
106.419
93.0991
125.479
96.6847
94.5231
95.9757
105.729
90.4588
94.4716
84.1146
104.145
102.498
120.94
118.313
104.924
90.4354
110.755
92.8442
90.6923
99.2157
85.5102
107.1
90.4649
112.518
108.128
125.091
102.361
96.6883
83.7651
103.456
113.4
89.5845
92.5926
94.344
114.442
108.124
96.8292
112.375
94.993
100.736
96.8533
99.3918
98.7185
91.631
95.9281
103.7
93.4908
97.5814
115.357
91.7805
128.023
104.468
100.98
100.396
99.4828
112.686
98.2495
89.0142
90.2981
101.757
93.5257
96.8498
104.34
114.969
95.2131
84.4922
82.9568
102.509
99.7534
102.762
93.777
95.5093
95.312
104.496
98.4665
87.8153
110.882
114.9
86.6391
124.761
86.2691
91.5669
103.082
95.3128
113.873
102.945
106.413
96.8083
89.7593
104.098
101.594
89.0634
113.665
101.604
100.628
104.357
107.881
121.269
115.67
95.1429
95.3674
113.362
98.5259
101.135
92.5141
92.5284
92.0675
104.563
88.8377
98.4001
94.8992
99.2865
114.823
116.824
100.271
107.761
92.1196
90.5844
104.381
105.883
93.5689
92.2281
93.3851
107.192
97.3866
116.146
91.5283
122.922
115.482
95.3788
78.8692
104.608
107.869
109.143
95.721
94.2275
86.7577
126.5
101.883
90.356
95.9429
108.387
87.7186
107.195
101.216
96.5947
82.6955
111.335
107.492
95.6962
94.3949
92.34
102.734
114.793
93.095
99.1173
110.018
95.5945
99.5143
123.894
118.095
93.8402
98.2981
88.1197
107.539
87.0067
97.4532
108.903
90.5915
102.832
99.6612
106.159
88.7244
90.2608
114.365
107.071
90.6184
97.19
100.078
87.2984
72.7139
85.361
114.17
88.5048
112.315
89.3596
96.2985
93.8063
87.5817
99.867
104.89
104.912
98.4899
89.4832
108.885
93.7642
111.788
96.2348
105.172
102.019
114.558
93.3653
126.403
116.223
93.5618
98.7728
83.9717
102.329
91.5518
92.6648
94.8179
95.3352
106.187
84.072
93.9646
120.859
95.7328
86.7877
98.5008
106.425
100.905
108.112
109.132
90.0573
98.2758
109.121
91.308
96.1789
98.6977
94.4688
117.816
102.012
96.5187
103.769
80.2754
96.5604
94.026
89.1677
111.563
110.679
94.0234
112.806
98.9323
111.194
97.1629
91.9953
103.01
99.0112
87.0863
85.6163
106.169
82.2971
101.637
103.394
97.3832
95.9789
97.9074
100.156
78.0492
106.775
98.113
113.633
110.616
89.5083
72.3663
99.2755
102.781
105.243
112.205
91.5882
97.5822
84.9871
101.364
90.9695
104.46
89.1809
109.975
95.261
91.8466
93.6817
103.197
96.5619
94.7474
121.47
86.2656
96.4427
100.977
100.013
102.642
81.9896
109.298
88.4654
111.492
92.1796
109.778
114.11
113.248
105.284
88.059
104.138
92.5467
82.5372
115.599
90.0489
104.473
104.365
97.3467
84.5431
97.3791
101.329
103.251
98.3876
99.4614
99.401
94.2887
105.806
111.336
101.805
86.4815
113.382
92.6276
100.461
106.575
95.0073
103.917
108.463
108.56
96.5163
80.38
112.184
91.087
94.7476
105.771
95.5661
123.063
93.8907
88.6788
95.1029
102.511
92.9303
108.299
101.572
89.7427
117.84
99.0434
110.763
96.8424
93.2083
97.0565
105.704
104.511
110.515
104.581
104.244
98.1391
109.125
95.5181
79.7928
101.821
105.13
95.8193
88.4179
105.378
89.4241
99.9544
113.827
104.576
87.4813
89.2132
107.264
87.1656
97.1507
100.315
98.7933
91.2409
116.657
116.097
85.3061
95.8441
94.8189
84.9794
101.275
99.9223
105.556
93.7035
99.7954
89.6037
100.033
87.2851
97.7079
103.309
89.3784
99.1419
105.711
101.247
91.6156
103.224
87.6454
92.7199
86.6184
92.3475
112.08
113.061
94.0919
91.1486
99.8082
110.42
116.719
96.385
104.17
84.7692
101.243
83.949
107.753
101.829
104.802
91.3366
101.756
121.528
96.3325
113.958
104.509
89.3331
99.9418
93.525
99.4643
94.2396
115.972
113.317
99.9585
112.301
100.536
116.137
126.509
92.0515
116.884
105.639
92.5159
95.9977
94.9285
114.291
98.3222
100.792
113.731
92.9457
104.157
103.839
106.523
108.897
118.713
128.998
110.901
102.177
107.038
97.2598
93.8666
96.4383
97.3368
79.5371
102.337
108.792
91.1522
97.9446
99.447
102.859
80.6795
98.4407
91.1396
102.815
94.1891
95.7734
100.928
83.8371
105.582
94.4171
90.9891
95.3462
101.075
115.146
100.009
104.837
114.626
86.4075
87.9485
89.2256
99.4177
93.0792
79.4267
93.9098
96.8365
88.404
109.442
126.333
103.815
119.851
109.689
112.757
92.2849
95.7612
92.2437
96.4672
100.272
108.367
93.336
105.867
114.437
98.7967
122.429
101.468
101.879
101.134
104.63
108.416
107.163
91.375
106.845
104.893
90.9773
83.4705
96.3223
107.005
107.304
96.3805
108.682
109.239
100.212
108.405
108.791
99.0686
116.149
98.5812
90.9961
108.145
96.2685
110.257
91.383
119.217
103.649
91.452
119.592
118.708
80.4236
108.773
81.5274
111.14
101.548
101.211
118.229
89.4503
92.8306
95
80.4121
94.4066
89.3199
90.7939
88.128
86.7345
117.364
98.4825
103.488
99.3576
105.248
99.4877
113.493
97.965
101.843
102.259
87.5046
106.693
96.6616
115.664
90.1487
97.3081
92.1736
96.7651
95.2548
85.6543
104.02
108.87
99.1255
87.8323
98.6674
84.0777
112.066
102.667
110.431
83.7019
95.173
102.088
86.5269
96.9208
116.162
92.2513
94.3388
95.1752
91.8883
103.553
114.482
107.885
106.672
101.13
103.659
115.54
108.503
91.681
92.3751
87.4002
80.4564
97.8671
102.3
84.9352
103.667
97.7796
104.331
96.9121
103.194
93.9115
89.7235
112.426
103.897
100.02
109.506
88.4698
90.34
93.8528
93.8
112.3
111.378
94.5709
87.9149
97.402
106.774
109.728
76.8479
102.409
114.165
98.5202
103.197
90.4676
96.3529
95.3177
103.103
114.095
89.6034
81.8246
103.775
115.543
111.339
94.9774
108.691
107.688
103.216
121.674
107.439
95.2305
112.633
90.4572
112.308
105.908
95.2013
106.673
101.913
110.227
103.459
76.4116
89.8238
109.108
114.957
100.012
105.322
104.137
113.565
94.2402
90.1847
135.332
86.4872
101.933
96.6381
99.6483
96.1579
115.482
97.504
93.6724
95.434
118.72
118.218
129.354
110.57
86.8111
100.569
116.734
94.8617
93.1516
92.3713
89.6937
92.2313
98.6377
100.487
90.5479
97.2141
104.007
83.906
100.24
82.9137
93.8008
98.1633
107.337
85.9181
98.3535
105.731
104.66
110.822
93.8149
112.529
84.0428
106.681
107.459
101.89
119.839
91.9979
81.2057
97.4112
87.4575
96.976
119.161
104.005
111.796
104.379
117.956
97.0723
96.5139
91.388
113.428
89.1994
96.3078
76.5173
86.1002
90.4604
85.4438
96.341
90.2337
102.752
122.642
102.489
103.809
108.79
86.7901
95.3936
82.614
102.203
106.598
101.645
83.1194
114.152
101.216
98.1934
103.453
79.3937
90.8319
70.9766
102.533
93.4027
82.2996
91.2538
90.5003
94.7204
99.6695
103.264
103.648
80.6536
108.683
104.488
88.9128
117.665
95.4244
113.734
103.205
89.9531
121.429
119.067
107.655
103.34
94.5676
102.284
110.789
104.233
95.7582
119.295
94.962
93.7999
103.364
103.967
109.875
116.515
102.736
98.8598
81.334
91.8561
91.7956
112.294
124.038
94.4211
106.267
102.101
94.3308
106.272
89.4011
102.185
88.9437
89.8371
95.6688
103.715
96.9673
91.624
112.941
89.7483
86.1882
104.381
99.5269
90.8283
96.7207
102.538
93.3883
87.6684
103.83
90.2491
97.8009
102.754
85.4407
98.5881
105.004
84.1272
110.707
90.399
97.54
106.241
95.404
97.0447
101.583
102.256
111
116.766
103.402
105.177
96.071
107.085
89.4101
96.512
118.404
99.603
92.2902
112.429
108.501
96.3722
78.9278
98.1507
100.129
108.442
95.9969
81.8921
115.83
104.38
88.6391
99.2714
98.6317
88.8217
113.765
97.4143
94.1792
107.462
98.2471
86.57
79.0525
92.5871
108.729
84.0932
94.8644
101.686
103.065
122.53
102.434
115.53
95.663
100.681
97.3942
96.7857
103.69
112.889
88.6048
78.7274
103.959
88.9038
93.8349
105.943
109.846
107.987
96.2163
106.573
110.813
105.88
108.468
101.228
102.546
108.095
100.411
114.054
101.682
94.8824
109.868
107.326
90.6798
112.043
83.743
95.7763
97.4062
90.4039
96.1559
92.5962
91.6975
98.9507
86.9628
99.561
90.1181
96.1585
96.0305
119.414
106.523
113.571
96.2114
95.2718
125.281
106.969
109.748
97.1892
91.5491
102.679
92.6897
99.1096
115.969
92.0012
92.8328
94.7902
103.661
91.0174
91.6993
103.409
96.153
92.0504
86.0368
94.3995
94.0358
104.556
96.1609
96.4566
90.4845
122.333
94.1117
94.5655
90.581
97.8056
88.9977
114.448
85.9752
93.9588
102.834
99.3069
99.081
119.083
86.4077
89.4447
117.32
89.8622
92.8342
80.1196
98.694
96.669
79.6753
88.0901
104.749
97.5292
89.7226
89.8411
100.642
99.7062
107.385
93.1141
83.6858
98.8395
99.8261
87.0935
97.9905
75.7649
100.857
76.3942
98.2665
85.178
106.076
97.6705
95.2944
111.949
105.246
99.8138
91.0396
105.014
92.7361
106.136
112.157
89.0546
76.1573
96.5141
113.788
89.7983
102.843
112.467
124.246
91.8621
110.561
94.3177
116.598
102.523
92.2197
103.953
104.956
74.4331
99.5049
95.4768
106.287
87.2768
97.9424
103.38
104.206
99.3806
94.5533
103.618
111.634
112.018
101.222
91.7376
89.0373
99.3576
105.333
90.3607
100.587
84.9126
100.102
116.332
110.148
89.0404
92.7935
108.754
105.187
85.8356
92.5308
87.8656
84.4391
94.3757
94.1479
117.265
102.425
102.577
111.494
98.6729
94.8482
94.0761
108.849
79.2145
88.0029
101.334
82.1575
120.482
94.2569
113.624
96.1345
92.4972
122.457
65.9627
116.88
111.124
113.391
114.86
88.0238
112.001
109.538
108.139
96.9415
86.9716
107.123
103.541
106.167
