-5035.85
32.4749
4.49069
115.854
-273.556
-728.578
778.292
16.3594
49.2571
32.65
24.3402
-67.6619
228.114
-34.3386
130.295
-144.803
-81.5847
-17.7093
-13.3477
-130.228
-1126.29
12.4394
301.736
37.1259
153.49
-6.0311
368.933
141.968
-98.8676
-5.14928
-35.055
27.4583
-310.766
79.7348
-131.254
138.098
-74.1835
75.5485
9.70528
45.5531
209.486
306.476
-128.39
100.856
-26.3137
270.746
-57.1461
14403
151.561
147.831
67.5155
-189.074
-69.009
143.516
262.321
33.9277
-111.507
6.64144
22.2717
65.424
-241.113
131.206
-6.19067
-407.705
-576.974
-1.78878
-457.243
-18.8311
1548.86
229.558
-66.3095
1835.84
83.0686
-844.151
-23.1607
108.836
-314.791
13.5398
0.899486
-127.919
495.76
-2.85818
-153.58
-130.01
-9.66255
-59.4704
-1966.99
-12.3055
188.145
460.226
-54.5982
4.47502
261.363
-95.3674
-102.929
276.566
-69.4052
-408.822
27.2902
-30.3566
-171.35
17.817
65.9223
186.408
34.3715
-10.8696
-2480.37
-574.429
-71.9809
-179.982
149.865
146.91
-165.284
-105.207
-2.66177
103.928
-27.2876
563.827
-71.9447
-333.473
26984.1
-91.0383
-342.25
37.0344
-48.9634
71.374
26.8889
-35.2684
221.72
81.0208
169.93
280.237
53.0156
739.349
-18.1614
47.0571
273.607
-67.3167
73.3395
279.243
27.765
225.497
-125.707
-29.32
-565.933
440.667
140.956
59.1944
-81.9556
-65.4422
-10.8522
156.707
-27.7307
-120.815
113.657
94.7819
238.499
-207.456
-45.6611
-81.1846
2025.9
299.19
-146.28
57.4745
142.953
60.5139
445.058
183.08
241.195
-14.3217
392.467
90.8481
-109.971
-167.55
3988.44
170.209
-367.839
-48.3082
93.5787
1629.73
83.5072
52.9018
-230.206
-81.35
177.12
-136.424
4.74516
41.8178
68.0475
35.2309
149.078
-364.339
-9.29615
127.652
-134.185
244.097
610.926
102.041
-84.5413
-3.78715
332.163
-155.105
14.8018
88.6763
493.071
63.6837
-238.865
-213.411
2.01672
12.1843
32.0646
-125.584
-29.106
28.0999
-8.66203
-68.1674
86.0838
34.4945
13.702
272.324
440.852
-71.0889
-72.183
-269.996
-228.316
-254.709
-258.903
220.326
-139.459
-97.4132
130.27
-1070.88
142.398
-1255.83
24.9648
-336.611
16.7919
-233.53
22.4531
542.062
-19.7363
103.995
-11.497
1.71546
20.6568
13.8861
51.3187
-126.098
-34.0564
25.0319
-193.451
-99.4102
-193.425
151.26
-59.8226
-95.9339
-948.044
-273.352
334.906
56.6691
40.4427
-46.5271
52.9894
-58.8065
909.92
53.0295
147.693
160.003
11.6767
123.445
-498.266
-12.3101
-20.8171
-119.186
-108.093
402.458
-405.37
-52.817
448.8
-164.726
-363.195
59.3985
64.0855
-31.4322
58.5013
-154.604
-109.943
-115.799
-262.708
20.2568
127.019
41.1419
50.3528
56.2566
-26.8589
-145.529
238.315
64.0965
136.045
-2.55985
883.983
-56.2449
93.3523
-69.1636
-38.9575
-406.889
99.0131
320.486
24.5266
111.715
295.249
120.834
-832.406
-8.6405
-93.8666
558.299
121.412
-65.1769
13.4171
-488.348
-48.9312
471.285
94.902
183.287
-16.7425
288.706
57.8553
-40.3704
-104.906
-121.435
-11.9516
-600.015
226.394
87.9372
-36.7873
1826.14
-181.226
-42.6187
329.93
296.99
16.7385
-196.983
-371.393
-209.656
-47.5564
-36.4362
234.057
-45.4245
-76.2345
-176.278
122.24
-129.43
-220.86
538.02
29.6706
3.51276
210.979
167.466
-89.8728
-69.4804
-382.704
-11.5695
192.412
6.09648
116.696
229.16
-91.3551
-0.415177
-8.19665
-876.596
29.808
-49.8776
-339.597
-142.605
-62.7551
-38.5759
-33.6976
96.365
-74.7406
-22.6067
-206.072
-95.9617
13.1525
-106.694
-384.317
-549.061
-66.9004
1.44629
-13.2731
-19.8144
-195.069
36.3933
123
364.361
-17.4431
-12.4211
75.098
49.9383
-2.05054
54.882
4.74946
-36.8643
26.0668
-261.862
63.9396
-17.0052
33.1321
-125.958
-135.643
227.906
130.24
-157.358
432.662
0.0700893
-19.7487
240.439
57.1703
-574.623
-33.1362
129.012
-127.353
163.03
-112.01
-48.3099
20.7912
-221.041
-27.3762
67.0287
-958.872
77.0471
69.9149
-38.7672
-122.849
766.645
46.7068
-36.0587
363.34
-203.027
4.29962
-60.7453
-352.439
-31.5574
2.64324
-45.6443
-47.7436
66.6002
9.37375
4.74999
36.9043
2297.84
230.852
366.657
-2.97103
16.1361
-233.024
218.657
835.762
13.6945
30.8045
-65.4614
-25.0923
874.248
-910.547
143.893
-186.441
-7.60934
18.47
-16.9277
-442.604
20.1373
252.064
171.259
-123.748
-47.8591
-16.8675
198.908
48.5247
-315.331
238.982
89.1822
-29.8566
-65.9005
94.1822
-785.381
-78.2878
-83.273
88.2574
1015.31
-52.157
-168.849
-220.208
-8.79987
-50.8288
33.521
-449.163
-7.49326
54.8586
48.2453
198.445
6.23193
108.408
-208.525
163.387
556.075
275.848
178.355
-155.095
145.374
-33.0429
29.3816
9.43123
1417.3
-64.0043
-242.983
-130.495
-16.8014
967.646
35.3386
511.828
1216.12
-18.5594
-9.85137
154.336
-36.501
-54.4097
-31.7821
-62.0624
23.7658
36.6749
63.8718
120.008
-161.019
185.409
171.57
86.6802
-40.5759
-14.1341
-41.7331
295.891
-519.795
-178.62
-118.786
2.98142
-581.437
-2.3321
-732.674
-234.997
-1504.81
-37.4459
104.309
-6.00777
-230.695
88.4967
-110.357
119.977
5.61594
82.0487
-272.177
-491.681
-194.699
137.247
-12.73
253.915
532.163
346.47
84.9309
-54.6938
-40.6716
17.4767
-106.093
15.2886
-242.659
-223.529
308.476
-25570.9
101.462
150.568
153.549
-36.423
529.754
-45.609
35.4518
-10.4127
17.4552
-45.5783
72.1119
15.4188
-2.00392
-458.113
-23.281
-8.3943
189.681
-119.663
207.257
2447.24
15.0924
403.21
133.391
11.218
1068.99
2.15067
26.4976
-266.67
7.32883
-26.4188
-196.155
-278.382
8.32535
-306.914
23.6502
-127.265
86.4546
91.5322
258.283
5.50619
-19.3443
-2.88761
-131.95
-60.0503
-1562.53
72.3797
97.73
-215.746
1044.16
-204.486
-161.085
4.61085
-22.4882
194.942
-31.9637
-109.58
46.8337
102.564
1417.86
2293.14
-110.153
183.007
-167.629
18.703
-8.36366
-98.7392
154.091
-887.199
-28.1729
79.332
35.4547
-168.613
-2501.84
-244.586
24.4229
-148.818
-24.8029
6813.26
3.36187
-116.279
190.801
117.603
18.1845
-1028.57
62.7754
-18.3202
56.0421
-38.3515
54.8004
-162.786
-2600.07
-171.023
235.62
-89.8642
1380.43
67.2295
-72.5702
-37.0963
201.276
-40.7463
-35.1321
127.995
105.964
-112.262
10.1421
-95.2192
-19.5902
-116.764
280.816
38.3629
-8.62765
-74.9886
-230.309
131.339
-190.849
-149.854
89.5084
-19.2179
1806.84
-3.1753
-52.0687
-100.201
32.2964
343.252
-15.5973
-6489.63
73.4069
146.982
50.4601
51.4179
-139.743
-970.8
12.9703
417.628
-6.05075
68.1233
-20.572
109.449
-15.875
52.0882
-4.03981
-106.313
121.888
16.0865
-66.8233
-586.565
-311.214
28.1997
141.831
-413.887
-28.3903
-110.676
82.9717
365.877
217.59
306.31
-112.627
-294.158
580.283
-759.581
-64.5713
269.023
-325.637
-458.335
21.3962
-44.8401
-20.1983
43.5884
915.384
-21.4114
36.6912
-22.8428
-87.6864
-34.1118
-186.379
-16.4568
18.0169
-102.267
-73.1481
-282.363
-368.462
-158.58
-268.918
-344.595
-73.823
-702.415
-43.8104
-16.6471
98.3435
5.47009
-75.9194
-6.58161
-97.9788
64.4228
-103.471
-2032.85
223.965
-341.184
721.338
38.6168
-45.744
0.869765
639.868
-39.0593
97.1821
-77.895
-1563.21
-386.356
-116.003
-333.765
-20.0017
218.009
-62.7293
-405.35
-77.9767
182.024
-144.815
227.965
-1675.82
-13.238
-53.5837
-183.729
15.6344
14062.5
91.5308
-39.5865
-73.6988
-291.074
-106.155
47.7589
-392.546
498.083
-15.1259
-146.392
693.131
-867.562
-64.3408
123.019
801.552
183.737
-149.37
-53.9688
41.2701
44.3747
-10.3934
52.4134
143.083
-2.80247
-19.1957
156.958
-18.2709
-14.0656
-89.8325
-65.41
-134.033
-132.194
340.168
123.143
121.342
19.2807
-268.417
132.952
61.8828
-15.6968
-426
22.6848
28.383
19.4018
-112.53
281.684
165.301
1959.74
-122.165
-52.9407
-29.1178
-574.975
-71.9055
-126.618
-2225.45
1615.71
-21.0543
-190.801
85.8998
19.3035
102.024
206.75
-41.2291
-36.189
115.212
14.5677
233.502
-0.726617
2715.78
77.7107
93.2644
68.8229
-2.24649
-1406.3
4.05166
-2.85695
292.657
113.898
-2246.52
-6.21412
69.4016
735.642
-98.4287
-51.6071
-10.2926
-2416.22
-340.68
88.112
775.761
483.487
-62.3673
64.5896
-152.722
23.2814
-95.0888
-223.363
173.852
-212.288
-42.6379
-826.023
162.72
-39.4787
-2637.64
-3476.8
-769.565
-111.959
173.211
155.614
30.9852
-22.9354
52.9891
242.827
115.906
89.9162
-865.725
42.5671
-2977.39
-298.933
219.636
-214.206
71.8031
-65.0274
-35.1997
-23.6966
158.87
-339.681
1240.44
-36.1079
143.436
-75.4605
-67.2615
-0.103246
35.1203
0.705739
40.1315
-1247.04
41.0439
-619.018
-258.5
143.225
-115.747
41.2745
175.159
170.612
62.026
-42.643
508.427
-475.37
-567.852
-59.1172
148.847
-273.429
-56.3679
825.552
3.58795
-12.6924
387.672
-188.268
-9.29811
-213.53
348.951
224.041
-711.243
846.509
234.326
-730.483
170.201
-83.2239
45.8004
-109.628
-53.2048
199.185
1211.08
134.464
73.7962
-96.5781
110.673
-79.354
5.57513
32.6732
130.591
134.565
-164.513
5170.97
-102.3
-40.0761
73.37
-64.7521
89.326
368.618
72.4189
-193.943
160.048
-1270.82
-303.876
-52.8603
309.436
25.0716
-73.6397
-130.499
57.795
-260.814
60.0516
121.952
-166.094
231.085
187.106
0.841023
-394.216
-12.8074
22.2171
108.115
6.78533
60.9498
59.3956
130.445
62.8373
191.686
-233.751
6.50779
760.524
43.2189
26.6324
36.9521
-1686.77
24.0386
387.621
-27.719
91.8271
-58.3353
-46.2087
23.611
-23.39
-474.161
-14168.9
80.7137
-92.2741
-33.0358
77.4625
14.4936
-415.482
332.863
-23.5369
-180.641
101.206
102.86
38.8962
86.0684
-359.619
58.9452
8.45893
-66.6063
260.618
-155.737
9.66756
-135.887
16.3989
148.711
-40.0201
-65.2034
-113.404
613.928
-433.906
51.7271
-316.136
12744.6
-206.17
81.9045
37.8573
67.9865
-108.205
-22.5278
-158.022
-90.8975
-5.52891
-173.165
-76.3281
-63.105
-1318.65
18.4138
-5.67188
-132.955
-835.617
92.6069
570.578
-115.029
-249.952
-14.8771
-89.9976
61.4711
-57.6548
97.0356
-225.616
-206.451
80.9996
-342.042
80.37
40.1812
24.2508
-199.813
61.1567
-43.453
-49.747
-1068.43
73.6292
47.422
28.2452
-128.094
-77.1824
-127.425
-18.5886
39.3222
-13.6172
161.979
-5.63473
-91.5418
1465.98
-24.6331
60.061
99.7046
-151.839
176.065
-224.036
-116.22
-130.743
-105.959
29.4731
-1494.81
-70.9193
23.0434
572.676
23.8764
318.526
104.839
31.9284
2.48035
-18.525
-60.3524
-277.837
-122.768
-948.451
-46.0073
19.9695
-91.8434
-66.28
431.184
183.67
-81.971
-117.802
357.872
-4.73887
9822.17
-36.0037
-56.638
-33.2674
166.633
94.3252
5626.02
105.571
34.1899
55.6631
-135.495
-31.2351
-3893.6
-52.0332
-116.078
-80.5467
-6.20859
-107.036
-1764.94
99.2884
-43.1406
130.63
-79.1293
-241.613
-2490.74
-135.537
5.22511
86.6208
7.56035
62.9132
76.8825
-1.37806
32.7928
269.265
-29.1367
145.676
36.4192
132.826
43.9641
-119.346
-564.475
-40.4452
5.37263
255.768
53.5116
-5.74785
141.579
109.125
-315.48
65.8678
37.1218
-157.77
9.2961
64.2099
-32.3607
546.02
160.338
67.6645
618.976
-343.877
-236.596
195.371
133.691
25.5972
-70.0798
83.4504
-51.6395
85.087
-24.5254
50.4672
33.3651
61.1728
-34.3481
-61.3462
-237.4
121.314
191.593
132.011
115.131
-292.48
79.07
-381.549
-1.79287e+06
46.662
102.278
-3.78124
-499.793
176.264
-100.031
-355.015
224.081
17.2805
44.922
27.0086
523.685
-236.108
6.02603
1884.33
-219.318
52.8696
101.55
147.307
-0.727943
84.6389
-94.7193
-67.2248
0.044765
86.8403
131.757
-94.1121
198.906
4.01897
-946.875
-2756.35
-691.111
189.679
102.829
-22.2737
-45.0896
-315.27
411.063
117.637
5.41991
20.9241
1.36268
131.289
2672.32
-123.816
9.60758
70.9833
-158.311
32.1382
97.8703
-41.3279
132.675
-2045.05
140.479
-117.998
20.3119
594.082
-83.1623
-23.9217
297.185
-110.441
-25.3564
294.776
-288.741
31.4376
-102.926
-34.1305
91.2742
149.152
135.9
95.2276
55.6908
-9.00764
-67.0609
4.47805
37.9737
67.7131
7.04706
-259.274
-191.622
-10.5393
-287.195
-1084.95
-250.707
154.959
-207.763
86.804
-194.563
-25.1682
-130.612
-229.731
133.178
-157.673
-168.229
-35.5531
-99.3964
-3849.93
-304.73
632.517
-607.471
-5.739
-435.757
197.005
-121.794
18.887
325.494
6.68134
101.363
130.44
-88.3394
8.64002
34.5499
873.043
-143.669
-185.007
-546.717
-70.2866
192.164
144.116
47.425
91.0363
121.82
14.2216
13.1084
-0.0202663
82.7642
819.954
659.165
-329.568
16.0364
16.2845
720.641
-65.346
301.703
-305.618
-1181.99
-31.8145
-86.8381
46.1797
-220.666
-84.2534
-103.318
69.4215
1374.18
27.4699
-159.712
-56.0516
85.3308
4.02222
165.259
-38.1616
180.901
11.7255
61.0302
-316.949
68.3957
-53.6345
-15.117
77.3839
63.215
15.114
-54.8978
33.7484
305.012
287.845
51.4768
548.236
62.6183
-311.8
-39.3653
70.3125
-13.8816
807.868
622.736
129.471
-126.663
311.496
-152.273
-687.754
77.6364
-212.96
69.8635
142.504
205.371
-35.9066
-14.8336
-16.3363
-408.092
135.463
18.9895
22.6822
-437.344
-307.416
-80.0791
108.731
-12.1835
71.5308
127.678
53.7028
-24.2352
70.5984
69.5829
-648.598
791.648
-282.457
19.8387
-29.0716
6.66064
-43.653
-127.641
85.3022
71.5075
-38.5244
-386.761
-738.206
-17.5682
188.357
39.0283
365.892
-69.4192
300.231
-60.3081
-223.918
507.802
-40.0454
-362.379
-105.155
44.0544
-1221.73
40.6887
-130.655
-47.6852
55.808
-2.96215
413.505
-32.1571
-45.4093
-138.72
18.1428
341.218
25.0471
-263.611
101.765
384.193
-34.0792
254.49
-37.1131
-85.5239
166.515
638.821
223.314
25.3944
463.166
-142.396
85.0363
215.072
-141.88
-204.795
-1755.05
70.1159
219.081
4.0116
110.084
1716.62
68.4966
69.1943
115.927
455.015
644.131
-18.7008
-44.7381
-164.529
-42.4586
80.763
-441.636
-342.623
229.089
2.2335
6.7457
-132.807
-245.439
64.9552
-155.19
1033.31
-505.603
-11.857
-196.799
160.328
-77.2059
-338.627
71.1505
62.147
17.8683
-11442
-249.414
-146.025
-688.202
4.76919
121.75
3.5035
-106.967
2817.06
22.5924
-11.9189
31.9292
252.861
-28.829
-19.6824
88.3791
4.94168
27.4681
-91.8211
-32.3925
4.28569
56.1379
-21.4318
262.222
45.7958
7.87292
5.16042
18.3021
-65.7832
57.8488
73.5943
38.5564
73.1708
-3604.14
-899.859
-344.529
66.6644
-82.4982
-18.3686
15.7635
316.413
-240.92
-33.1391
-14.7978
888.255
-59.637
-115.684
8.84295
39.62
-45.6201
104.029
-110.025
223.704
-86.3631
41.5329
227.84
1.94884
148.507
-192.557
-987.843
-1287.48
20.8262
236.451
-308.48
87.2211
50.177
-47.1949
74.6861
27.8664
46.4162
-29.1337
978.845
-80.1713
-35.4865
-214.174
-127.689
-12.6714
139.772
-78.7034
46.6874
-14.19
56.911
-170.035
793.896
39.9858
-849.761
-88.8362
-619.671
657.089
27.5358
94.9095
-595.758
35.8462
-971.008
-374.536
6.15347
206.223
-6.902
43.4193
193.065
0.874301
216.205
-228.55
-0.304295
344.09
1.15671
-80.2282
158.009
-195.016
21.7307
-40.7733
-63.4413
-104.748
130.782
67.0541
256.053
-18.9993
112.168
115.303
54.6777
-68.3149
69.61
366.357
179.293
-11.0131
29.964
-199.056
-38.7746
-248.653
173.317
0.859016
41.1113
-161.03
-60.6799
184.625
-21.8208
58.0522
122.207
-193.615
-12.5375
-9.85761
67.5398
-571.131
-26.346
-96.9304
87.0452
266.267
25.1178
-106.712
-125.188
55.792
70.6018
-208.615
126.99
-24.0812
75.4147
-60.0683
-1.62156
295.001
104.774
-306.3
43.9646
-246.817
120.528
-64.8973
-13.2173
-54.9914
-24.8936
51.3135
-1146.68
-125.036
224.301
-328.498
16.2801
-455.989
153.084
-21.2021
-243.405
842.338
-276.407
240.757
-45.1369
80.9912
-69.4678
2.10651
1767.5
-143.562
156.258
900.8
5.45461
-5.77369
45.2378
-9.7391
131.822
159.551
43.1428
-297.142
-101.532
703.81
-33.6193
-406.768
-442.68
-281.532
-50.961
-28.701
2136.09
42.6867
253.078
-71.8851
-246.946
-69.7487
143.641
32.6593
-8.6762
-251.67
-172.376
217.938
23.2203
-31.5603
-18.6314
132.177
-63.3043
-5.85157
-51.126
12.1326
-653.475
50.9535
-11.0101
124.614
-5.70788
-290.161
54.2208
-147.291
136.099
-721.599
157.907
189.425
2293.46
-199.65
-17.6344
61.6294
-115.875
47.7335
-31.3157
-16944.8
91.2294
349.684
-79.59
-3234.98
-32.6249
78.9048
-166.444
-1598.29
192.276
1668.53
91.9563
116.771
-24.0311
48.9497
1.81872
-39.6207
-207.93
-222.152
76.1205
53.9459
1606.52
83.0464
41.847
140.367
-27.5352
241.422
-20.0995
-199.615
261.446
1.32395
-29.8728
-64.8566
4.37899
90.6866
-94.5891
-467.6
-70.467
-111.003
2228.04
72.8232
170.887
-98.8494
172.968
-52.4126
113.719
37.8774
-18.7294
46.0697
-1733.38
-807.313
28.6016
-27.9224
49.1881
13.073
541.163
37.7426
-45.8852
68.2562
67.7573
-144.555
-2270.13
-91.2207
-89.2335
100.59
138.696
-47.5997
15.3262
-59.0942
-803.365
350.989
48.1695
-258.136
-24.2736
33.7934
139130
18.2071
22.4754
182.632
-21.2281
900.972
-984.756
582.504
-178.108
-161.756
-29.3277
-58.7175
37.2173
2448.27
1590.69
9.002
-690.798
-946.544
21.8746
13241.5
-123.343
-121.716
527.614
179.434
5.25132
-184.215
-463.178
86.7096
-60.4711
-137.915
-602.943
11.4021
16.0292
-199.16
855.132
286.524
-31.9281
95.5654
50.0624
297.697
-439.023
-134.484
-79.6906
0.322973
43.8179
-6.46921
-128.16
2196.67
31.7957
-110.563
-18.7586
-60.0736
-9.35535
-3.85634
15.4792
-48.5268
20.7154
58.3202
2.92713
123.568
462.617
43.3516
-219.836
-458.812
72.0125
-280.452
196.318
-7.12465
90.4572
-159.73
173.871
14.146
396.032
20.042
-42.5212
-117.135
411.032
94.1781
-105.081
87.8806
-155.072
-53.2903
-353.264
93.2092
341.956
873.925
171.115
-72.8191
46.3969
-165.495
4034.7
-5.15449
-29.3147
85.1567
-333.392
67.8882
-74.1458
-16.2776
43.3828
365.133
49.9622
61.5787
5.27065
-34.9022
-230.103
189.99
79.1999
-92.2463
-16.1431
17.8031
39.2264
31.5881
-626.109
-285.285
187.933
214.217
-359.733
-51.5147
215.981
623.37
-66.6428
12.8628
31.5594
-189.806
113.183
-6.75059
668.653
248.207
79.7215
24.2661
-410.884
-236.992
-2327.09
71.7875
-74.494
79.9949
67.8025
37.4142
128.404
-208.979
-15.0137
-4617.55
-3634.96
-313.936
308.613
2274.03
-124.32
450.59
51.434
-260.483
-115.751
-26.665
-255.405
53.5469
464.068
-0.9405
-122.249
22.4571
116.292
-12.1809
68.8494
321.206
85.6626
37.3024
192.742
10.3256
-272.312
116.498
10.5914
248.496
2845.91
8.42385
19.853
-74.7779
136.848
585.237
54.4981
-640.551
-35.9327
100.814
41.5278
-266.795
691.148
-1056.77
1002.2
217.688
550.303
153.394
-214.478
-61.7036
-173.845
179.45
26.7848
34.0007
-357.142
70.4807
-81.8088
1502.59
-851.857
-40.9031
94.9679
-149.082
-153.622
-4763.01
37.6859
-110.896
8.81681
10.3654
666.046
-321.32
-197.028
28.3056
-62.7768
-97.1518
-442.545
163.333
-7.73463
109.527
-437.033
304.122
62.5021
-62.639
-19.2599
1490.1
-5.89349
-570.822
-51.9465
167.916
30.5725
10.3035
-689.866
198.585
-221.186
48.7505
307.083
23.2956
76.8207
-69.4231
1451.21
575.413
-125.098
16.367
-92.6765
-335.161
70.3723
33.1157
98.9392
-44.9797
-139.606
65.1103
-128.334
-221.111
107.251
-5412.48
318.311
105.731
88.0759
-98.5697
1226.53
-135.986
315.541
266.962
194.266
135.605
-22.3972
145.491
-100.841
-44.1603
1111.82
-442.811
-34.379
64.8979
-30.1104
836.006
369.421
73.743
-231.573
20.087
503.407
678.067
5.59092
386.428
-388.021
432.978
-1034.03
53.2648
188.464
9.82233
10.1611
130.556
42.9878
172.73
10.3936
-85.3129
40.8227
26.761
90.7011
-88.249
-135.047
-18.2067
313.927
84.8195
-1552.09
78.361
9.11896
-74.8031
45.5728
-727.38
59.1584
2183.39
-253.719
298.296
184.003
-19.0741
-80.2527
2071.87
-79.003
-767.73
109.718
952.982
965.272
-59.9414
16.4359
-42.5249
45.7947
1719.94
72.934
74.5283
0.00969925
95.4846
-86.9893
-65.8478
64.7841
-145.01
13.0699
3880.12
-24.9755
-164.481
-244.809
84.8034
-896.633
55.1135
-2.86837
792.267
122.982
-272.197
-9.72919
4.69243
329.472
-127.479
-3.32763
-72.3959
166.155
-187.42
80.7684
-55.6313
165.289
87.8648
-121.998
60.7664
127.036
242.883
328.872
-22.2755
121.184
106.306
38.0773
-7.86656
-54.3862
-66.4796
166.989
-651.115
-52.9181
195.939
252.911
79.2228
1091.43
-126.775
-81.0185
-3788.49
167.45
-1723.46
209.675
131.148
1554.38
35.6886
280.144
71.3284
1.68726
-17886.4
-96.557
-993.726
-223.616
-260.077
114.937
146.835
39.5833
-178.41
-2405.84
1077.42
-93.7191
-1892.72
54.469
54.5986
123.301
9837.36
50.6229
265.258
-7.36244
45.1627
54.4726
668.114
-40.8956
-194.061
-222.442
-75.6841
398.649
39.1583
-310.73
-2.15802
69.5503
78.1391
28.9116
-63.0623
82.4747
174.884
-376.435
-33.944
-7.64705
-319.559
-94.0131
285.327
388.614
-47.793
9.73591
-93.9252
-8.95187
-60.8974
-108.039
-92.4407
-126.623
-47.7315
31.5026
-2067.1
-19.979
-109.838
62.7521
-9.3902
-118.875
-610.473
41.2271
47.8461
5.11417
12.4031
21.751
-81.1381
-297.981
105.711
-25.4016
-26.788
69.9745
264.769
-524.55
214.545
95.4957
-355.814
499.699
-211.413
-18.2679
33.8607
38.5994
88.3776
2446.18
-65.7259
214.543
-133.094
-32.9329
-274.375
118.985
-842.764
50.819
-123.567
28.7791
191.364
2.29888
1481.27
-79.6053
-33.22
-153.436
-181.819
-45.7427
68.4941
-57.4807
-211.751
452.305
-48.9997
185.335
-47.6003
-194.328
-715.184
-44.4141
230777
389.158
-14.5725
-13723.8
148.033
-118.617
268.963
-623.434
37.8333
-8369.47
-31.2298
180.771
39.0724
-18.383
59.2767
100.399
-621.896
-388.164
-2175.28
94.5801
36.4097
-75.4175
-72.2672
-276.338
-61.8572
61.8295
4.95488
-90.6133
-37.0187
606.263
149.48
-9.08746
-40.8415
300.749
-150.597
102.534
49.7823
392.461
-313.416
113.069
73.8274
573.735
-193.263
33.5639
-17.0497
-68.5842
332.875
133.275
-9.94835
-114.079
153.016
67.1322
907.371
10.1702
-205.964
-151.301
280.123
162.413
58.648
1.55387
-36.0571
122.928
-272.217
286.068
-63.3428
-78.9661
30.6997
120.586
20.692
671.261
17.8808
66.4575
-87.6161
101.299
-2.423
-160.812
82.0092
-52.2931
-7.34799
84.1976
-161.856
-46.2152
-1360.72
-7.16768
-32.3134
-567.577
131.048
-150.772
-68.0503
-354.611
36.5706
48.8715
-136.825
191.315
-67.0859
-210.471
1632.05
-70.2565
37.0138
111.486
-1718.41
371.459
506.447
0.887951
-55.1379
386.71
-60.2054
92.7808
-157.069
71.4387
-6.13476
1675.61
-79.5124
38.3422
7.56211
54.832
-4.53005
-36.1665
47.3333
240.478
-2.46594
211.088
-52.3266
-313.151
-141.117
-208.69
70.0305
3848.97
291.877
348.626
251.066
-3.33472
148.128
103.201
602.976
444.718
37.3764
27.756
-238.02
-18.0118
96.0914
255.541
398.2
-97.4611
-854.87
-80.58
-53.244
285.746
185.247
-27.9559
-82.4594
-1245.67
19.8786
104.759
-131.136
-982.288
66.0137
-383.175
90.0874
251.861
78.8704
17.704
121.961
114.114
-212.262
-467.153
86.7166
-2.959
-127.652
-223.556
15.7814
42.6398
-82.8211
-12.4757
-88.5545
-226.384
57.6652
-363.699
143.086
49.2211
-212.902
-58.1937
-70.4672
145.51
-672.819
37.1194
228.583
-211.924
-216.919
-190.306
350.713
-13.4496
-22.5397
-0.291787
-758.058
10.2296
-46.2132
2.12853
-74.1003
155.694
5.16418
-111.238
14.7017
22.4755
-321.671
-308.724
-1.15099
-16.9645
95.6854
-500.305
-141.234
11.4691
358.602
-1185.56
67.956
5.56485
-59.7733
-677.103
-146.467
127.144
1549.41
776.635
97.502
13.5489
-14.0472
-156.068
225.102
17.5456
32.1255
3239.11
-103.148
-152.435
-185.709
53.9908
134.031
207.079
-28.8194
83.5322
226.676
191.921
-2.19032
-28.2487
259.353
399.699
-48.3474
-41.7897
80.0541
-30.6815
195.527
160.605
1057.53
52.0295
243.969
-90.5563
1.2446
125.048
13.232
55.8797
-13.4276
-248.201
-103.841
17.6834
-7565.19
-36.5028
-196.854
-309.098
12.2346
-178.751
-3.59147
-452.81
79.6636
-17.7565
-508.107
-251.897
177.404
245.444
-265.939
166.885
-36.5653
243.611
26.154
-1294.62
-237.381
3262.85
170.614
-90.0405
-120.133
146.028
3473.78
-532.933
19.4715
8.33846
454.421
229.031
-23.0378
40.3768
-483.122
189.031
567.848
1438.96
-22.0503
-4.86125
-105.33
65.0071
153.444
-51.3263
-113.783
-47.6297
-14.3247
-243.98
-1888.96
99.4381
-83.2474
180.872
49.7544
-201.454
-77.8647
0.063613
-193.409
-133.377
-181.725
8.52703
244.611
-105.885
419.552
-6.54523
-359.555
-157.891
39.8704
170.244
-74.3379
57.0524
-54.1441
-303.893
80.7181
-69.9483
-70.9415
-161.509
-25.6065
-25.3742
-27.2654
-17.8892
170.176
171.1
35.9048
152.953
-3587.37
42.0551
77.9565
342.374
-92.4079
8.92281
-254.864
-62.3992
-512.06
-29.6253
-523.286
-360.527
39.642
-88.7652
-244.376
-117.714
-96.4893
-180.852
-170.745
-23.6839
-1640.98
-48.8521
-113.655
46.2138
-50.4963
60.1906
12.4432
-134.951
-37.9406
-863.507
1071.58
214.153
17.784
906.283
29.3113
-24.1011
-64.9545
-20.7115
-53.9025
23.5971
25.5009
-74.6976
113.682
-58.8337
-35.113
-496.517
-5349.54
-267.027
124.524
216.472
168.11
28.0624
-2472.26
361.7
-6945.95
-116.771
162.969
-59.9237
32.9679
116.002
-731.826
-161.376
-131.872
909.402
-245.515
-21.295
-53.6523
-54.9878
19.0416
7.27737
-1587.34
311.601
556.537
-188.979
265.147
316.839
75.0148
16.066
-67.6822
35.8244
-140.398
5051.38
517.361
102.724
-96.0139
-178.959
-361.51
-190.787
249.294
89.4901
-48.8533
-124.863
342.112
98.0782
-47.5008
-88.1521
-13.8053
-21.6283
63.6119
70.1023
-52.0422
-234.469
-5.98742
57.0036
-10.5952
-1737.52
-22.4561
927.058
-314.085
40.6109
750.042
65.9473
251.234
252.64
-35.0842
312.688
316.17
9.09098
157.52
475.911
6321.52
-49.8806
-226.695
-298.46
23.2857
76.0545
-5.85574
34.3064
-11.3813
-50.9924
-244.675
-82.3996
-376.02
-61.0678
190.181
-78.9426
-2.20674
-509.922
-41.7986
-42.7287
-97.5431
-23.7309
15.5724
-495.078
15.3762
-299.806
102.873
-33.5573
96.6649
38.2464
-167.362
-1233.94
-19.1966
-18.6098
-64.8012
-70.8562
-242.377
1153.56
42.3374
-156.609
3.20232
-290.696
685.697
-7315.78
-59.703
93.3504
34.0989
1789.66
4528.81
-29.6881
-32.4172
153.665
-2979.08
91.1525
48.0123
-334.707
38.5165
-50.4243
90.6981
120.433
-95.6182
752.702
108.309
39.2555
166.367
-23.3464
163.845
19.198
-40.1667
-205.712
-92.6145
-7.78279
-118.33
219.197
16.538
52.5957
-18.6293
12361
-1721.64
28.8633
-65.1456
-201.241
292.632
157.014
-169.369
38.3745
-47.9049
-142.45
136.778
73.4284
-47.7605
17.8975
68.0744
-104.062
-30.4591
-56.5609
-105.212
114.974
-319.327
-1.17178
834.403
12.9624
-89.2641
-41.5351
47.5797
424.995
3714.4
186.081
-55.173
-100.709
-23.1437
-131.542
77.3741
3600.81
4207.6
69.1938
56.319
61.2416
110.075
-148.904
-10.8848
-263.341
343.335
-22.7595
67.3903
-55.5159
130.808
10.8653
-3.57612
152.25
100.692
-98.5201
-19.0873
-129.285
141.261
-10009.6
-78.2197
-426.7
8.72073
235.313
-117.683
509.85
80.9848
-264.265
209.154
-185.839
-18.3986
112.553
-50.9151
88.0276
-37.5457
18.9211
-143.388
112.544
-14.9587
217.584
-2021.66
-231.529
-283.526
-103.707
6.13222
-92.6667
385.41
466.002
292.366
5.9248
-50.4924
-447.557
47.5217
-13.2957
-70.8433
-8.52437
157.881
9.1466
-348.034
349.714
-16.1192
-101.105
39.0335
40.0699
-48.4838
-121.803
10.1303
-54.3914
-143.5
6.57009
-884.026
-80.2749
633.594
-296.911
-2413.7
-3621.97
-68.9914
3537.15
248.562
68.3818
72.3434
24.7619
125.968
-30.7176
-17.1812
-18.5714
-1470.68
368.491
-320.494
-1597.69
137.11
36.4719
-143.965
-112.333
-178.431
-58.7938
-649.233
33.5297
-155.249
-2645.76
23.0916
-406.048
-19.8273
-46.8168
43.2313
87.1832
-178.215
1000.88
-19.7336
1.84229
111.949
69.4839
19.8154
102.591
-70.7813
378.602
-277.457
221.923
13.1923
-802.485
99.7982
936.079
-152.438
2.42478
-70.4187
-312.289
12.6116
65.8529
117.71
-202.865
807.998
-111.438
460.646
-25.5591
412.913
871.531
-35.4856
99.9315
384.707
-157.174
-35.9595
149.777
298.805
-177.903
4.02637
124.667
74.9102
-221.657
-54.2285
-215.385
86.2073
-955.541
114.25
-132.4
205.521
-671.375
463.669
-349.567
73.5714
-115.963
95.3829
0.951301
201.919
373.563
61.918
99.6127
188.921
-45.0417
-22.0282
-392.457
-91.9962
46.3867
547.004
159.429
-142.691
-421.127
119.763
8.09533
5.01235
33268.2
-379.462
-19.6351
321.558
-1135.96
-65.4892
44.0099
-109.54
-28.0151
-26.8128
-32.2896
11993.6
150.06
192.841
-49.1583
817.075
36.8105
36.9469
-1.00662
-124.998
-327.02
-4.19925
-1178.86
39.1981
53.7336
-39.4711
-31.8683
-212.655
-28.2784
59.4825
155.562
-83.3358
-127.802
-32.2854
-54.5369
68.2135
-7.44019
250.626
65.4852
499.249
-202.937
-14.501
-230.637
-5.87178
-24.0716
331.22
-256.055
-2.98434
-674.705
-306.896
35.5132
37.4246
2398.38
-82.7236
-51.7915
-107.095
-62.5584
-58.4509
40.2578
-29.7404
-27.0767
70.2154
-354.158
8.65756
45.1589
-48.1728
-100.963
-1211.08
-1.20949
-14.4936
-110.745
-67.2015
-1.73647
2744.58
110.56
2250.19
6063.63
-34.2528
66.5125
-78.7615
74.3676
-37.0136
-187.894
-260.52
113.094
-53.1982
11.4601
-79.2418
25.2862
-59.3713
17.0474
-6663.04
64.7848
-27.1028
-120.882
-172.19
-70.7694
17.1731
31.0104
88.4645
16.1853
30.2647
-144.667
80.9479
-52.5865
148.294
62.725
38.0072
-26.1116
-25.4595
-363.004
-91.2238
-4.75324
-63.7633
482.015
-80.0253
-126.411
-132.677
-460.201
3.37651
-705.723
153.987
23.3273
43.3398
23.0616
66.3414
114.929
59.7532
-259.057
82.4029
232.863
211.347
24.5182
277.22
-231.083
321.329
-24.7579
-196.765
-87.2148
23.1467
40.0936
159.965
30.039
69.538
-96.6482
-84.6859
209.722
45.426
36.3519
351.884
-3.45444
318.951
60.7852
-10.765
-103.577
-112.853
22.0637
533.412
69.3691
-83.3585
-1084.8
12.9235
-126.148
111.274
163.276
51.1224
514.062
-19.2291
15.614
-43.3521
-117.517
-172.413
-13.121
-88.9036
-45.7142
-8318.85
3.53924
241.604
59.0972
217.762
19.1479
-89.7747
893.85
-2.16047
-47.7657
-298.192
49.3914
57.0717
76.2404
56.9599
39.9079
364.265
-83.447
-160.177
85.3645
-389.576
-10.8701
-111.083
-133.714
74.4268
11.8844
376.822
70.3007
43.9289
-203.263
42.9813
-1019.73
-50.4644
76.0589
-239.229
66.3193
944.778
124.671
-29.6322
163.312
-120.627
351.902
-167.782
51.2311
280.267
412.219
-134.957
-350.753
93.1568
33.3621
25.8159
131.398
466.26
122.208
48.0038
111.623
-1243.5
434.365
62.3551
54.2821
-168.509
-43.2499
-108.764
170.073
-300.479
99.6182
-121.633
155.137
-82.4968
-12.9494
913.606
40.7531
-296.814
-264.579
32.608
-214.451
-269.851
-1.31642
0.655474
-23.6408
-16.1331
-89.7759
13.8485
38.6122
51.4891
68.9227
108.002
-302.979
-279.626
63.7016
-19.9542
-188.332
-114.654
-891.412
-495.865
-174.207
-105.133
832.599
-1375.63
-5.87024
175.584
286.905
-362.64
-65.6727
-93.4592
60.1374
87.5202
-130.69
467.545
39.551
188.703
-691.171
40.3038
-99.6347
-273.58
-14.5535
29.4269
248.45
957.672
-57.7812
464.265
-241.299
49.3764
-337.227
29.3684
-311.962
63.412
69.4853
382.948
64.2141
25.0972
71.2671
-2.70325
108.236
-60.6012
-77.4439
79.5159
83.0108
-141.849
-193.891
-324.605
105.844
-3275.12
-4.69362
-127.156
-220.006
-10.8728
-43.0437
128.24
10.3189
194.488
-59.252
1228.21
93.7024
64.3103
12.2983
-154.422
236.036
-17.9958
-36.1004
-145.8
-251.121
-777.289
22.077
-20.3279
-4.14394
-7546.18
-100.884
4.30547
53.4783
-44.906
-21.5568
47.2825
-9.14212
-1132.66
42.6858
61.6112
-187.174
214.346
141.093
109.896
-807.817
-997.173
190.207
59.3558
1108.63
87.2251
-84.5879
-204.983
-74.1133
188.799
-54.7262
251.608
24.2225
640.243
7.78072
-162.696
279.642
16.1214
-229.037
-124.486
168.345
-118.976
-182.561
-226.321
-56.3137
8.5442
-157.876
15.6938
-328.416
-47.2344
130.888
-80.7824
142.736
-22.4119
3907.46
-121.829
-32.5622
-154.228
-234.462
45.7518
924.849
118.249
-32.7171
-90.5093
-23.4301
39.1577
-501.418
-73.4424
109.813
2.29187
127.578
-689.728
453.269
50.1794
17.1322
-134.477
-413.301
108.897
20.5394
-105.199
-2.50859
14.8942
-7.03135
-88.5129
222.411
6.45727
-214.799
26.126
23.9852
37.5138
56.0031
-188.85
-2089.52
16.7339
165.802
76.8263
49.7331
5.50328
-129.445
283.166
-3.71823
-64.0758
67.41
-162.346
113.532
364.914
-4.52815
136.497
-32.4394
-19.6401
5.79798
418.911
-102.99
-842.901
-7.7037
188.349
-1072.84
229.351
-234.601
-49.9094
38.8199
67.1362
-79.1885
1.26651
-16.4457
41.1841
-548.398
55.6686
-12.9236
44.0517
-23.06
70.8406
473.601
-73.2622
-368.171
65.1211
663.181
-126.973
-93.1401
23.8618
-97.1166
-50.5063
-123.373
-80.1237
30.4719
-75.6497
-29.7747
-177.966
294.071
-33.1519
302.765
-154.823
28.7832
-49.6626
-187.123
-15.0998
-18.6628
-2.10395
-0.341518
-30.1256
-38.2907
1539.06
-3776.58
-107.169
-95.2847
-14.2426
40.4088
95.8915
-5.67801
-17.3453
64.8277
-19.2961
7.67989
-140.469
47.481
-28.9693
-61.5026
0.850828
-126.531
-538.238
292.31
1894.06
-87.4644
398.074
-365.908
55.6005
-13.4621
-32.4378
-408.574
195.597
-173.613
-77.4191
-84.7884
-11.2708
126.742
-268.495
-103.209
-22.8003
-40.8154
-213.181
308.066
-294.076
71.5236
99.1074
-275.965
-187.687
23.4731
-81.823
62.4004
24.6256
416.522
-61.2082
18.6752
181.431
-1675.86
540.363
-403.047
122.504
159.567
719.592
-53.3808
-265.075
351.243
249.796
137.253
372.687
194.431
-67.1104
189.054
16.3828
113.218
-48.7465
-191.99
-2.83625
16.1845
207.793
-158.245
-67.4475
-13.1076
-171.765
-90.0203
42.033
-30.9193
-103.094
-36.4869
-3.79793
70.7801
-12.2029
128.172
132.381
194.856
41.25
-97.0358
-68.362
-183.569
81.3779
86.6979
-42.0723
229.16
157.301
351.096
-9.24709
6.7802
-63.112
230.548
54.8162
-280.07
-23.5356
23.4186
79.7439
-66.1126
13.9688
-34.4137
-136.944
109.201
-68.1726
-48.0956
68.7232
21.1391
14.5648
-1706.16
67.5893
-35.3329
-1051.6
-83.0279
1.94867
49.9356
163.192
70.9466
-127.662
-480.283
-39.3904
47.1852
248.999
12334.6
263.342
-574.657
238.103
98.3866
35.958
-148.148
-882.704
-31.6284
-471.411
88.2227
65.8819
114.001
52.5846
44.2389
144.826
-169.231
82.6652
81.666
98.3631
1.94187
-131.388
-82.8116
-822.664
-283.219
188.312
-176.374
-242.443
-6517.64
113.307
-183.857
148.711
60.6901
-36.5463
-58.8416
158.347
75.4673
-23.2684
44.1256
348.497
232.145
74.1845
-143.88
-708.307
-810.136
10.0338
-345.205
-183.733
-41.7691
-45.0722
141.753
-140.551
100.018
-99.132
293.432
-220.622
-15.7679
353.59
36.2568
-272.903
185.647
-15.6605
33.7041
85.7119
70.8892
-29.0333
-57.4037
-18.3866
-734.47
-165.437
-701.911
63.4464
-6.79073
-65.7959
-68.9428
-155.483
-134.822
-109824
64.6029
4.02941
-65.3109
-32.8568
11.2215
41.3085
-313.264
-1543.8
-239.903
-310.025
24.3231
130.835
-20.0574
23.9679
-304.357
-17.7494
-10.0624
11.7625
-16.8172
-549.046
-226.389
-302.497
114.981
19.7149
68.3751
162.491
-27.2687
161.532
138.119
-185.167
27.5626
-29.9025
-250.061
-53.0817
1178.75
47.9158
33.2905
115.718
-25.1536
-323.224
-117.565
-109.337
68.0344
-65.9213
-833.943
131.015
-69.1125
393.01
-215.886
37.6551
769.051
46.3832
-734.605
-3.58806
-25.7725
1214.3
911.839
-179.428
560.069
26.9684
373.208
-646.801
-388.938
-68.9498
335.96
-18378
13.8135
21.2838
246.126
377.132
359.309
43.3354
-72.7835
-133.029
-107.492
14.3569
49.9352
-1.06391
-118.683
-20.6541
16.7966
172.648
-20.5576
-18.2453
-622.206
-403.498
-172.927
-74.3203
-1.00573
162.054
-156.52
-22.1765
-52.1731
-69.4062
-34.97
-24.3698
38.1008
70.3967
59.2079
160.503
295.017
401.852
-351.848
-48.1828
-56.7905
312.35
-16.853
-11.4012
17.4819
-274.037
-29.9563
1.60455
-70.8611
113.909
71.8043
-506.677
-98.1452
306.715
628.311
-439.317
-313.809
-652.668
156.402
-473.581
76.1952
-18.8941
579.496
43.7649
46.9012
102.638
-178.271
931.039
-285.586
-1594.4
86.4491
-170.717
81.4096
-204.824
5.84496
330.166
-89.3189
38.3382
50.5838
-921.025
-6.74114
-16.8092
-587.225
-244.524
-74.2305
-102.721
200.318
-3853.13
-136.393
161.106
75.8007
88.4362
-35.6001
-244.959
-60.2195
4.05514
-15.7258
-311.438
-383.012
43.4798
164.02
-10.6088
-1636.41
53.9623
317.769
10.0935
85.3111
-27.1965
-72.4023
33.7638
-123.85
-162.45
-1374.66
-3.45657
430.815
75.7131
78.8589
-10.8106
-242.83
-146.174
-172.062
-248.184
87.8051
627.052
-70.6133
-268.581
202.857
-132.972
-768.758
244.342
-70532.5
474.382
128.648
-13.7789
-141.858
-183.882
49.0997
-42.3656
112.733
-851.521
849.726
-21.3475
2.13327
-214.08
156.944
63.6493
-88.524
-38.7455
130.535
-255.095
299.724
-80.4375
131.649
-15.8102
102.6
-32.7539
-161.177
242.369
-95.0456
-175.982
59.3626
-998.847
19.0636
414.541
-22.6004
74.2777
-153.913
-4.01441
201.32
84.3273
-1790.12
-177.128
912.002
-173.449
-331.151
-68.1111
133.175
469.969
-37.8707
193.551
93.3574
-84.9592
206.144
237.312
272.875
72.9252
93.1481
99.5928
62.7286
-42.4665
-254.66
-335.229
527.924
-16.1429
-84.7072
-176.416
-103.843
-88.1661
33.8896
428.851
-35.6081
66.0075
-134.915
-141.549
-986.986
196.841
-1007.87
205.572
-60.7413
-144.305
-54.1242
84.7606
152.745
-191.202
250.947
-120.244
-8.36362
-42.0794
48.696
-92.2882
-1.97412
105.578
-111.447
-3.77553
207.68
-20.6233
442.137
7480.21
-379.943
-91.1017
2863.53
92.5239
13.5841
152.749
48.3632
59.9823
-95.463
-86.0377
37.2109
112.108
-20.5921
-290.94
54.0782
-88.2844
-1860.24
143.819
-65.7234
79.9649
116.276
-201.537
-218.232
97.0233
0.287934
112.597
4905.27
-25.7511
468.701
73.6407
-140.842
-116.899
-173.963
-68.6545
-42.2331
0.117728
-106.446
-119.814
269.729
-4.13903
-85.1343
37.2608
-414.707
21.5118
-375.969
-137.378
79.0203
7.04321
-196.179
52.4549
17.9529
-121.005
-20.8649
-708.285
-54.2812
205.257
176.175
34.6327
38.3359
-182.105
-50.6933
187.791
379.399
276.695
-196.066
-164.4
82.8273
-14.7744
157.242
-48.5061
235.126
-441.583
-151.93
44.7567
31.2086
-94.8772
210.128
106.753
-972.02
-11.2199
67.8576
121.744
-8.12898
269.483
-113.896
-211.037
212.566
123.619
99.0581
-583.069
-1279.15
458.603
-24.2053
-49.7346
18.9708
-53024.2
37.743
79.5084
35.4787
6.0081
-181.06
-40.2463
-36.1266
-56.8202
-116.259
-108.008
66.4213
209.744
1.3796
104.883
-37.2369
98.2271
-212.578
-765.613
-160.747
16.5963
1069.62
78.5672
83.9017
-165.479
-96.1005
144.697
-450.851
98.573
69.7923
-37.9785
-32.2872
77.7418
53.3158
-17.3121
86.0349
-290.051
-9.71838
144.999
-132.119
1960.17
-961.439
92.0352
-72.5817
11.8691
14.707
87.1377
17.8
220.41
-307.63
-220.426
-77.1128
-124.53
33.647
112.024
721.768
28.5313
-39.6263
19.2442
16.6243
-35.9887
59.8655
-350.038
1615.95
57.7663
92.7013
11.1629
-167.111
109.524
10.0519
244.658
-240.828
7.1518
220.493
-234.655
-5.976
41.8636
-991.548
-46.4436
265.124
1057.22
-40.0561
45.0865
-80.1587
1.71609
74.4491
-104.243
232.951
114.544
50.032
235.081
98.3625
-1954.06
129.048
41.392
7.28085
-49.1975
161.962
-73.1343
-80.5146
-227.087
-34.6745
-200.507
21.1364
-118.235
-141.249
-61.6703
2031.86
37.736
139.745
-44.6129
24.4256
8.22285
19.4029
20.9743
-80.6498
-78.2706
-60.3165
-31.0695
-240.964
-95.9025
-315.843
-57.4072
125.358
-155.259
179.904
-8.53515
39975.5
-93.2074
-160.478
-33.0888
104.386
-113.985
-520.574
22.1109
-150.376
-43.9968
34.9645
-248.274
286.112
-321.273
-4.54088
31.0621
-7.82216
399.428
-3.01327
-388.145
-86.0263
-249.142
141.638
-16.8331
74.1644
-874.38
119.682
37.688
-37.0295
298.931
-34.7051
-51.3182
-90.4397
389.062
1.05546
95.1416
4.99869
-16.6508
-167.778
-142.895
311.789
2.629
543.575
-167.844
-53.4024
-111.235
132.913
2.46198
-76.2592
-32.7963
-103.966
82.2506
86.8677
42.3053
256.955
-264.802
850.173
-99.8456
230.724
68.5029
30.5198
-685.537
-100.496
83.2467
344.943
-290.423
-58.8041
-63.3217
446.685
60.1553
-314.13
-136.877
-3307.4
-520.606
2785.53
-74.0701
-82.558
347.027
-734.396
354.377
470.304
1342.99
19.4293
111.978
257.644
-35.8245
115.057
202.749
20.2781
16.0603
-325.785
29.6683
742.701
0.727129
259.741
-25.7743
103.734
117.083
-658.672
-2525.66
148.724
-142.086
36.2519
12.2848
0.0161475
-57.1021
-285.329
-1420.34
403.533
24.732
39.1535
173.875
92.749
-85.9236
-46.597
1556.13
242.342
156.013
3.04561
-53.6659
76.98
143.272
37.0258
-4940.13
-27.9646
582.002
1810.51
49.2475
136.182
-213.265
38.0443
-152.481
-81.52
-1537.19
159.75
0.95355
93.8846
-82.2748
163.414
-54.725
-110.255
-9.71645
-78.6413
75.6078
-61.3753
-125.812
-25.9349
-43.7004
-217.277
-43.4762
-36.7977
-560.508
-23.6743
195.735
-177.349
80.2418
-143.167
211.394
-1511.13
-31.7205
369.292
168.296
-413.017
83.0822
40.3581
-275.674
166.91
189.674
183.45
257.46
66.0187
-2.68075
-79.3115
137.126
-395.673
-794.852
-116.369
-22.4276
476.342
-361.601
170.592
10107.5
-120.776
-163.231
-55.0597
300.044
65.969
13.2039
70.9692
-570.543
153.608
36.3633
-25.738
-1509.19
-0.0296158
569.882
2225.05
-20.4137
-124.607
89.0186
-3.88844
186.544
114.016
2354.59
225.91
-1902.48
-27.1742
1271.74
-197.362
-68.5257
100.224
-0.579484
131.183
-126.99
-204.658
-434.493
-20.7623
-5.33758
-47.9141
-4387.29
-48.3212
-278.722
97.7758
-5826.56
-49.5509
-3440.16
88.037
122.603
-24.7989
115.279
-50.5722
-8.83189
56.2301
-220.433
-103.367
-87.3345
-426.736
26.0283
49.9421
26.4212
-170.632
-81.4143
59.0743
-111.904
117.914
15.6471
-417.925
508.426
87.7131
-145.207
140.683
-456.046
153.876
-51.4034
12546.3
90.5607
102.323
4034.15
133.405
78.7431
358.134
-332.93
-45.5576
-115.948
-58.4876
111.297
-6287.17
-4.37497
-1370.36
-537.729
159.426
1606.81
91.5273
-28.4084
-359.72
-111.321
-258.776
-216.709
90.288
208.354
-345.175
65.2124
222.662
-64.5321
-134.822
-17926.5
248.723
-105.239
63.7732
161.403
11.3997
-185.995
-883.347
225.986
-485.436
2.31879
-170.765
73.9237
2469.62
402.801
53.4637
43.2139
-127.857
341.315
90.1919
34.2377
-429.472
260.045
-5.26291
-204.133
-29.8103
27.8192
-222.921
-106.602
-7531.53
691.189
462.699
16.9353
-250.272
-474.683
146.686
-871.323
21.3576
-86.1319
-19.0875
122.21
649.803
32.1741
-57.5171
169.613
-66.2787
184.093
148.385
-177.677
149.928
68.8882
-97.3347
-25.2612
-93.7764
39.2869
61.8188
154.495
-0.956219
-467719
-44.2378
173.665
-242.896
47.7552
-733.421
120.371
-55.8612
-1444.28
-108.266
7.7982
-584.355
29.5841
-45.1034
5801.94
-87.5513
-115.181
167.357
-145.602
106.948
-113.298
159.531
12.2112
-150.45
-55.9035
-68.6536
-13.8232
20.7292
-8.28199
40.3959
-526.588
-177.444
-169.885
-72.8877
-1.09792
-86.4064
-13.7575
5.59908
42.1873
153.304
129.46
31.4924
-492.061
-153.974
-67.5732
-203.145
19.7197
-279.842
-153.802
-37.3682
-72.7176
53.2252
-63.5653
50.3963
11.5731
-12.7268
29.9735
5.55331
1720.31
-4.25095
23.3775
-651.013
-22288.9
-123.508
-464.062
377.324
-483.367
-21.1757
152.601
-89.9125
-7.25361
295.162
158.725
-730.821
41.4483
239.447
-31.9993
-517.165
-216.353
-25.1224
-184.234
16.9815
82.8919
96.0663
222.375
-297.595
377.367
1608.75
-471.758
183.141
157.727
-225.109
-34.4884
-164.285
34.5292
-1035.24
522.836
-27.9986
91.6601
7743.27
-187.849
-1669.43
3.74138
253.116
-401.499
452.818
889.33
557.224
-754.973
3.65451
-12.7083
221.382
294.414
-123.715
209.747
99.0218
-90.1685
76.3796
15.9253
17.3541
-118.059
34.3142
-1.81034
181.873
-1313.82
31.5463
-100.654
-411.33
-54813
9.37638
-22.7715
813.737
227.53
24.6316
-6.22014
65.0408
-786.482
-49.3385
46.9418
46.918
-5.09977
-75.5083
-114.778
-129.914
138.79
-869.655
-1017.17
-117.309
121.234
410.003
34.213
-157.096
227.149
-762.317
-24.9262
72.2253
178.767
207.973
334.115
-120
10433.6
66.7519
43.3018
-802.656
-143.23
14.5444
319.834
345.541
119.755
-298.373
-40.4191
78.9175
22.6452
-191.667
53.4434
-210.359
-33.4798
303.551
-32.507
-102.872
-30.9469
23.4985
-129.663
-170.255
-110.955
84.2216
109.511
-238.546
1108.03
219.057
166.283
-234.014
110.63
110.281
2073.77
-31.532
77.1759
74.6901
87.0651
38.1542
-71.2134
160.947
40.911
-472.638
-31.4788
-25.6616
-15.76
-5.79752
311.557
23.827
-110.802
985.244
426.275
4452.37
-10.4795
-49.6415
-157.348
28.0591
79.8488
146.199
42.5431
54.5755
-110.387
-46.273
51.9643
0.43556
-16.7665
62.4614
-1826.09
-227.499
195.533
-222.632
-55.6203
-138.629
-260.876
9.74958
83.3238
-8112.42
-118.441
-351.45
58.7674
-25.0768
-23.1665
-645.374
448.038
-111.759
-89.5263
556.23
-280.558
138.191
-76.7343
-126.536
208.804
-11.2535
-28.4543
-26.4393
-96.8445
275.368
-682.326
-397.919
-81.3599
-139.091
-104.192
-7.71494
569.305
191.724
-9.89548
-26.266
-858.097
-13.8467
962.371
209.374
-128.271
120.538
-242.743
284.406
230.16
-364.73
371.689
-130.148
115.71
-192.105
688.476
-54.2623
85.7593
-509.426
8.55894
438.751
-75.6219
98.8072
-95.6555
-147.206
-349.61
-548.708
-197.997
17.4503
-33.8176
-353.51
81.6166
120.293
-21.9923
-560.999
-229.284
-169.719
-14.3458
5010.53
66.94
-52.4639
15.366
174.486
-24.2851
-111.132
3671.14
-260.349
-133.491
11.0371
-15.0363
36.9918
-116.41
-30.0752
107.104
210.266
-724.467
-2708.35
464.378
297.125
30.7555
226.755
4.04426
-324.593
3.66117
97.2236
55.712
396.679
43.6684
-330.114
174.668
-68.6124
90.1122
-58.9857
795.529
-75.5638
-93.4922
24.6275
-11600.8
-10.4061
69.1612
252.16
-18.995
-2.78509
23.7441
297.057
274.231
-105.749
-94.1877
186.266
3.34561
-91.9139
-153.651
444.6
-78.7088
2075.45
-105.84
83.7519
74.9842
-108.536
-120.8
-157.516
127.319
-68.4633
487.889
-132.166
-542.024
-107.575
-138.23
117.405
70.0917
77.5968
69.8886
-81.7694
1644.14
25.331
-118.725
2.24295
76.6299
-61.5621
146.745
-156.069
143.825
171.512
-704.912
8703.12
-204.222
-1132.54
42.3956
-37.3372
-19.4553
-14.5729
28.2411
5.89071
-86.508
18.2449
108.604
6.85749
177.111
-194.575
-84.9154
53.8052
-82.0275
-180.023
5.187
142.925
219.025
-55.2944
-92.7302
-133.859
55.1707
22.3646
114.011
-151.885
-80.9919
-312.62
-23.8833
14.848
69.6002
-14.8787
90.399
19620.9
55.2682
30.1985
114.857
-334.192
-80.9483
296.423
898.783
37.0355
41.8093
93.7037
5.54322
-138.22
20.4578
-355.33
275.255
659.219
-232.819
-281.537
-958.352
34.96
-42.0263
-32.3789
421.891
-65.6962
-97.6222
290.914
-242.886
-18.6173
1207.35
-228.14
-79.0034
58.9291
17.7197
-40.7985
-33.1556
317.674
-1180.84
97.139
-921.826
-4.57983
-96.2691
82.4745
-114.007
-141.181
65.8009
202.222
-42.313
-32.4295
-25.4322
52.632
-214.788
133.431
109.252
136.13
-56.1241
-95.1635
31.2676
-187.473
-85.7025
-86.5388
89.7099
-1869.97
-2759.86
30.6866
648.505
82.243
-21.596
-47.112
97.8038
71.7287
13.8456
127.372
2019.86
110.601
-211.955
-7.82232
-79.91
-1.24189
-3103.98
161.694
-140.721
-7.39381
215.727
289.379
-53.1702
7.82027
42.9081
-1008.24
70.0614
277.195
203.024
643.616
-115.984
5.29527
-221.175
154.173
-137.226
-112.191
21.3212
81.9133
47.0854
-31.2164
-37.7658
56.2152
82.6492
28.1025
-228.372
-567.441
170.134
321.076
40.1106
100.334
-45.9571
40.5586
47.6356
-399.027
-1769.54
35.0028
-126.998
-23.4886
-1616.05
-182.997
-82.7326
-4.12275
-128.894
47.3472
11029.5
-9.42876
-366.955
33.1705
-155.32
520.926
-123.544
10.8272
0.629397
-54.4291
77.7124
196.705
73.9521
236.495
700.826
-215.309
-665.796
-55.4121
-165.721
28.9679
-1.06263
-17.1854
-153.898
51.8002
33.3187
-68.0734
48.3251
197.884
-32.9383
16.974
60.2355
-71.6114
-71.1499
194.3
-119.061
-133.222
-16.0718
-73.2199
431.088
-31.6992
-682.228
261.172
194.318
-53.4863
-50.148
73.2962
38.6891
363.324
629.381
78.6992
-26.3421
-1147.71
-11.43
-164.759
-95.5337
3.08503
552.529
16.2344
28.3909
-132.573
-17.9688
209.005
-112.422
-15.0389
-114.321
2088.44
-323.482
-19.9634
307.106
116.62
-4156.32
-1.1095
-30.9763
-2323.04
90.2315
79.8134
6.1785
-145.277
243.699
-155.031
-80.7442
-33.5265
36.9146
51.5205
-594.822
-375.35
-1050.38
7.55628
-19.6115
-113.607
41.0032
-1040.79
-95.0812
4.07123
31.2802
-34.3987
11.8237
5.24858
-160.309
55.1573
3.74856
109.764
185.124
-127.004
40.3386
-194.043
-90.9274
55.7518
-12.3907
2.37636
549.693
106.296
-5.54647
87.4519
41.6147
1.75051
-74.8314
-528.647
-53.7739
-53.7473
-38.6893
-839.825
120.683
-62.1384
-228.647
-35.6712
-24.557
376.973
-315.86
284.411
-463.451
-126.952
131.088
-269.974
155.231
-176.784
28.4068
9.76141
-440.763
17.1465
69.6318
2567.91
61.4438
-5194.44
-451.122
-740.15
-46.2981
86.9023
306.413
-33.9535
-97.8724
-458.576
40.8275
-122.177
231.375
423.961
-59.9484
-20.5985
245.571
439.001
-22.8669
286.452
730.901
-272.686
-7.94061
76.4388
-40.657
30.323
100.524
-51.3299
147.041
1695.16
-47.2942
-569.479
83.9399
-329.108
-234.812
-104.88
-66.6726
-376.711
-29.8858
72.9422
-141.155
-20.4885
180.501
-51.1603
-65.8265
240.645
-345.015
-200.191
598.819
45.4383
91.8568
591.454
-8.53346
1.6136
-267.835
238.431
547.547
-48.2031
53.5488
228.142
-60.1868
75.0049
824.342
80.3996
-139.045
-1084.09
75.624
-58.614
34.0238
214.677
721.245
16.6197
-254.232
57.1163
28.0104
27.8146
-421.817
309.26
78.371
416.275
41.9044
-58.9048
110.897
159.507
-24.8464
-33.7964
-92.5545
-150.758
-142.103
181.426
37.2566
58.2247
-45.9747
-2347.3
-34.0587
239.881
-141.315
-1852.38
51.012
394.759
49.3561
41.068
62.2864
-365.672
918.829
638.163
-13.4082
2.46773
-107.108
50.8788
-40.2663
32.1782
-99.4093
4.60638
45.1244
149.508
-10.6237
-19.7858
-165.797
-1021.15
3647.3
-33.4944
55.6899
108.598
-60.2628
22.0954
-102.675
-322.194
102.871
-163.01
-302.758
146.119
13.7323
-117.537
-45.4157
281.506
687.765
-58.1114
-139.595
607.208
-55.4432
-97.1843
-49.6141
418.594
-4880.42
121.709
12.8227
606.938
98.027
14.5559
127.925
26.0786
34.5255
-16.7152
-128.698
-58.1634
-55.9292
622.501
-466.853
70.0221
57.2856
387.818
6957.53
485.223
-165.337
-132.419
-155.476
-4338.42
235.793
-85.0351
-511.722
232.916
-997.134
367.381
-98.8557
112.554
460.815
151.959
-520.382
42.3997
-92.0876
93.7766
-26.7058
-914.949
-260.65
14.9414
-127.264
-406.746
34.1246
-275.372
174.466
10.2684
1077.76
-175.363
-96.8511
-186.655
-14.8628
413.758
103.365
-153.174
28.0924
-199.957
-71.1443
-26.5563
19.544
15.6304
31.3504
-593.35
-36.5487
41.7967
-43.2315
-428.569
-139.521
2190.16
-24.4849
-123.379
39.0138
56.9194
-64.6732
-194.012
48.2766
90.9761
-1312.49
-5.2307
-90.7091
-131.936
156.67
-169.861
-137.129
22.1519
291.034
184.331
-1353.98
60.2698
-39.2655
-183.841
589.4
-229.236
-209.577
-304.003
70.8797
114.688
-46.6016
-3.96474
-60.683
46.8127
-207.397
94.7442
-18.999
-101.891
-57.3074
-1574.68
-112.647
-56.7957
33.6353
967.146
-43.7792
-31.588
536.466
-84.1559
-71.5452
15.1763
-993.61
115.787
102.127
-13.1661
-121.607
59.0173
-141.154
-478.109
43.7496
268.303
72.7952
-273.063
84.2062
-156.538
-160.138
8.84423
421.106
-48.0432
-38.2687
-84.1972
-17.307
-78.9056
-88.0365
-108.191
54.2092
-35.9983
-9.17878
-3.55972
-34.1254
90.8738
29.1012
146.794
-51.9019
140.71
-2.10317
174.229
51.0498
10.7858
-16.1024
-122.525
85.1913
85.8783
-265.012
-42.4568
-23.5681
-5140.93
-126.399
21.7019
193.477
1.95136
-82.6486
-2121.84
-32.8804
127.211
-38.7576
254.625
176.369
62.1632
76.2053
624.797
221.105
62.2614
20.6642
3219.88
-172.009
-167.898
83.0796
-10.658
-28.0009
1096.7
-29.4296
83.7931
-96.9057
620.919
-93.7078
100.035
54.529
-50.3539
80.2473
42.405
101.439
29.7119
-5249.91
292.536
169.757
-32.5446
69.6861
-13.9685
337.961
50.4933
-21.9227
48.9649
-457.863
541.801
177.796
566.183
-42.1021
4339.25
-110.317
-152.622
55.5067
-13.8765
954.292
-7.46673
-313.627
35.9689
-40.1453
93.8303
157.234
81.4181
7.85513
-42.6418
-10.6371
-250.76
-124.051
177.468
34.6966
88.9711
-374.956
516.048
-252.896
23.5958
-60.7322
-269.14
437.318
-32.1048
429.391
-228.865
-96.5426
-75.8965
260.593
-11.9869
5278.45
89.4016
-350.298
111.686
481.104
28.1731
-80.7695
70.0419
203.735
-8.0475
-86.331
-84.3988
19.7746
-56.2771
285.769
-9.89431
191.388
27.4303
193.278
16.9531
-83.6649
-12.5719
-961.724
5.7497
24.1912
-168.306
-62.6427
-204.971
60.8223
92.7062
-2.5504
-13.0961
-63.3882
70.3257
-543.242
1344.43
43.902
103.889
18.4563
-47.0371
-20.0385
67.2346
-123.049
-15153.9
113.476
35.2811
-520.949
-41.303
-24.9167
1246.38
110.955
154.647
428.805
543.261
-65.868
78.9905
-31.359
-58.1713
238.536
55.5786
-140.764
-47.5682
-121.746
-2052.47
82.2302
-438.4
-622.573
74.365
13.3426
-113.095
-13.1841
84.5748
88.1536
30.7732
66.4337
8.08349
39.4173
-389.747
144.349
3361.61
1885.38
-131.222
53.8046
-74.9727
-115.252
-1.39987
-18.3729
-153.01
-418.639
10.3415
76.0132
84.7362
204.579
62.8651
-442.592
-142.872
41.9098
33.2715
115.626
-210.859
-24.9818
95.7864
591.742
-52.8413
166.725
323.581
-20.0492
-96.5016
-105.973
-95.6745
6.23611
-36.7967
-225.862
74.7309
-24.5094
3.92506
-107.557
-166.223
143.339
187.097
392.085
-81.7492
169.796
194.521
-0.762598
452.51
115.32
-66.2543
448.607
-64.1945
326.244
24.3403
-706.706
-36.3918
60.7014
-39.2052
264.709
209.595
16.5235
-3.46018
-103.502
363.129
-153.861
344.873
-229.333
-191.819
63.5135
-102.176
318.088
-385.405
-31.9041
-105.771
36.0475
-169.059
252.108
873.509
-29.2511
-202.512
-18.7346
-553.896
302.518
-24.8705
-354.785
-5.11057
2054.03
96.7376
-18.0437
-31.339
-89.9587
90.458
6.05326
166.221
86.2089
-36.6648
109.507
212.174
-304.94
-1218.07
-133.926
-55.6524
41.5437
-177.536
395.098
-191.712
-190.383
-64.9161
108.483
-158.4
-52.0026
-68.2229
-72.2004
114.189
-447.868
231.52
152.121
145.897
119.515
-73.1445
30.9812
-14.3255
-5.31183
417.761
394.585
147.941
-54.6542
-0.7062
-77.4248
467.147
-197.78
120.527
4.89047
-122.433
282.733
17.1712
125.225
-75.9966
-78.5182
341.069
69.9683
-175.917
100.493
29.0354
-50.8329
-1793.69
-45.5338
-197.291
-43.879
-8.73789
-17.383
-731.663
79.4556
108.011
111.485
90.2415
1939.19
307.092
-36.2443
235.484
159.434
45.3279
99.6219
-69.6445
-72.233
-502.046
-91.9424
264.102
-9.23483
-227.466
47.9056
33.7243
-12.2353
-25.8084
3.46464
-424.866
20.3446
45.2864
-25.7795
220.372
11.7513
-286.784
-210.006
-107.537
114.204
-2564.53
14.9223
118.885
151.448
-206.225
79.2211
-182.806
33.514
63.4525
2519.44
-20.4606
43.2635
-121.678
175.717
90.5075
-335.79
157.291
-208.647
5.47498
-56.1944
60.686
64.4716
-109.63
-183.489
11.275
-232.046
-34.7438
802.875
-130.812
-85.7505
-33.9314
-38.5678
-232.981
-54.9818
112.772
48.8281
-146.722
171.136
1698.41
-351.115
1837.12
-23.3766
-17.6141
66.2604
-107.186
266.016
286.537
-303.813
-196.69
72.279
-106.538
51.9564
-299.168
-165.266
172.252
88.782
1106.69
-36.8614
-19.4168
27.1065
90.4721
-52.9732
368.038
-21.6389
109.098
-137.032
169.873
26.0033
-3745.97
-1270.42
-1.35081
-225.497
-38.6759
3.33671
37.9705
-4.20645
-85.9671
-113.112
-301.516
831.235
-37.8395
1434.71
103.236
-104.621
757.048
48.9053
994.663
30.6267
235.111
-448.242
61.8783
67.275
-115.745
-906.837
-17.9248
-36.0176
-12155.5
394.69
-82.5643
-48.1995
-146.925
-56.3037
227.935
-873.042
54.873
-39.4314
-20.0814
-71.7958
254.115
84.5077
-85.3178
29.5284
-19.3305
80.7967
17.1154
-33.5952
-450.121
-10.5314
88.7739
-111.248
-158.55
546.037
-458.609
-74.806
667.429
-99.439
116.686
278.76
-69.8998
73.3144
-12.5726
-350.824
72.792
97.2376
34.2799
-316.598
73.2371
4331.2
-54.036
296.944
571.65
35.7883
47.3253
-479.899
-108.219
77.2848
-49.32
202.274
-8.60267
313.686
-50.3538
90.8962
9.47149
-26.8756
-37.9724
-2.98795
1103.45
-274.923
826.062
-68.2634
-161.945
197.016
22.7154
-42.4313
215.218
140.75
325.08
-83.5641
-134.151
-0.676535
839.574
57.7902
-140.072
100.257
535.674
-17009.1
242.227
-27256.6
71.8832
-77.2281
27.0101
-60.2634
60.7884
-154.571
480.875
-107.911
-178.187
132.059
102.695
-146.301
94.6008
21.2522
269.733
299.473
271.684
-97.8296
72.7879
25.3016
43.113
269.442
3.75429
4883.2
40.2653
0.620244
522.394
128.239
94.5075
-54.5573
31.2301
244.823
67.398
-799.158
33.5074
-45.193
16.8893
79.0727
5.66159
80.6905
-383.153
53.4825
-42.5405
-148.216
84.0707
-89.0372
-197.157
33.6732
43.4
18.5249
240.341
-93.8731
-142.708
410.841
500.287
9.69201
92.4625
-122.465
212.837
11722.9
-105.549
-76.2184
55.7984
-36.8645
41.9022
-1520.92
-315.983
-52.4378
46.5088
270.784
72.7392
-81.9271
-80.0574
-50.8551
-14.3726
-3.98163
-182.787
-285.527
242.886
191.345
1373.26
99.6275
163.104
109.261
39.4724
11319.6
-859.41
-478.698
-68.3735
-11.5892
185.315
-37.6948
9.168
177.934
105.2
63.9858
-88.4681
-320.81
-171.477
-57.2195
41.773
-90.5138
-27.2966
61.4477
-103.489
117.781
85.1012
61.467
8632.44
-729.808
34.0758
-146.833
-57.1318
-132.212
169.098
-4055.16
613.59
-59.2757
219.74
9.04019
-242.413
-16.2848
-20.3787
-1593.83
58.6599
-241.899
312.007
-198.279
-39.6655
1.39144
-86.2293
-63.2883
-177.427
170.891
-22.0946
-538.743
117.687
-2067.37
302.295
-509.427
17.3135
85.0655
-49.1633
-27.9342
169.013
119.145
-46.721
-4893.26
-54.6734
24.9845
-231.09
41.2182
-60.4066
-46.6486
-75.5649
161.86
-126.644
-139.363
213.757
-6.15598
-88.4185
161.93
-545.979
-1467.72
-32.5328
-25.1269
400.101
13.6877
-118.69
41.5973
-36.3744
-74.5261
-10.4979
-83.6198
-295.945
-214.306
55.8965
-207.135
25.1619
-19.2056
36.1585
-17.4938
-171.717
123.724
-234.105
-35.7776
47.3098
-353.939
-388.326
-131.786
-74.6899
42.8012
22.807
-55.3173
-440.898
45.3847
-100.223
146.194
-105.537
46.9646
-30.8355
-260.424
12.8956
-25.9007
148.781
-32.0551
183.38
236.548
-314.472
164.773
-39.8709
110.061
743.271
61.1624
-12.0308
18.0567
-226.778
265.463
-3.34362
13.2528
-2671.8
-43.5457
-360.239
-258.961
34.3633
-195.114
112.03
-297.155
-194.373
-386.592
-12.6437
-131.339
-1468.38
64.1277
-3524.93
-160.51
-76.3695
127.238
44.65
30.2259
-85.3765
103.78
-11.5024
115.485
123.283
901.097
44.4854
-159.529
-21.6176
74.565
-22.9178
-3.45278
65.7165
-186.676
69.2497
-61.0436
2.25647
-253.045
90.3638
-77.0478
-35.7337
307.517
-81.7056
409.64
80.3255
-777.696
369.03
-20.0649
111.795
-141.813
-78.2468
-151.339
-203.351
-405.509
26.977
113.541
89.6092
-21.3895
-253.445
-67.58
-113.718
42.493
-2644.59
-122.795
-173.702
-4.49988
176.771
343.452
-82.0492
63.7351
14.9033
-285.802
-34.8317
34.4944
-165.014
247.327
142.452
-109.306
53.2276
-96.3891
-429.631
123.677
224.862
13.0963
44.5154
339.998
8.16429
1811.91
83.8064
-83.311
-34.6421
-41.4892
44.9713
-22.5668
-48.5119
6.84942
119.459
59.3022
41.232
206.103
58.8047
-19.8264
-625.695
-66.0518
634.825
58.4293
350.747
-33.6751
77.0648
-29.5583
57.5425
-1993.29
124.852
-472.911
-28.9959
467.739
-78.2759
-34.9003
-26959
-99.6088
-200.577
1.78372
446.894
-18.0886
-1462.81
59.8822
1107.7
126.61
798.046
-214.473
-0.356949
-373.207
367.141
63.8185
-55.0249
-332.181
-574.983
-12.5916
-237.902
201.537
49.4975
-83.6483
73.9484
654.482
-57.118
-124.326
428.76
145.643
-277.118
506.707
42.0018
-80.7578
-196.578
8.41083
-155.67
-113.244
-25.2781
78.4226
97.4135
-84.6982
48.3224
192.192
-588.439
-143.907
-196.662
463.976
3037.46
-42.6321
38.2278
-21.9989
341.219
-192.805
-273.257
146.977
21.4156
-7.66878
16.6125
52.5931
-139.891
145.047
28.0844
16.978
122.772
91.8932
-2.74593
68.6217
-163.21
302.714
-20.0584
80.3466
42.0832
-65.3064
-732.789
21.3997
-745.288
-354.402
-93.2543
768.175
120.397
77.1153
287.287
103.608
1733.72
96.4836
54.1286
-33.4791
143.335
-45.7179
-24.228
41.956
-826.275
120.157
-62.7248
-113.83
61.2456
125.631
50.2498
-11.5942
77.3942
-39.5237
16.0202
-13.5216
26.3702
-125.937
-39.3711
-133.1
-16.8667
-1350.74
62.8823
30.2657
58.6513
-38.3708
777.286
-75.4533
-4233.66
2374.44
-141.448
42.5814
4308.54
44.4252
276.413
-35.6229
187.948
-31.7221
160.06
-9.09323
-512.331
298.96
-499.378
47.283
-464.866
-69.8871
-184.244
-147.908
92.4272
-444.46
27.4895
-249.813
-270.091
94.6242
-13.6156
-347.896
49.1727
-432.966
24.6321
106.598
-47.2668
105.129
-87.5374
-923.391
-180.596
28.8981
-54.6657
-134.802
57.861
138.003
171.547
-63.5375
7.85984
17.4077
56.9223
108.184
-66.1352
9381.65
289.442
92.0488
1794.75
-127.549
48.1174
46.9726
-344.557
-27.5482
-1.87878
-3.34596
1.06735
1.44883
168.785
-177.672
424.311
48.8483
475.582
-87.6415
161.393
-401.547
51.0393
-292.467
-1377.3
77.0451
264.85
37.2852
-1204.39
27.3045
-120.945
-22.5699
-17.3811
-56.1292
237.786
243.448
-161.737
557.871
269.973
-391.767
-428.993
-51.9235
63.5908
59.5241
108.969
109.557
-83.4488
1104.61
-17.0024
287.339
-60.6063
151.887
-278.368
-13.7812
24.672
83.5145
-309.49
-7155.15
-73.1385
-32.9704
78.2082
123.039
24.3386
-347.072
-51.1848
42.5492
241.585
-1461.53
-12.4162
-130.433
-39.4534
-68.0499
35.1426
-41.2112
-13.415
-232.617
-134.152
7.62973
247.101
338.928
-144.087
62.8169
-17.585
-18.1214
-69.2321
17.7175
223.354
-57.8136
-82.1866
153.919
-264.135
44.7192
100.665
381.871
-113.662
523.438
854.272
-371.272
140.613
-14.9352
74.51
-155.789
-25.9249
-61.2374
-32.9547
7.88244
160.223
207.742
239.556
-17.3388
-496.683
418.248
-51.5775
-2117.86
29.6645
302.087
-168.712
-158.07
-13.66
-154.369
163.984
-352.171
-35.034
-122.468
10.8849
436.056
777.683
-179.215
-623.196
289.634
-93.2499
-68.2994
-57.5604
95.7727
-17.577
93.7659
-52.0795
58.6811
-13.4095
214.647
-35.6952
-222.865
-3077.6
125.496
23.6436
2.2123
-1074.53
-1265.38
41.6197
-34.6079
78.7912
-490.736
-106.689
25.3276
92.1177
-12.9549
-198.983
195.669
-92.6486
-72.3468
105.519
-143.227
30.718
86.5095
-83.5262
-261.609
130.835
94.3972
106.739
-9.36942
-107.831
-1.40099
136.291
-7.93461
135.267
316.724
-81.6813
6.24066
-32.2466
322.355
160.501
-49.9255
-87.2899
-304.114
-11.6651
31.3379
-52.2991
323.238
-620.391
100.088
20.24
-78.1473
-141.986
-97.9517
-109.325
-218.663
78.7737
-78.3739
440.566
913.261
29.2128
-402.668
-61.3821
569.266
-83.7518
35.4944
61.3815
-9.30463
91.0734
-170.848
-275.637
69.6345
33.7737
1479.99
-617.563
-208.628
42.9294
-13568.9
1972.08
-61.6435
-43.6974
-28.0774
65.6463
-38.9872
319.973
-3972.24
-54.6581
128.305
-827.784
13.1198
127.195
477.357
112.008
-100.938
-141.063
55.4359
-229.627
521.654
80.7765
64.5302
-15.5341
-29.3687
566.147
-43.7497
-88.239
147.707
-356.65
131.652
170.336
229.778
-1.09127
-32.3512
254.938
66.5559
165.857
-170.871
25.3062
-23.0005
146.618
49.5891
602.017
-307.132
-136.998
124.323
-1779.88
317.715
-62.1965
-0.317851
-54.2136
55.1151
50.9392
-106.187
68.4757
177.377
-195.433
-112.828
67.1296
79.253
-50.1426
-352.67
-520.523
-2913.06
-422.179
64.4201
645.569
247.41
176.601
-26.2621
-179.012
-37.6164
291.709
-128.511
-68.9191
167.442
626.427
41.4416
80.7518
-3743.37
-162.948
-27.5009
-41.7501
107.189
402.965
156.323
29.5612
1447.74
-59.0812
176.497
1246.77
269.574
173.666
-124.705
-140.993
-48.2869
98.1412
-82.8798
-28.261
-169.317
121.875
-1369.58
-107.146
15.3045
-101.1
-255.768
-14.4447
-87.481
85.6304
2798.63
35.7461
-135.648
-144.101
143.711
182.543
-15.6653
-205.057
71.2046
-178.763
-96.625
-266.736
-264.387
-25.5228
9.22037
-747.229
107.259
90.5308
469.98
-44.3216
-146.97
3.64477
214.373
-41.536
54.8285
-39.4162
-110.938
82.046
24.4508
77.2926
61.7804
209.358
-75.0674
-451.239
61.0833
-138.17
79.7724
-201.401
-12.632
-353.314
307.555
-10.8529
-1740.28
-41.1329
82.2254
-142.958
-29.4788
106.302
-21.9143
14.3972
22.8557
-160.284
-4.39886
36.0093
-2679.26
2.30467
-20.6953
101.715
-366.75
60.1718
-873.968
-0.850157
2716.09
-705.672
37.0571
-96.4925
17.8301
-6196.44
35.0303
88.703
-466.03
-119.359
161.19
-147.029
-68.0111
-42.2745
-137.887
-484.543
280.487
-59.0809
156.423
137.422
79.4723
-65.3458
-182.754
51.3025
679.627
304.931
-578.181
-247.865
2554.68
-296.643
-49.4142
-102.298
-227.821
-15.104
96.4381
-361.082
27.9261
-43.5768
-570.867
253.279
132.291
54.527
3118.08
-87.3019
-53.492
-21.9009
-47.2264
-10.2987
-112.484
-59.0236
33.5955
76.2936
35.6779
-18.3071
-174.743
64.6544
346.838
-363.508
-117.512
94.6268
-100.711
-1.35237
20.5267
354.374
45.7981
97.6345
-10.2587
-109.622
393.197
425.309
60.6901
-282.027
29.4143
-356.483
-151.185
178.9
-197.453
-102.08
-159.956
-100.945
1420.68
-38.1729
1720.56
-32.6301
120.226
86.0831
729.078
-239.383
9.3188
-833.629
-184.315
30.8243
85.7704
676.531
-58.5953
156.015
-5.79474
-34.0324
47.9975
-128.341
-1537.2
352.835
1479.87
53.3355
-109.306
-167.353
-69.679
-155.637
-3652.38
-59.0876
117.108
118.059
-8.69347
13.5047
506.111
70.3194
140.235
-91.1339
-76.4246
-48.8413
-59.2621
60.7605
-58.353
52.3754
82.8458
13.2624
49.6409
-11.5096
-22.6412
-48.2957
-41.095
35.1833
58.8137
-82.0298
-31.0367
93.6717
67.8215
-92.47
24.3043
139.495
-426.97
-16.1183
-10.2025
-221.016
-258.309
-129.58
-67.0382
1271.17
-330.023
55.6018
873.833
-51.6701
142.994
-285.962
-53.4612
-39.895
61.3694
7.79878
274.722
-30.4949
136.318
-137.22
-15.876
-2428.11
61.4544
36.1219
-1126.99
372.667
-21.3149
182.535
260.515
39.6726
-80.8987
149.377
-948.733
-1147.46
55.1153
25.4705
62.0939
79.1522
2180.53
133.311
-604.071
293.285
113.206
4.67172
518.568
1230.82
79.1339
-38.2383
-3332.68
1292.83
-172.623
20.2886
-38.0136
-133.556
280.247
-302.765
2410.82
4.69944
155.33
-171404
-109.259
-1001.4
-10.4585
-476.51
-9.15362
-28.342
265.118
-105.073
59.5113
72.6113
-107.692
443.828
58.5427
81.6425
48.8528
-96.098
-36.2112
-113.903
36.972
-355.004
-112.361
5.81285
227.995
-24.2553
16.1667
105.037
-242.84
120.227
-74.2784
32.3524
-102.038
-93.6441
-221.286
76.5083
-33.7459
-167.166
502.777
63.2553
-720.55
-183.326
-11664.3
112.163
-29.7568
20.3547
69.9347
-115.367
-49.5756
-23.0264
-72.3449
49.6991
-80.5038
27.5061
102.216
-41.2608
-173.856
-145.215
-289.071
-177.724
-209.524
11.5217
9.82927
-27.9102
-486.873
-78.654
-194.074
55.9648
71.0381
-91.4051
-981.324
77.4167
-3.12646
1767.93
-185.865
49.9024
2075.02
103.083
174.69
-799.668
-173.236
-3.38202
189.813
196.413
-126.424
-221.226
505.956
-149.624
-247.044
-895.159
-108.808
-2504.86
-19.5354
235.372
-278.624
-62.7967
38.1237
-29.267
-1163.22
71.398
15.3186
-551.874
100.745
-161.659
85.0129
4.68239
2.19963
176.286
29.6597
27.4257
283.951
-18.6309
252.204
6.86048
272.239
-100.498
235.737
-6781.04
-568.902
-97.1984
16.3702
-40.9903
-75.5472
-27.0747
-50.1515
-230.677
62.469
196.972
53.8213
0.0650678
92.5721
-331.133
20.5979
117.938
-34.9212
-129.978
163.305
67.6712
-4925.12
-159.48
251.108
197.403
2.22863
-637.019
-22.2215
172.998
149.293
-226.916
1190.51
213.658
78.0321
79.3068
73.9518
105.295
-54.932
7.83154
-275.957
73.5416
356.463
-1080.72
-43.2774
-15.8687
-18.3283
50.6165
-60.8018
-17.8103
266.778
85.5384
63.6926
-51.1933
457.12
-273.377
-278.171
293.453
167.248
-145.64
174.059
-176.651
8.51308
-137.574
8273.6
-3093.79
131.793
51.4597
220.876
182.366
194.873
58.6681
-348.852
64.1134
-1175.51
-118.033
-631.055
-37.951
-80.608
1520.35
45.2244
-1443.81
-81.3375
-62.7757
-20.8047
169.682
909.995
212.054
364.89
-322.333
-58.1312
267.585
-57.2588
92.2677
-322.65
-52.358
910.555
807.645
-105.605
-93.7264
-36.0011
13.1116
-312.268
-34.211
-8410.7
13.9566
-1057.12
113.217
138.261
-519.633
-209.895
-33.2219
760.707
1674.29
106.597
-83.7797
46.2767
-61.5389
-240.287
-24.9184
-48.3204
-93.386
82.1978
-229.62
-162.972
-6.9282
-147.102
-973.506
494.593
131.312
-176.593
-34.223
25.9036
-421.557
123.826
22.7251
56.6239
117.824
-1761.39
732.455
415.715
16.9753
22.052
-75.6253
48.3
395.462
38.9374
-265.017
232.963
-74.7353
15.7429
6456.34
250.359
110.147
-29.5853
102.742
89.2602
-70.7017
-83.1006
141.096
390.635
-475.227
29.8463
-725.622
-307.668
-122.595
-79.3603
116.312
-81.4888
2678.1
37.939
-293.285
-859.62
-25.29
-55.9584
115.471
-35.6056
-53.5869
-82.5799
-2.09217
504.029
-8.49369
-94.8815
-16.2672
158.425
1766.34
231.398
245.023
-169.373
82.2347
54.4319
-297.794
63.5364
792.876
-1552.01
-17.2515
-16.6148
-24.4397
-4.80924
-23.9592
89.5238
417.236
70.6104
-32.1516
669.294
186.296
-440.38
-258.828
-182.828
-363.474
34516.8
364.363
310.425
122.287
-222.035
-17.875
-60.5164
1.36257
-69.1342
113.264
-264.155
2035.83
183.197
209.384
-40.5311
33.8593
869.241
26.4874
7.44548
136.693
-62.9759
-87.7454
50.4155
-877.698
171.369
191.282
52.5686
-160.317
18.6967
-87.8028
107.557
-67.5603
-193.603
-19.7235
-236.661
-142.771
-35.2688
523.64
1454.94
182.814
-36.7121
-1.4797
81.3688
41.6912
4.66931
-566.536
-61.132
116.504
-3884.59
23.7119
303.507
-347.303
-156.432
70.9704
-80.727
89.1476
-23.5611
2943.5
-4442.06
-278.084
-14.8981
-151.846
47.3934
-88.7969
14.0383
170.01
-502.37
-213.052
-166.128
-261.842
29.3074
822.61
-97.5308
777.362
48.8276
78.2089
48.0307
289.889
-38.5293
-116.905
-604.877
-124.972
-301.362
93.2375
275.125
9.87068
-27.6605
3.96784
-83.0516
-46.0191
-302.455
-41.3845
-31.2662
706.946
249.394
101.836
1734.81
55.4467
3246.41
46.869
-376.106
19.8237
-5653.93
-57.6921
68.4405
98.4523
80.3423
-971.278
106.922
-22.7659
97.5982
-569.633
-2520.34
193.531
13.927
-4.02581
369.473
-52.8443
-30.964
1848.62
48.2527
-20.0302
-326.155
-37.8989
35.8257
-2486.52
-35.5774
-172.383
-11.2379
155.795
-47.1244
-714.512
-1689.8
1057.48
-29.7407
-81.3779
79.8704
-93.017
-32.8048
196.483
719.251
-145.731
14506
62.2026
142.913
197.059
-482.722
179.389
-199.101
-2.97044
-277.656
27.641
3239.2
-142.646
-300.424
-84.0169
96.5858
97.7028
-132.598
125.487
-592.498
-26.8827
-12.0382
-97.6496
-12.8453
-128.053
-165.444
-236.184
-1543.31
-226.256
103.004
209.467
-40.2849
73.0484
3.45702
182.019
-246.439
-41.9727
154.751
-148.345
196.767
501.771
-113.653
-168.037
571.694
-71.6798
-9.51017
-99.3553
59.1239
1124.49
-184.956
47.1902
3.35462
-69.9475
13.6429
-123.822
-53.2589
-2.33944
-69.6444
561.504
139.652
14.7303
12.0346
-205.266
362.692
141.246
27.8796
69.0737
-34.9621
-43.7174
898.149
-526.654
58.9672
10.1921
-124.568
74.9421
-89.6371
-36.8894
-57.1207
-73.189
6.56603
-130.389
393.693
-168.316
18.8543
60.992
495.494
-15.2541
183.303
67.8267
70.4639
20.3891
121.993
451.164
-688.269
93.4595
-9214.84
-162.215
-27.6119
734.299
-13.8236
131.143
-101.543
588.69
-30.7602
35.028
-33.9037
-42.6566
-331.289
-125.382
276.247
62.4072
646.379
4.44048
351.115
-81.5384
-177.238
324.044
-46.1649
-216.77
148.242
-22.0049
36.1596
-78.9546
68.0875
96.5389
-132.06
5.43511
-60.109
76.914
-146.605
155.268
-73.4056
481.941
693.007
-2495.68
-176.911
147.161
-12.5806
1696.79
-64.9079
-111.037
94.6369
-1.9222
305.065
22.3998
-576.224
113.883
5.72002
-18.7223
218.472
42.9518
-476.085
3617.8
22.6591
-104.733
-35.6416
-49.7459
-109.973
46.9261
-416.87
360.642
288.95
-87.0695
264.505
-219.773
-8.50198
-103.246
-34.3598
-567.638
-1.80943
-6.22332
-207.768
-816.914
-466.765
-574.746
-223.506
115.073
-197.674
-524.005
51.726
-181.721
-174.62
45.4723
1370.91
-112.035
172.41
-17.7322
-325.064
667.759
3.32292
28.1565
-191.78
39.0246
-17.9502
84.9398
302.119
-287.982
63.6116
197.224
-78.7571
-163.587
-260.923
72.4326
-98.1821
-267.26
7.51497
61.8854
-102.715
-73.1343
-137.898
201.634
-0.964275
454.445
-1022.08
4.26468
67.515
-14.6981
208.977
-105.41
-29.9998
56.9751
-32.3997
-179.011
-36.4674
-74.1309
-141.656
-149.248
928.096
-95.3996
3.66738
1005.77
387.572
35.8272
-44.4237
-809.649
-85.7424
-91.5271
-315.407
-25.5854
-52.1945
82.1016
136.982
26.7079
-162.292
20.1551
22.3244
-431.364
-155.84
-106.05
48.5908
-498.706
102.41
-578.365
97.5442
-249.106
-2927.97
-92.7175
-21.6498
-2.75909
160.211
130.938
-5.37753
-51.0936
32.6329
-356.753
81.9636
89.7874
-61.8127
195.481
174.035
-85.0554
115.934
-69.1003
-59.2228
-51.9163
60.5085
206.66
-154.616
-87.3028
-72.1854
78.5791
872.526
45.7136
-113.892
51.0546
-37.1673
348.069
105.378
21.1282
445.276
-284.346
263.973
257.546
115.552
49.6559
86.6962
-1000.09
-578.248
-65.75
-242.331
183.437
-50.6747
-450.162
-8.96664
89.8803
100.591
-51.3524
868.048
64.3555
4.41805
-24.816
914.385
-3.38171
31.3266
-42.8794
-7.23905
-66.9429
-983.859
-26.1887
-52.3385
-180.901
165.249
1182.39
-493.589
-313.365
-533.107
105.086
-279.235
-30.9463
-100.196
-4465.84
157.023
-75.0313
27.3601
0.240772
9.36964
-101.571
-48.7365
52.9489
26.8032
-128.412
-106.53
-165.289
-8.912
-82.9598
-205.245
-160.492
5.55818
241.712
55.6742
78.3398
-57.6986
-31.9695
-51.967
-40.9182
-7.91397
-12486.7
1.30649
30.1614
-645.428
56.4327
-75.8184
347.133
2599.98
53.6084
90.3405
-85.878
492.585
-37.1119
-115.26
3365.43
241.515
-244.482
-318.51
706.1
-247.431
144.029
-27.562
-7.60962
24.9455
-1.68951
-92.349
-85.7753
-11.8184
286.826
152.293
-1066.85
-210.348
-172.704
-289.921
65.3066
-290.076
-31.2245
-68.7845
-120.749
11.5033
-308.919
-57.4833
158.785
3.93691
-174.597
-1629.46
2150.47
-388.053
-114.282
67.8958
88.695
64.9414
-67.6964
-10.5098
143.223
86.0716
1.44419
-69.4736
23.5502
-36.6302
183.415
95.1637
196.446
229.228
-39.5705
31.3944
-356.181
-0.175378
99.8156
-800.867
-87.7017
714.756
2562.86
-44.7957
183.237
89.8156
-0.170097
-217.605
-104.685
-18.6913
1145.67
-37.2125
64.3649
10.8231
-209.76
30.7731
23.6673
-181.829
104.896
-3948.85
4.76733
-67.7002
46.774
-85.345
27356.9
-16.395
-62.218
272.923
128.08
78.9491
-392.328
1531.16
-226.631
5.09168
89.6849
58.6462
126.437
-17.4983
-232.414
83.7605
-21.1877
-366.229
567.46
-1799.61
80.4822
67.6772
260.862
-254.182
-560.313
558.83
16.1109
185.54
28.423
-725.583
79.5787
-25.6908
-133.855
-151.844
74.2215
-994.42
-115.828
-229.074
-31.0082
119.975
343.968
155.839
114.46
311.49
313.942
-36.7238
-136.349
33.2507
-207.384
18.935
33.3847
-527.213
-10.9639
-370.719
113.104
182.148
-32.4143
-28.2163
-57.3961
22.1146
24.4905
101.477
909.735
-31.7833
-199.36
93.8747
173.064
7.17767
-131.606
-226.588
31.1523
-166.632
-178.644
151.822
230.105
-246.684
-1692.47
-764.27
-33.7765
-19.2168
-23.1029
-15.0454
-327.137
-59.4458
-392.9
86.5407
-29.0903
-87.3856
134.411
-82.2066
-174.391
193.903
538.963
118.598
-15.96
-36.8381
-176.406
324.095
24.5151
-290.828
106.11
-30.4856
98.4717
30.5817
1015.79
-63.2177
49.7599
53.1295
-151.6
327.077
16.2583
69.1436
-20.277
141.025
406.844
983.723
-77.6938
35.2672
-70.5592
90.8134
34.239
86.36
1383.18
-106.69
403.464
58.6505
-88.5347
-34.45
-206.005
56.7273
-32.6512
124.652
-156.664
10.3524
-173.009
-87.2924
65.6056
59.9988
-612.835
2.83632
53.4695
-8.05204
215.875
61.3425
-495.743
266.888
-98.8682
176.342
-21.0206
-122.485
-666.188
106.239
-68.1148
266.391
300.173
-80.8643
-54.7914
165.027
-2949.38
242.571
-106.853
-82.6559
351.301
45.0545
-6.44758
115.677
147.513
739.002
-124.912
-138.311
227.01
-83.7234
152.375
19.847
-7.73788
254.335
-70.2251
1247.26
-358.828
-63.5065
1.433
-83.8071
-274.226
8.37778
-1238.25
-103.059
7.71322
-10.7901
-65.3488
-146.511
-591.904
-141.167
1300.15
446.378
-12.7632
351.617
-185.365
30.1482
-111.204
-69.2105
58.0067
-410.031
-176.292
47.7818
-89.4751
17.7126
-172.965
61.6786
-243.045
-65.9938
25.1683
84.1352
56.7677
-112.755
-75.8749
50.8025
38.3059
-170.057
-121.691
63.2441
-150.094
-4682.83
-1307.62
-171.501
24.9606
-285.148
-34.2901
971.415
-14.4692
-21.3565
20.6325
63.804
76.1341
-2543.05
34.0107
-83.5228
-463.104
88.8131
158.802
73.313
-94.6246
-167.152
236.163
326.283
92.8629
-232.957
5114.98
34.9353
-2084.93
-75.1735
29.0488
138.294
97.7426
-569.081
-46.9353
-6.51894
185.256
729.308
-278.274
-196.819
-37.4889
-82.6512
-64.1496
-152.256
-131.546
-25.8606
-219.575
-118.604
31.0584
-313.416
10.7102
23.367
-113.592
-247.451
-33.4557
3.80973
-48.4647
-54.1312
-178.415
-673.069
-50.5913
-244.506
-247.308
48.3921
-10.337
-202.424
6.14182
-4610.04
-110.844
-128.931
387.675
594.445
-28.5706
96.6125
1690.8
151.451
-311.124
125.725
23.7993
83.8637
-0.190375
61.7657
244.652
42.0928
116.521
97.9217
99.4833
335.162
-5049.43
29.8982
417.379
-100.991
165.111
171.029
30.1187
-166.436
33.3088
-101.811
-39.6439
-99.2707
149.996
-280.678
84.71
-168.154
-241.73
-88.9432
-30.5336
1124.46
-30.7387
-18.5326
471.107
-26.7766
95.6457
-112.206
-989.154
-477.948
-21.0153
837.345
-26.059
123.176
674.62
-142.84
110.497
12.1444
55.1315
5934
66.5965
102.933
121.826
694.896
123.752
32.8544
64.0595
-37.8557
-71.7667
-188.519
-9.45231
564.638
-5.30913
93.5264
173.075
-133.45
671.179
-107.346
78.7185
264.704
26.8322
-110.524
-24.1479
2.82074
-12.2895
-130.776
-32.7875
65.0585
3234.75
81.6492
1545.28
-49.461
-229.676
20.909
-26.0963
-164.124
222.358
-1302.86
130.536
44.7533
403.747
6.71731
83.6562
94.7213
-291.823
-43.1885
-43.712
-23.1578
-33.0477
-42.8477
97.9646
35.9152
559.774
20.362
213.723
68.8019
-124.661
-34.0833
94.8201
-61.504
-10.6983
117.107
101.575
-98.4373
184.868
-152.403
-161.852
40.976
195.877
229.132
-645.815
116.414
-60.7028
-40.7014
39.0995
-104.901
43.5729
1071.76
-79.6699
-59.9213
-177.079
-137.279
-50.3926
85.7853
-35.8901
61.2965
-138.869
59.1302
-92.0289
320.64
131.337
165.303
-316.706
-105.334
-316.941
313.676
32.4558
200.257
160.549
535.414
1260.55
-50.2452
112.435
-63.2538
-21.9117
148.928
-45.0906
59.1586
535.991
30.4782
24.9856
53.9624
161.599
-1690.96
-253.057
-119.607
4610.74
47.8525
188.987
-97.1538
-71.0518
-68.7496
30.3793
305.762
61.4193
-80.93
40.3013
77.8725
131.783
-3.54518
225.409
-45.7203
46.1933
-49.2442
-305.93
-11.2327
118.952
93.3795
345.407
-121.138
105.422
46.7058
48.968
83.4919
-16.4627
-137.856
-245.955
21.5256
-60.5292
0.817627
837.754
-24.6844
265.066
203.71
-0.207482
278.353
29.0524
-563.602
65.3901
241.506
-187.787
-90.4446
24.2332
-4.95476
-19.7759
-513.863
-126.2
40.7769
-43.6581
66.0158
475.569
357.092
782.81
4.17099
-74.786
-75.1832
-59.1678
1.42423
904.353
-360.49
10.0627
50.6051
125.107
29.6535
514.285
123.848
-1239.34
106.619
-40.5924
-35.2262
117.797
-73.3555
30.4472
-15.331
-106.699
771.136
73.1852
-68.8028
3.91773
-22.9831
-122.252
528.24
27.7229
1131.9
70.9315
129.221
287.623
-1284.54
-521.591
-39.3277
8.24719
83.2607
46.8728
-47.6969
-141.913
-68.9985
-53.9977
4.68426
32.3351
-711.11
37.2917
21.8238
28.3702
-6973.88
46.9296
-3022.74
-39.1216
10.7843
86.049
-38.4819
-1097.89
-211.72
108.317
108.264
27.3829
-57.048
-166.818
-460.225
219.692
-902.201
-361.311
863.3
64.0973
-26.0977
-80.9138
-4.45717
-258.175
-117.654
-96.4754
-100.407
-73.4018
34.639
-31.228
-29.8787
-33.2263
-1087.64
-89.416
-100.661
-76.0261
38.7434
324.507
-543.327
1153.37
35.3858
110.135
-22.6639
21.817
-106.933
-104.945
667.238
-10.1576
-240.818
-152.658
17.5876
48.5693
-28.4641
-1688.47
-333.774
-251.855
-326.466
66.7515
72.568
76.3736
-35.6994
174.274
-39.0376
52.6018
-13.9519
942.569
32.6918
-128.88
61.4658
385.546
87.0348
-877.075
-23.2693
-715.078
69.576
-118.78
-151.226
-3150.8
-42.7519
104.923
-103.805
-82.1703
-1786.09
447.285
130.018
664.603
236.981
76.1551
71.229
469.633
126.173
136.434
-103.83
-213.389
444.675
1.89421
-370.746
20.7992
-15.7409
177.977
-1894.95
2576.01
84.7149
-168.414
3.05299
-7.7023
-54.9877
-39.873
-134.004
-22.2476
52.6382
-4033.16
2557.09
27.2727
-71.2487
-4.34086
-152.708
202.336
-183.747
-207.288
-90.3543
6.40862
-496.447
-482.549
23.1625
-64.9165
18.773
53.5248
105.675
455.192
110.274
-416.64
630.703
-36.4252
-77.117
81.4258
-48.2502
5.16551
-11.6977
-135.209
53.1176
-902.822
-47.1349
40.2943
-60.8382
0.433749
-30.2026
62.565
-35.7944
89.2542
-73.3056
2390.57
-83.0495
195.416
904.629
-151.284
84.7075
-83.9883
-62.5304
200.62
192.398
55.0903
640.891
8.09342
-7417.45
38.0129
-42.4152
-310.462
-106.938
-321.012
-246.2
131.3
-206.75
-78.5418
6121.95
129.023
257.585
139.418
-3964.24
-13.1044
245.333
-217.812
-152.413
-40.5958
13.8049
-39.8021
-28.2095
299.17
12.4691
-939.33
2830.49
116.833
-131.634
-11.4909
121.501
128.894
200.443
-19.0425
-104.575
47.8364
-8.01354
192.581
-29.6701
-86.7018
-140.426
-0.597198
-9.55375
-142.682
-167.698
-30.0076
-103.849
-341.045
65.3982
-92.1148
185.452
96.6192
-53.9598
54.2703
-102.838
40.5435
-354.919
-180.314
43.8836
6507.42
-256.039
-118.783
-466.299
-626.862
298.822
63.7799
-183.033
-85.2554
254.454
-373.083
-247.622
271.182
-31.8301
-86.3188
183.914
35.0219
57.1715
98.7664
-60.7332
1138.32
-56.5726
67.2796
1749.87
-56.4978
3.27409
110.245
90.1862
112.097
110.857
113.708
-114.389
79.5529
-165.585
61.5885
-370.112
-43.38
99.5291
3401.75
-695.526
-58.1836
510.63
19.3165
-4.24165
24.8482
-16.7406
25.4967
311.752
-125.161
-67.4656
-29.4566
133.088
136.614
-63.7564
95.9476
2486.84
-534.59
-1753.8
42.1088
-1575.87
61.5433
34.9788
-51.3012
-91.2671
222.198
-25.7897
678.772
-233.42
138.86
35.2582
194.219
267.014
131.32
-45.9138
-92.8874
-68.3151
64.2921
774.276
-40.2067
-43.8464
-137.856
-271.98
185.45
-30.7639
-279.291
-362.089
218.116
107.629
94.0819
-79.1509
627.467
-9.52677
82.0958
-260.242
168.701
176.897
77.1211
-102.743
-33.1216
259.497
67.3222
70.5189
48.452
152.237
768.5
-34.4047
68.3725
29.4067
108.52
25.0107
-698.297
654.969
-180.939
-22.9562
-650.107
-258.898
76.4146
-709.744
-181.485
-225.155
5.64499
-66.6484
-61.2977
76.6909
40.4221
-614.244
47.5006
-22.3866
-2254.8
-64.2554
-2003.68
355.848
-24.0607
1.26143
-53.0157
-352.917
-225.458
208.696
14.7416
107.514
2297.41
157.764
-87.9517
45.0127
-202.289
125.219
-62.5619
87.8827
240.653
-31.3849
-37.2032
68.805
-191.239
1105.05
8.63243
-82.8487
-259.578
-211.356
-200.836
-661.74
-105.856
316.44
5.51787
132.274
-130.644
134.939
660.258
104.77
-469.019
-49.7804
366.606
86.255
-43.7074
24.2346
95.5827
5.18407
-20.2731
-2.93335
-59.8803
-237.012
-43.8068
12.5536
-209.345
-16.275
113.148
-11.8505
-324.428
37.0554
1.44714
208.974
-55.8266
-293.604
30.3705
79.9633
37.4958
61.1607
58.2626
2660.96
365.501
5.02662
-61.9856
-5.34744
33.0147
67141
-2462.5
-130.268
7.62783
93.4377
22.1005
70.3086
1112.75
5.93219
62.7045
40.0434
-190.824
42.2512
291.573
390.266
94.7528
164.178
-23.0057
-391.966
-175.311
-18.0723
-214.846
23.857
260.535
-328.838
1932.21
829.064
17.5341
-2.57376
-59.0494
-26.927
109.405
-5.73294
-141.513
-17.3991
238.061
47.5528
-102.335
-177.951
41.0047
55.5398
-116.077
-245.251
-8.41788
-72.398
90.2911
-66.3072
-62.5642
470.457
-6.29119
-18.4693
25.7284
900.638
54.9788
-28.7255
-52.3686
-4988.33
28.3283
417.134
498.745
19.278
-44.1437
218.138
-498.719
-130.335
-235.681
-98.0881
23.7509
-1376.26
-71.0845
276.829
-13.8416
248.59
166.64
-66.6371
-509.212
172.86
83.2237
92.7158
40.1645
-31.8572
-175.428
-36.3721
16.0049
26.7318
-247.157
21.2051
217.716
-4.12329
-26.1052
-72.4541
-169.233
-126.949
-66.6312
-83.7205
19.693
-235.821
-194.061
5.79784
161.334
15.7559
33.8991
33.9411
-77.8121
-50.9016
-724.849
-199.626
25.7245
153.135
45.4677
-1202.58
-48.591
198.745
-3338.26
5.14924
106.878
22.9779
-57.2078
-243.241
400.617
225.675
-46.3815
-325.733
-793.569
-138.555
485.194
186.687
48.6908
65.727
-14.2689
269.302
-144.51
168.055
-26.8283
-123.88
-12.0932
-137.864
-275.381
-375.177
128.055
120.791
-203.449
221.373
74.6877
-94.7174
-707.719
59.4584
-80.0378
612.991
169.465
467.738
-42.483
-98.1234
136.877
-42.5505
339.463
602.663
53.1321
-15.1787
-95.4769
-713.841
138.617
149.232
20.1824
274.381
352.242
-96.4799
0.223022
190.084
-115.537
-162.375
23.0638
180.667
466.638
923.105
-119.674
-3.75815
-63.5216
101.158
-141.774
-7.08659
63.7287
-114.98
-154.042
34.6204
-0.19257
13.1666
-89.9572
-13.1681
-49.9684
34.0565
141.319
-36.2994
268.736
123.511
-113.403
138.366
178.989
-135.649
-119.112
-62.9209
14.4973
40.8031
230.105
5877.88
-248.822
0.267261
2012.25
14.8059
-285.988
25.675
338.01
279.009
-42.9564
16.0729
-1038.24
-99.5466
-102.977
-585.155
169.081
-43715.4
-319.216
-347.426
-57.3072
17.5597
-1174.79
337.652
-25.2325
-326.275
125.133
200.246
60.1711
102.051
15.1957
10.905
8.74934
-42.0246
-13.3756
-814.619
66.6737
-59.6604
-232.14
417.881
12.1937
51.7803
-106.106
-56.8032
374.286
27.8684
9.24067
62.6814
9.58564
-18.7145
-573.06
55.8691
-16.2574
231.812
135.009
158.777
61.6907
-53.5173
-49.3026
1725.14
-28.8861
141.316
-209.999
-86.9949
669.852
-428.489
-160.756
212.911
263.617
59.633
23.5546
25.3964
188.787
-140.229
-510.437
216.665
1117.74
113.922
-942.915
-22.7113
52.0821
-277.516
125.983
299.591
98.1555
-135.313
58.3752
261.192
150.212
117.82
-120.069
-77.6678
-946.496
-102.216
-26.4945
829.539
157.979
82.5743
-87.052
31.2875
-4880.67
34.4788
-4345.06
210.361
-74.1502
88.1356
-31.8575
36.9099
133.226
48.5648
-19.8993
99.59
39.494
104.424
-196.585
667.066
110.987
-536.513
-239.764
-223.105
3666.91
-239.053
17.6289
-100.915
-53.6794
182.285
200.274
19.0379
-131.78
-125.32
-20.7964
383.608
-560.638
-1805.75
-165.197
-23.7752
-18.4567
62.4221
-27.0279
-9.49866
-101.025
-246.392
-44.6337
-236.667
177.592
84.7835
-112.567
-524.138
-10.9686
456.95
-2172.56
-40.2501
122.398
41.2022
-170.541
-5.81632
-26.7383
-106.968
-73.426
-72.105
617.772
137.769
-105.773
-107.4
-242.183
146.739
74.6867
77.8661
-34.3816
97.9887
-238.025
-306.192
41.9348
-76.4788
51.6329
-338.844
28.3354
6.28873
857.442
7.03089
708.632
271.798
23.8673
176.838
61.9386
-20.8723
-81.7925
-182.244
-157.282
1752.03
-75.9767
-604.065
-58.3987
-351.692
-195.54
30.9269
-343.629
-23.7033
3.78463
3016.77
13.8231
13.8518
311.969
1359.67
56.8164
-50.8294
148.108
95.1085
-133.757
-97.5171
-970.267
-28.3949
-82.3439
89.96
134.438
-1301.85
-13.4811
-126.07
-52.6275
132.256
274.004
-283.509
61.179
126.361
-95.4366
-92.6501
321.126
183.528
-21.4988
-814.118
40.0521
56.482
605.083
80.8856
-342.681
-217.484
-2950.97
-16.5806
-177.491
-185.76
-126.755
-121.312
-115.614
-236.923
-175.317
-129.437
4.32585
-197.578
103.066
-210.347
229.502
-71.4207
32046.8
-75.5545
-237.371
442.38
375.779
5.3806
-19.138
280.822
-33.6985
37.5191
-268.779
172.337
400.101
-227.485
31.8749
-51.7899
-9.00727
134.153
-22.1269
-113.044
-323.374
-142.279
-123.575
27.4478
-210.979
24.9223
29.2284
-209.825
29.5841
-101.157
586.439
326.942
177.913
29.8714
9.14612
217.093
-83.3977
50.7186
194.689
474.492
44.3758
-272.425
116.459
177.262
-13045.5
55.0276
-160.145
6.84845
-9.86774
-1.29206
90.5963
505.22
291.042
206.482
13.7807
-84.0303
-648.687
91.311
-589.838
-72.0198
-307.11
-237.331
64.664
5.19829
1168.28
-215.649
-289.931
152.683
103.216
56.5419
192.029
640.059
709.03
180.682
-29.591
-37.0357
-1737.89
78.6809
29.0714
126.153
182.882
22.9108
-24.4644
856.508
6.20262
-35.0492
-31.9966
-10.4236
-48.6009
-95.6988
3620.14
27.0618
-129.67
1222.85
95.1907
71.103
-57.1925
-115.624
-404.954
25.1519
7909.27
14.0604
219.363
248.565
-60.0118
156.08
159.675
26.3179
57.619
38.9573
-22474.2
-349.42
322.684
61.3165
36.0482
820.425
477.309
-33.5975
-234.525
-336.187
-337.854
258.598
-19.6642
-291.675
-11.111
-0.434163
-3302.68
-95.854
-5.57208
-1044.25
65.7085
162.925
-290.166
-31.4898
-16.3834
-11.7193
-16.7194
-198.674
1274.86
9.338
269.07
20.936
-188.472
-731.789
-41.0678
35.2815
-94.3425
161.985
1484.71
1755.48
63.8985
1280.45
-0.176634
82.1655
85.7727
1876.53
-439.492
163.925
-28.7889
-19.7471
21.3464
92.7056
-70.2762
247.185
-265.096
-29.9602
83.9248
183.241
-99.2253
98.5388
-95.1763
-310.968
-97.218
-48.0577
818.238
68.1172
10.5237
12.9091
-428.71
1560.54
-208.927
10.106
128.348
-42.9467
491.111
887.993
5370.03
-219.894
-31.2028
25.3979
-614.314
-49.9103
-45.4488
31.9033
3884.49
-33.5237
-195.389
754.671
-20.9217
214.067
-162.152
53.6558
212.401
-324.218
45.0759
-10.3123
-85.9149
267.925
-37.5035
-5668.45
580.184
-23.4699
360.037
-5.41262
-5965.42
99.6482
0.534631
-25.2778
-7.8819
-53.7694
8.76318
-33.7984
201.473
-203.317
11.2031
-40.2719
-196.156
241.967
-146.946
25.4621
-265.453
-81.3116
-188.588
113.444
389.984
-73.232
56.7826
22.3076
10.3084
-320.37
-446.975
-30.6175
153.269
43.1012
72.5465
93.1172
24.1927
-24.8964
100.797
1435.08
-490.673
-22.0092
-27.5227
130.042
-34.6516
53.1006
-160.993
179.134
-6814.8
176.334
177.472
-146.87
-221.855
238.168
-211.944
74.6739
-41.9643
-6.44976
2775.68
-170.334
-176.158
-95.2596
-3.03271
-955.98
442.663
175.083
-121.933
8.693
-221.7
-120.83
125.882
172.301
191.326
9.7033
11.1396
784.385
216.161
-207.147
-300.294
419.135
90.3856
28.0652
-1100.85
-173.243
-465.749
106.155
-86.5935
-196.525
176.656
136.318
-46.7248
8215.91
70.8556
93.8105
-609.071
671.877
37.4242
65.1711
16.6425
1.13697
119.958
-636.281
982.285
-93.1949
91.7179
343.444
-59.9644
-282.573
276.001
23.4502
265.132
-81942.4
-33.2029
-72.6103
-92.82
72.8697
-505.372
641.813
-65.5945
-59.2056
-37.9046
-148.859
-14.2555
-66.8087
-213.515
-104.663
-13.9449
600.705
9435.09
