48.7276
50.4435
52.2333
49.714
54.5208
51.7897
41.4927
53.1828
51.0468
54.6296
49.662
48.3326
54.0729
51.2173
47.2254
48.7648
49.8177
49.8391
48.3355
52.2884
48.6046
51.9573
52.4903
53.1099
55.4832
53.1179
49.5212
48.632
48.5058
50.3116
43.5802
48.5475
47.3473
44.4732
45.8133
48.917
49.9541
51.8095
47.4082
50.9179
49.9124
49.6405
49.7037
50.9509
49.2205
48.4439
44.0476
49.7931
52.1544
50.7885
51.0916
53.4843
51.9137
50.8448
55.2102
48.6342
54.7348
49.1608
45.7305
48.8377
44.1605
52.3895
54.662
49.8868
51.1508
51.6559
46.6121
49.465
47.7253
54.2516
54.5761
53.0134
49.8226
50.3439
52.2883
48.4549
45.0656
48.3866
50.823
48.4641
52.1186
52.9214
53.1305
51.9706
47.3259
45.4552
52.1989
49.5839
52.3172
53.1034
48.5261
48.6254
49.2688
49.6841
46.5912
55.458
48.5074
47.9529
54.0131
46.7972
52.1439
46.6644
48.0816
50.6947
52.4256
54.1482
49.3518
52.8796
55.4934
49.0875
51.9862
49.1455
50.2311
46.1871
52.534
57.4713
49.8963
50.4185
51.8341
54.5628
49.2179
50.5295
55.7299
54.5022
51.6494
44.5066
47.2826
53.1949
47.4649
48.6764
55.172
49.2975
44.3856
49.1341
50.9701
50.3192
52.4234
48.1875
49.9774
48.5792
53.6307
51.5018
49.3071
46.712
53.4419
47.6356
48.9068
49.4049
49.2964
49.6524
49.2038
52.0566
55.2283
45.4985
55.0614
48.0445
53.1119
51.8314
51.7357
50.2879
49.2501
47.989
50.517
49.7941
50.9924
49.7854
51.7469
50.8759
47.0717
48.8215
47.8958
46.7272
48.3453
49.998
52.3902
46.0451
47.6294
50.9171
54.8759
48.3841
45.3136
46.8631
52.6055
48.9329
55.4434
47.0454
50.6378
53.3981
51.9574
47.7958
53.5352
51.6846
50.7682
54.4039
51.2489
46.0593
53.3725
47.2805
44.8771
50.4857
51.6799
50.1355
50.9852
52.8166
54.7464
52.8573
47.1751
53.5329
50.1008
53.7829
51.5905
50.7161
53.3517
53.0445
52.0471
48.9411
51.762
54.6807
54.4733
55.7779
50.4782
55.2002
54.3507
50.589
51.1035
49.2849
51.8409
50.31
48.3003
52.3203
44.286
50.9016
47.1111
46.4402
53.7713
52.1596
50.6842
48.7743
49.4364
47.5707
53.092
46.5844
46.2227
49.9023
45.9308
48.9788
50.7462
53.2124
51.3866
44.8906
51.9799
48.9685
50.4575
51.0083
52.4367
45.9622
49.0185
58.3465
52.5385
42.7073
44.4163
51.1433
52.8588
54.0081
57.2822
50.7722
50.9273
45.3878
48.2502
49.3566
47.2835
54.0605
47.2678
52.7739
57.4669
52.1386
48.187
46.7363
45.6304
46.7598
47.3233
53.6367
45.4668
47.8236
46.67
52.8466
46.1327
48.0222
52.4548
54.1537
50.8599
49.8565
48.7273
56.0264
47.9404
54.3218
49.6637
49.3934
48.7736
46.9521
51.2773
52.625
54.6611
51.911
48.2214
50.4042
46.0397
48.8149
50.3726
50.1753
47.8374
48.9783
49.8821
44.8564
49.641
52.7662
50.3816
53.5049
46.3632
47.7437
52.0327
47.622
53.0955
52.3077
46.1063
50.7844
52.8361
54.4908
50.7798
50.2914
49.7783
47.6227
51.8392
46.5131
47.8484
47.5378
51.9748
50.6286
50.1805
54.0159
52.3564
53.4422
50.2146
49.1445
51.1766
54.9626
51.1067
46.2889
52.8493
51.4361
46.1375
53.3581
45.551
49.5176
46.8085
53.0548
47.7926
48.2704
50.3109
45.7954
47.7085
49.6795
50.0569
47.9894
52.7512
54.3678
49.9599
51.3635
55.4789
47.2011
46.1511
52.0203
50.1231
52.4714
50.8197
47.917
53.624
52.3438
52.8656
51.4533
47.8213
45.2559
51.0502
45.8539
52.4874
51.9572
50.3343
49.0363
47.8916
48.8752
49.0897
46.6475
52.5815
47.4964
49.8724
51.9609
51.0696
50.449
51.445
49.3173
56.1131
45.9763
49.7356
54.8012
52.2738
48.4857
45.42
53.8363
50.4455
51.864
47.8168
53.3905
47.037
50.2434
47.7804
52.4764
53.4981
49.9082
53.2807
50.635
42.8749
51.0281
50.3574
48.091
54.0841
50.9064
52.1352
49.2655
49.592
53.4298
44.5881
48.3354
48.1857
50.4092
48.7407
53.5261
52.5257
48.4956
51.9931
47.8245
54.1657
51.3629
51.2572
51.801
48.7273
50.8406
47.5926
50.2275
51.9182
52.6885
48.0283
47.1781
49.0803
44.6963
49.2592
47.3015
54.9556
54.7995
49.9031
48.9509
52.3571
47.8964
51.0082
49.8609
49.4334
47.0556
51.4955
55.0569
53.2123
44.8
55.2262
44.6856
51.1131
52.1556
49.3807
50.4545
49.1139
49.1528
51.8359
45.3662
48.2615
44.4667
51.2298
48.4371
47.212
52.8851
51.3997
47.0864
51.4886
50.2912
48.8816
51.8839
47.145
48.8478
50.1599
51.3434
44.522
50.0718
46.3516
47.4496
48.7832
46.4856
50.0169
50.6057
48.9199
49.5331
49.7789
45.6902
54.9099
52.4481
46.4447
46.9083
50.7205
52.7617
55.3106
46.1277
43.8402
51.1378
51.3438
48.3851
51.0296
51.2226
49.9235
47.2509
52.9769
48.1963
48.8321
49.7397
49.5457
46.7146
49.1831
49.4547
54.3044
51.9274
50.9723
51.6525
53.0219
51.2618
51.941
48.9165
45.8197
47.6578
52.438
48.1263
50.6663
51.9433
47.9685
53.4101
46.9014
51.036
52.1164
45.7688
43.479
49.6605
50.5289
46.0574
46.6151
53.2674
45.6491
48.0133
50.5276
47.8416
52.8864
48.0171
49.9578
52.2884
49.9098
51.2755
48.1587
51.0836
53.7533
50.1111
50.0388
53.8765
51.4201
45.0495
48.1487
46.7318
46.6736
48.3889
48.1982
50.6992
52.7022
49.9405
48.7907
48.3972
46.3456
52.6285
50.0633
51.2995
50.5701
51.6344
52.9194
50.4109
50.8806
50.7759
50.5419
52.0197
45.3566
50.8061
49.8737
50.2161
51.9998
50.3212
49.7539
53.8615
53.08
48.9644
48.3965
46.698
47.1687
48.6127
48.8997
51.285
52.546
54.2349
46.4722
53.4504
47.6688
53.1083
49.0662
50.9442
45.389
53.0803
52.1015
49.9809
51.607
45.5646
50.971
45.3605
53.05
48.9576
50.0137
41.8525
53.8619
47.1632
48.6429
50.5334
50.6918
49.9139
55.3169
48.7633
50.9689
53.5747
51.0408
47.4891
47.0523
51.1188
53.0851
52.5637
48.9412
48.9605
49.6101
48.7659
53.235
50.3349
51.8832
50.2111
48.0295
47.911
46.776
51.838
47.4371
49.325
48.2296
52.6615
53.4186
47.3228
50.375
45.476
51.6146
47.1979
51.9959
47.6998
49.8619
55.2126
53.023
50.0455
52.0859
52.6907
45.7442
52.7061
52.2529
52.468
50.4221
48.7426
46.0721
50.3891
51.0023
50.3611
48.1345
52.5372
53.6038
48.7677
52.1749
53.8854
45.4758
46.2875
53.1462
50.0553
50.1105
50.436
49.7923
42.8732
50.1983
46.63
49.4077
45.408
52.1137
54.2259
46.4714
49.1808
52.6185
47.5723
50.8414
48.2331
49.4706
52.7649
49.1993
50.7405
54.6254
50.7915
46.4308
51.8599
55.7175
50.753
49.6307
51.4974
51.5104
53.8504
52.4184
46.6851
49.001
47.8232
50.2539
47.2535
49.8675
48.5273
49.4389
50.4871
47.9467
45.3404
49.4933
48.4513
53.4304
48.0824
46.5917
47.6775
49.4654
45.1368
53.7504
47.8937
47.8477
51.4631
49.4497
50.4897
48.4965
49.1853
49.3814
51.4016
47.3952
52.4458
47.0066
49.1059
50.6893
46.2106
48.6133
50.409
53.6256
56.7153
44.5605
52.7205
50.0221
49.2371
47.3961
56.4964
49.9561
46.8823
50.5364
49.542
48.3573
49.0752
50.1943
51.8601
48.1934
48.4376
46.2449
49.7319
49.9362
50.7444
55.7141
49.7205
48.9959
50.6446
49.5794
54.2808
49.8095
51.8341
50.5693
55.6672
50.2735
53.3684
49.6499
50.8229
48.2058
53.8021
49.8844
49.9417
49.5256
44.8433
48.3554
47.3871
53.8385
49.2102
50.835
49.6576
54.1151
48.3771
48.8926
54.086
43.1487
49.8979
49.1257
55.9583
47.4816
47.9936
49.203
55.7424
49.4866
50.0929
48.4059
49.112
49.2909
56.0116
48.3571
53.4536
50.2304
53.4596
52.6226
49.5451
49.5224
48.5624
55.8761
50.0923
47.8422
49.0849
54.3112
52.8115
50.4942
51.0445
43.9914
45.7457
48.8617
50.4016
46.8232
49.5011
42.8254
47.5151
49.8411
47.0925
44.8371
55.0491
49.4918
50.0845
47.3359
51.0204
49.6044
54.7161
50.1945
50.672
51.7352
50.6959
48.8839
48.8623
48.5734
51.3565
53.043
51.6556
48.0968
50.8535
49.1409
48.8029
50.1625
50.0994
47.9195
50.7994
47.2234
53.1169
48.3039
53.2069
53.8548
45.5021
48.4687
52.9281
48.7807
54.6823
50.7455
45.121
46.0867
58.6581
44.0627
52.4397
49.3063
45.9157
48.6012
49.2909
52.0697
52.1981
52.3566
50.7915
47.0003
50.8224
51.294
49.1163
52.5494
53.2294
44.7825
48.9232
55.4532
56.4554
45.9977
46.5424
48.5026
42.2117
48.9801
52.6182
56.3114
50.2601
51.0356
51.89
48.7713
49.7719
48.1662
43.8013
46.8805
52.3574
48.2189
51.6222
46.6346
47.4548
49.44
45.7751
49.6656
52.7636
55.1212
47.0493
50.3182
54.4126
47.0273
52.3932
49.8494
42.5482
54.2907
56.9708
50.4406
50.0312
51.4615
52.1707
49.7076
53.9294
47.4005
51.2547
45.3979
51.494
51.7021
52.3332
49.962
49.3063
52.3357
51.3553
51.6856
49.2835
44.1912
51.8018
47.0714
50.2295
44.2186
45.7669
50.1573
53.6203
55.8468
50.1173
51.4588
46.3089
52.3708
47.4165
49.2222
52.8397
49.994
52.3003
46.6778
44.0584
49.2132
46.9931
48.9789
52.7052
48.234
52.6502
56.5151
53.6791
46.1036
49.2152
43.2872
48.6604
45.2497
50.4803
49.0311
52.7794
53.1113
47.0348
50.7778
51.0179
48.55
51.7919
49.5381
48.0326
49.7295
50.7798
50.7985
48.0856
46.1502
49.8846
43.5158
52.7721
50.5258
50.2337
47.2988
52.2307
48.1914
49.905
52.4639
53.5245
51.7286
50.6524
50.6518
47.8813
50.4961
49.3321
48.6935
47.4791
50.7529
49.7192
51.413
48.4653
52.0621
48.4012
46.0541
48.8964
46.6622
47.4365
54.0178
46.2868
48.4937
56.4643
47.6
43.4527
54.5686
48.9553
46.4149
53.3401
51.3702
55.2885
51.1927
49.5231
51.9702
51.343
44.6388
46.0611
51.552
49.2921
53.042
49.4017
54.0259
51.2871
50.3189
47.0167
54.4247
48.7177
49.1833
49.4594
49.7677
46.7379
46.1259
44.5304
52.0794
51.7431
50.8939
53.2388
52.2511
49.4878
51.1567
47.2471
52.4325
49.5296
50.0456
48.4872
50.6418
49.6886
50.2555
52.6342
48.2806
54.208
47.3951
54.1268
47.2413
50.3058
48.2737
50.4205
56.2953
50.8018
47.8124
51.1623
56.4487
47.511
50.2663
47.9729
49.9535
50.0879
47.4462
53.526
49.6611
55.0113
47.6263
52.6101
46.4065
50.3954
54.8267
40.861
50.1104
46.3164
53.1564
43.8542
51.286
45.3408
49.9064
52.2409
50.6391
50.9434
48.0783
52.6198
46.4479
51.5021
50.038
46.8277
50.4117
56.5584
53.9797
49.3401
44.6532
53.0288
47.8901
50.4669
49.5653
48.0566
46.6983
54.0314
55.1868
49.1909
49.3
51.2207
51.7968
40.5794
48.1435
49.294
49.4137
46.8645
50.0641
50.8375
54.8877
55.4684
51.056
53.2515
52.2726
46.9552
51.6666
50.1601
52.1666
49.1581
53.7044
44.4272
47.707
54.7586
50.9442
53.4707
49.9091
48.0052
51.5196
47.5581
53.034
53.2593
45.6895
50.774
56.6753
52.0559
45.6662
53.3461
48.2502
51.3662
46.1919
51.0166
46.5843
51.7501
51.5524
49.1474
52.2757
51.0858
50.7147
48.2457
50.5273
48.5639
48.2761
51.5987
48.1348
52.6336
47.9117
44.7036
52.3167
50.589
52.0097
46.1812
48.0751
52.482
46.1794
48.8606
51.7741
51.0499
45.3216
49.722
50.6235
47.3459
48.9478
57.3855
51.7551
60.7582
51.4357
47.8333
51.5797
50.1068
51.9088
52.0528
48.1113
51.5051
47.4279
48.2884
46.9474
49.673
47.181
48.5885
48.5908
51.3907
46.3605
53.3364
46.8032
49.7782
53.4134
49.4522
47.6752
51.0911
50.354
45.9528
50.1025
47.7171
48.8254
53.5579
47.3546
50.0632
43.5966
52.0293
53.4233
54.0192
54.1853
52.9313
51.8399
51.6866
55.2905
52.4995
53.647
44.0591
52.7254
47.3052
48.213
51.3432
47.5364
54.4034
50.5776
50.6054
50.9955
52.6521
54.0141
47.4345
43.1554
47.8888
47.4976
49.306
47.6528
51.6546
51.7661
49.3359
51.4482
51.15
52.6614
49.1118
50.1905
50.1129
53.4379
47.2888
53.8919
48.3044
53.7269
48.6373
46.6032
48.2903
48.8436
45.2305
51.7742
51.2066
51.1239
49.4592
47.9895
48.1955
52.98
44.561
47.765
50.1997
54.3602
52.3521
49.0932
52.8031
50.3019
49.8478
48.4261
52.8043
49.2653
46.4617
60.7809
50.2114
50.9341
47.4678
49.6579
49.345
48.1718
52.416
53.4574
51.7373
49.8214
51.1868
48.0832
49.5144
48.0338
47.3731
48.4193
53.9494
51.816
51.677
47.3696
49.8744
54.4829
43.0078
52.145
55.6378
47.7027
54.9712
54.4883
52.2954
45.8223
50.4342
47.5227
48.7221
50.1607
54.8552
53.9113
55.3325
51.9575
51.0667
47.0165
53.0966
46.6641
50.197
56.7452
45.5398
47.2653
54.419
48.7687
48.4129
48.3188
49.2143
46.8035
50.7214
51.3998
47.8389
51.6411
48.8
44.638
53.6787
48.6153
46.1209
53.0359
46.1824
52.1922
46.5225
51.2539
50.0583
50.3726
49.5474
54.5509
53.4243
54.5933
48.5753
49.5681
54.5967
46.8144
51.4399
52.6426
46.2065
47.4814
51.2165
49.3389
45.3304
51.0483
45.8682
57.8858
49.3239
48.7497
48.4377
52.206
46.0437
47.31
48.4726
52.226
50.1477
50.2756
51.3716
50.1534
52.1599
46.6599
52.3395
48.4102
48.9863
49.5861
51.6373
47.9085
52.5719
50.6175
53.8163
50.356
51.3836
47.4612
47.6229
50.2803
47.4086
51.7333
47.262
47.4573
55.3547
54.474
51.7058
49.4338
51.7399
52.0978
44.7367
48.8285
48.5596
46.4691
50.4104
48.1027
45.2184
51.7884
49.628
46.4849
50.4136
51.9779
47.5035
52.739
50.6593
52.2536
51.2148
52.4622
49.1362
51.5716
51.0264
53.6008
50.5575
47.6351
51.1689
50.8719
48.7361
48.1519
49.266
47.7768
48.5418
51.0267
51.9939
50.8956
48.9355
50.1789
49.6618
49.149
47.7677
53.6711
47.4015
53.7156
52.0302
51.8367
48.6515
48.2923
55.2461
52.0944
53.6259
50.3839
46.6883
49.1363
44.4534
53.3122
50.1113
51.1778
50.6748
55.6283
48.6861
48.9564
51.787
51.6196
44.8246
52.1669
54.5189
54.5958
50.581
50.021
47.5304
49.6432
49.3175
50.6182
47.2177
51.5342
48.3229
46.8154
44.3157
46.4794
51.0703
55.2838
46.9838
52.4103
47.8022
49.4389
51.0618
52.4795
49.1299
48.9329
49.1847
52.4664
47.3356
53.3955
51.444
48.7751
51.0638
49.1112
55.2811
47.7137
52.0898
48.3216
49.3027
47.74
47.8529
48.8376
47.7038
43.3637
54.4419
53.6521
51.9877
45.3903
49.7202
53.2385
52.6677
51.1965
50.278
46.223
46.6415
52.7219
50.8988
44.1195
46.9229
46.8674
49.2289
44.8121
48.4194
55.9852
51.3357
42.475
49.444
49.1501
51.8437
44.6167
54.6469
43.8977
51.3346
52.9345
51.0565
50.1183
47.7003
51.6696
49.9154
49.7937
49.1349
49.1473
49.0007
45.2639
51.454
51.1921
51.1144
52.712
50.429
52.104
52.4331
46.5536
45.8231
46.884
47.4022
57.4203
48.8171
45.3959
50.8655
52.4221
52.5125
50.1522
48.1134
54.3783
52.199
47.4117
53.5415
47.7036
51.0744
50.2758
48.6039
52.6369
50.1039
51.4718
50.7503
51.5003
43.7066
50.5096
51.034
53.6761
46.9572
53.9004
50.0782
46.9887
49.9885
47.1242
54.0884
58.1797
47.2854
54.034
53.5978
50.1629
47.5542
51.3841
48.634
50.7476
53.8581
52.1692
49.994
45.5162
51.7035
51.4635
49.315
48.546
54.7674
42.4459
49.6285
47.6595
51.9504
52.299
53.0857
48.8945
52.4455
46.67
50.5408
49.8774
48.5085
52.3804
47.6807
50.7912
49.6185
54.0722
54.3875
51.622
50.7148
49.4784
53.0227
51.375
51.1992
56.0047
49.3187
45.9441
46.3901
46.3104
46.5674
48.3256
48.1163
48.5759
50.7916
52.8616
53.1379
51.1437
52.5868
51.2008
47.0817
48.2217
49.3225
55.6658
54.5796
47.3353
51.3887
50.7115
46.295
52.2153
47.1756
51.1652
53.5283
52.8108
55.475
47.9338
47.0855
47.1133
50.9892
47.8663
54.0996
51.4794
49.6366
50.4594
50.4918
52.1406
51.34
45.0928
48.7596
51.587
47.9863
53.4828
50.7793
54.5119
52.2443
50.041
58.3112
56.0068
47.9287
48.8259
50.8941
51.691
48.5972
50.7742
51.817
50.4673
51.0685
51.9008
48.8556
46.5876
53.5489
51.1532
44.4606
48.7181
51.0549
50.6095
53.086
47.6914
50.8187
49.7057
52.3445
47.6322
54.3651
51.1815
49.6772
54.1443
48.9466
50.4315
48.2261
46.2474
48.0241
49.9484
48.5955
49.7494
48.4819
46.5472
53.1912
49.7437
50.2625
51.0566
54.8239
48.9175
49.1103
52.1663
53.2648
45.3591
51.1115
48.1168
46.4413
43.552
47.717
47.9189
47.9592
48.2426
46.9362
49.792
53.6399
50.8702
48.3891
40.507
47.7599
49.2448
52.905
55.3219
50.6796
52.1628
47.3538
49.1984
45.5493
52.6456
52.3982
49.9855
53.7802
53.4905
45.8552
48.2584
49.967
49.8201
48.3524
48.5009
51.9509
47.3186
52.9685
53.3174
50.7087
51.8416
51.5439
52.3629
48.7576
49.0882
52.3508
49.6782
47.7615
55.0217
44.8083
47.1178
47.0272
54.7263
50.9309
48.5586
48.5776
47.3889
50.1986
52.5755
53.4898
48.0916
48.5349
48.2733
49.1851
53.1038
48.0805
49.9601
46.3585
56.3598
52.451
52.3524
50.236
48.8121
47.1648
52.9966
47.846
46.3446
51.9302
50.5972
47.9928
50.9355
47.4777
50.9362
47.6198
50.7572
54.6259
53.0742
52.2508
49.8991
55.2686
47.5185
52.1939
47.4032
47.9699
48.0463
50.1998
51.2975
54.8554
50.8716
47.2583
46.3169
44.4868
51.8411
56.2222
48.9976
49.4071
50.3492
50.9465
44.8329
48.0449
48.6573
48.6286
53.1789
49.6638
51.3061
49.0396
47.5954
46.0457
55.3084
53.3314
52.312
47.5948
47.8098
53.109
49.5051
49.5501
44.9038
53.4554
51.0739
44.9937
44.2909
44.5953
44.6034
51.3425
53.4671
49.8865
47.2009
44.0109
49.1305
51.8258
50.8943
54.932
51.493
47.7572
49.2792
50.6241
46.1851
50.9692
53.1032
54.4916
46.4403
45.8701
55.4732
53.0458
54.2485
49.9273
51.3746
49.7348
53.1632
46.0588
47.1904
47.0687
52.4526
44.1649
49.9054
51.7291
53.2803
48.486
52.6853
51.3482
46.604
49.4766
50.5172
48.6479
53.48
57.8796
52.599
50.6229
53.4594
51.6919
51.1655
53.4592
51.7652
49.7059
51.4381
50.872
47.9376
49.3166
51.3865
44.5524
47.6336
47.2803
51.9895
50.4106
51.2699
48.1131
42.6813
50.3017
47.1964
45.8162
45.6737
51.9228
45.0869
54.6168
50.8377
51.5682
53.2352
49.4101
50.8357
50.4312
53.4441
52.5914
49.1895
50.1384
49.1948
49.9654
50.9724
51.2054
48.7836
55.4203
50.8131
52.1009
50.1147
49.0532
50.8984
44.6065
48.8346
50.4366
57.6623
44.1601
49.4979
47.7105
51.8492
48.8702
47.4502
52.1902
49.6393
51.8882
50.1167
52.176
47.5216
46.8271
50.383
47.6522
50.6048
52.9135
46.7567
53.5638
47.0514
46.5602
51.9969
57.3572
53.324
55.0474
46.8979
53.4738
49.9296
52.0001
44.9173
47.4826
56.3516
50.3481
54.3329
43.5403
46.8548
46.4579
45.6185
51.8659
52.8529
46.1221
58.7238
55.9177
48.524
53.0952
48.9484
49.9594
50.3636
54.8631
52.0951
48.704
49.3608
45.3322
52.5913
53.722
50.4864
51.1286
49.2656
49.3016
51.1804
48.1922
50.4673
50.4489
47.5252
46.354
50.2162
47.7153
50.7933
52.5851
50.07
54.5389
49.0568
49.6036
47.397
55.7887
51.5453
52.5273
52.7416
52.1985
50.4407
45.26
48.9701
48.3773
49.7958
48.2991
48.8846
52.0847
47.265
50.6504
51.9914
46.459
49.3331
53.5403
50.1126
47.8839
51.7315
54.6104
51.5286
49.1832
54.7277
54.2831
50.3371
49.8294
47.977
46.986
54.7182
49.8556
53.6227
46.9217
58.7923
40.1558
46.3329
46.0717
53.7582
48.8628
48.9618
49.1204
45.9983
47.4911
48.5217
48.9879
47.8401
52.5319
47.1548
51.6589
51.66
53.1866
50.7912
46.9943
52.0171
49.9296
53.1808
50.2147
47.5052
49.5836
51.9868
53.7414
52.0102
47.5981
51.6284
51.0837
54.0593
48.2179
45.5601
48.4597
49.952
54.2278
51.6742
48.8376
54.3574
52.9625
49.5162
52.0858
48.068
49.2687
48.9978
45.919
52.5949
51.1066
50.2978
51.327
47.2949
49.4786
51.6354
53.1748
45.7141
53.3729
52.6068
50.6618
50.8372
48.4088
50.7696
50.3256
45.9297
48.8723
47.164
52.2799
46.6603
52.8277
50.4582
49.3738
47.1909
48.9957
46.4054
45.958
48.9221
45.0814
48.2993
49.9488
45.5814
49.2439
46.1168
49.8739
50.3415
51.392
45.0342
50.5899
48.6568
51.9946
53.0054
54.3581
47.5046
50.0937
51.0884
44.9661
49.7196
48.2068
48.2093
53.5827
48.1082
54.8061
52.0492
49.034
51.0312
44.0631
49.7439
47.1877
51.1411
49.5448
50.0813
53.1332
51.9624
48.5494
50.8865
47.8452
54.0026
55.7698
54.2801
53.0186
49.0803
53.9714
49.4983
53.7609
51.5591
49.3717
53.962
49.8312
47.1736
53.4101
48.2827
49.1126
52.137
47.5945
48.8922
50.0052
48.2146
45.113
50.9834
52.4274
50.4545
51.8969
50.4509
47.1137
47.2594
50.8243
46.5177
55.8951
44.49
54.7502
53.7357
48.6511
51.2852
50.0517
53.0485
52.6197
47.2883
52.3747
51.6023
51.7534
49.9653
54.2711
49.9939
50.8087
47.7041
47.4125
45.6426
48.8561
43.3811
42.0688
54.9736
47.8992
49.0833
45.5387
49.1002
54.2891
50.6728
49.2205
48.6933
50.6222
47.8818
52.0094
53.7236
53.8096
51.6259
54.7094
54.7668
47.0037
52.2213
55.1479
45.5564
50.0723
53.1967
48.6797
50.4745
52.3041
51.3832
53.768
48.6653
50.0372
49.9744
48.3297
50.461
48.8942
47.2397
47.5344
51.8062
44.3146
51.5815
45.7406
50.3691
51.0695
49.6224
53.2616
48.0266
51.4479
49.0103
58.6439
54.4111
44.8014
44.6284
51.1495
54.2063
52.1341
52.8986
51.1262
47.8789
49.4266
54.8643
52.9566
47.5356
46.3809
50.7419
50.2707
49.5902
46.273
53.6269
47.1111
49.9308
50.6025
49.0432
47.7376
52.2729
54.2242
53.0221
49.7592
48.387
44.6521
51.4002
50.2805
50.8871
54.2205
46.021
49.7506
48.2688
52.7919
47.5307
56.2013
43.8839
50.6981
53.4535
51.5624
54.5384
52.6014
50.2347
46.7421
48.4028
50.9656
47.9396
54.1593
45.9209
49.8219
47.2943
50.4153
55.4055
49.5181
47.7578
53.7927
53.0075
54.1396
44.3111
53.2698
52.7477
50.288
50.6517
51.7358
54.2961
49.9059
49.4812
53.0965
52.1888
47.8349
51.573
44.9573
51.1689
48.7948
48.3076
48.5699
46.3381
47.4713
48.3633
51.7323
48.8085
48.3986
51.2499
51.3277
52.5396
50.327
52.3724
52.1906
44.0507
49.7599
51.3121
48.988
48.6934
54.3504
49.0143
51.8023
57.1747
43.8426
53.5671
50.104
46.0152
50.2475
47.2614
51.8014
49.6318
48.939
47.6191
46.0556
56.7328
48.3585
52.0752
51.5466
50.7103
49.0154
51.004
49.8798
51.7208
50.4713
54.7749
50.8196
47.1388
48.9945
46.5262
51.0371
53.0721
52.5735
44.344
54.0608
51.6267
48.9759
49.534
49.1162
46.6072
47.5411
48.6735
51.5429
49.3423
48.3937
45.1315
51.4764
55.321
52.7652
53.7433
51.4818
50.3282
49.1118
51.3289
41.8271
48.767
53.7156
48.7408
49.0843
49.8544
53.4563
54.1299
50.7444
53.3793
48.4423
51.117
52.5348
47.7088
51.1862
55.5564
49.1265
47.7316
50.015
48.5802
49.9181
52.4252
49.4006
49.6107
52.5851
53.7343
47.8988
48.0271
45.0804
49.4489
49.3843
51.1761
44.7754
52.7684
48.2688
52.4116
47.4276
47.2398
51.3905
47.8536
46.663
51.7576
47.2613
50.5508
48.6611
51.3127
56.3607
52.7373
49.7286
50.1774
45.1626
54.8687
46.4513
52.2153
50.5828
51.1264
48.1099
49.0018
52.5358
49.0772
49.0483
51.4442
47.2861
48.1754
50.6814
44.588
51.2844
43.7952
46.8303
48.2974
47.1738
47.4813
48.0715
51.4975
48.6543
49.1042
53.7894
46.6651
46.8938
47.6086
53.6169
48.2561
50.1721
54.0423
43.9549
49.7575
48.4459
48.5519
53.2548
52.0501
51.5221
50.0353
49.7543
46.7708
47.5272
50.1354
48.3524
51.3609
53.3599
52.2653
42.3114
50.4895
44.8149
46.3506
52.4742
57.5368
51.0643
50.9769
48.6826
49.8277
50.1863
47.6309
52.0864
54.3018
50.4257
51.7207
47.0294
55.3066
51.8767
49.0645
51.1992
50.2031
47.273
47.5345
46.7302
51.4702
50.5746
44.5437
50.9459
47.995
47.0374
53.0624
47.4281
49.2383
50.4542
47.853
49.1007
46.9605
52.2539
46.6102
49.0166
51.1972
47.1461
50.6933
50.5327
46.1709
52.0001
53.1396
53.5635
48.8273
57.6442
50.6447
48.5982
46.6824
51.2732
48.199
50.1712
45.6691
54.152
55.0663
51.4705
50.6704
51.3031
53.7927
46.7753
50.4261
50.8642
48.9337
49.4065
51.5015
50.8047
49.1863
49.8805
50.005
48.6878
46.6138
52.9519
48.7423
49.1663
52.651
48.2338
49.4942
45.8992
48.5772
46.0826
52.1067
45.5765
52.1443
48.4352
52.0791
53.74
47.048
51.285
51.3398
49.0877
53.9289
49.4864
49.895
50.9489
53.5916
56.5726
48.0398
52.6179
49.1289
48.2765
53.8178
51.2329
52.6391
48.4407
50.4175
47.8896
46.2233
46.0051
51.1922
44.6743
48.9501
51.7585
43.9925
51.3063
54.477
51.5434
54.4967
49.076
45.0124
50.599
52.2282
51.7662
47.3099
52.7327
48.9472
42.2445
46.3792
53.0054
51.1031
49.414
49.6027
46.6196
50.0371
53.2099
46.9446
49.6964
54.6202
50.3297
42.9407
52.6302
52.0157
52.3838
50.1555
45.7079
46.2537
51.1551
45.7949
46.6802
51.3034
47.6542
47.1615
50.9725
49.3334
50.6579
55.6405
47.2235
47.8448
53.4186
51.9028
51.8372
45.3665
54.2327
54.0136
48.2383
52.3994
51.5538
55.1343
49.517
48.2968
45.3405
51.504
46.1502
44.7695
48.324
50.3888
50.488
45.7015
52.885
50.6871
51.6927
52.9656
44.2258
52.8765
47.8164
52.9252
47.5264
51.9922
48.7064
50.3098
47.771
44.3223
49.4255
51.1525
49.9331
51.5088
51.8739
48.476
47.2067
50.741
49.3009
46.4161
46.9704
51.73
51.3939
44.4679
50.1731
51.1496
51.632
49.5446
49.8272
49.2339
48.5916
49.5348
51.2987
48.217
54.8917
48.0463
54.0799
52.3024
48.4669
48.0244
47.7332
46.8516
52.8538
41.931
50.6938
51.4767
50.1809
50.1734
46.6173
46.7263
47.5473
54.4693
52.962
49.0518
51.4787
46.8356
53.4908
50.7408
51.1484
46.8894
49.3823
50.5069
51.0502
47.1473
54.6376
51.4212
47.8105
52.0116
48.4705
47.8746
51.8287
44.1304
49.3686
52.258
47.431
47.8195
48.5124
50.0469
50.2269
47.2329
48.2415
47.9804
49.3557
49.97
52.2525
46.0186
47.3096
51.807
46.2191
51.7692
47.0214
45.2395
47.5204
51.0686
50.9051
47.5245
52.7642
49.4063
54.5352
49.9084
51.7951
50.8789
46.6536
46.7299
52.8722
52.3626
54.1914
51.083
49.7062
50.5902
48.9924
50.7309
48.0416
53.8221
48.9264
47.9545
50.473
46.7959
50.0799
50.0265
51.1815
49.6453
49.7108
47.996
47.2806
51.4731
50.6562
48.4726
51.4568
48.2682
47.8788
54.0968
49.5945
51.8513
49.8413
54.3846
51.0712
44.5402
46.3952
52.6338
57.4116
50.2187
45.8712
48.5786
51.9871
49.4992
49.0603
49.4814
44.4492
49.6655
44.7711
51.3486
43.5834
48.0832
46.652
47.9576
48.2717
47.7654
51.9661
48.383
50.2508
47.7811
51.0049
48.709
53.3542
48.1942
47.8298
50.6166
48.9244
53.2196
48.028
49.5318
52.0844
46.2855
50.1702
53.0222
50.5541
52.688
51.6588
51.1316
49.7013
48.5252
56.6525
48.3376
55.5121
52.601
51.7558
46.8203
46.1715
51.9819
47.1606
50.7317
48.9382
49.8985
51.9278
47.1498
48.0038
44.6759
53.0951
48.4077
51.0225
49.3827
50.301
56.4841
50.9997
48.8852
44.6091
46.143
49.2257
49.9935
50.2238
49.5089
47.9434
52.3892
46.7818
49.7677
53.4368
50.0202
48.9088
44.6777
53.2275
46.6502
49.7288
49.5801
47.068
51.2522
50.0122
51.5965
43.4172
53.9313
51.6513
52.6995
46.088
49.0658
54.1511
45.3457
48.7521
50.3532
49.8211
50.357
45.9917
47.4495
47.358
46.7391
51.5844
52.8878
53.5045
50.1233
53.7082
48.9661
49.4731
43.5206
46.7562
51.2889
50.8227
46.0742
53.4459
47.6527
50.4735
51.4989
49.913
47.9613
49.5506
50.894
51.4752
46.8584
52.7406
53.6187
49.7552
45.7667
51.8522
51.9156
51.8488
55.0185
50.2646
46.9707
49.2272
53.7675
49.9544
54.0986
51.0593
50.3677
49.7865
49.7377
53.6436
50.9081
50.7573
47.9452
45.6346
51.5896
46.8778
49.079
51.7537
47.633
51.3831
47.3528
48.6704
52.4039
51.9576
50.9528
43.7423
45.4435
49.6615
47.4046
50.3006
53.0917
50.2472
50.8747
48.1691
46.3911
48.5532
50.0978
53.1047
47.9579
48.6621
54.6147
53.8451
50.5089
50.5109
54.0091
55.4536
50.7307
42.6415
51.8317
52.6464
54.1798
45.7773
46.8975
52.7916
49.8994
45.9157
51.6452
56.2659
46.443
47.6213
49.2452
45.8573
45.9891
47.2103
51.1444
51.902
53.2376
45.511
50.7351
55.8408
49.7731
51.8889
48.8351
50.8853
54.5838
56.2248
49.6669
51.479
52.423
52.5318
52.0239
49.2424
53.7012
52.8997
45.3099
53.0887
50.5958
47.4539
50.1404
52.1977
52.0657
45.0169
48.1933
52.5363
46.4591
46.1588
45.9956
51.6117
50.4021
50.3256
47.3345
51.1458
51.6534
49.7313
50.9796
47.3581
44.6163
52.7033
48.4047
49.5441
53.1918
52.1664
51.1953
51.6375
46.6632
47.9546
50.8315
48.4433
53.2976
50.6371
51.5305
46.2289
50.3532
51.5467
51.8399
50.3615
48.1793
50.6982
54.6667
55.6786
46.096
44.2831
51.4302
53.28
49.7427
51.4294
50.0267
51.4269
46.5812
49.9139
47.2932
51.2387
55.2413
47.5137
44.6579
51.8716
53.3975
55.6848
54.6638
46.869
47.8629
52.2555
51.055
52.37
45.5886
51.8223
48.111
48.8638
47.2555
51.5347
47.9185
51.1776
52.1469
47.9576
50.2662
48.3852
50.9887
47.6987
49.8519
49.3244
49.4446
49.4871
48.4886
50.4097
44.9544
54.3925
47.9962
46.4292
48.6025
49.8708
51.4685
54.0112
49.7039
47.3251
53.6009
49.4509
47.7959
47.8682
52.7674
43.581
45.7225
46.9748
46.5341
47.3775
52.4986
53.7115
52.2964
44.9852
45.6426
46.2306
51.7287
45.8525
48.6637
47.2166
50.7316
50.6607
55.3928
53.9723
51.5671
55.7388
49.8425
51.8316
51.8669
47.6472
47.286
51.5875
51.2027
44.6206
49.2405
46.6221
50.905
44.5575
52.0439
52.4259
46.8192
45.2417
50.7112
50.1949
48.6849
50.4858
53.7594
54.1918
54.8275
48.8825
49.687
38.5591
46.848
50.8522
43.7967
54.2732
50
47.6737
50.0482
46.9239
51.9406
52.1858
53.6287
52.0096
48.5422
50.8477
47.9289
51.4347
49.4545
51.8448
51.6117
48.8959
54.102
53.928
50.4608
50.8464
49.8056
45.6743
54.6978
45.7246
49.7166
50.8552
53.4541
50.1344
53.2487
45.6014
49.0852
47.6659
49.6969
44.051
50.0164
49.0427
46.7308
54.1681
43.8051
49.2843
56.4489
50.4201
50.109
50.5699
48.6818
52.0011
45.2469
49.4931
48.2331
47.2885
49.0399
50.3924
49.7424
47.2201
52.6204
45.4471
51.8616
54.2805
51.8958
55.2254
52.4294
42.7826
47.356
48.3716
50.3321
53.1326
47.9102
48.1211
47.7391
50.7667
51.4419
49.3296
50.3995
52.4448
46.7696
54.7047
49.6876
50.5914
54.699
54.9267
50.0855
51.3693
53.8572
45.3475
49.789
46.1743
49.9932
49.9529
48.1255
46.2378
53.4344
52.278
48.4707
42.0266
47.3856
48.9621
52.3523
53.1246
51.7588
50.6301
51.4266
47.2862
53.2197
53.7896
51.0183
51.3484
52.1409
63.429
51.9076
49.6876
51.1464
52.0063
55.0549
49.9114
49.9375
47.5143
52.9494
51.4698
51.0861
50.311
47.2688
51.8757
48.4829
45.4013
48.5385
43.2213
46.1291
47.8598
50.4768
52.6771
46.9576
48.079
55.7148
47.663
51.3727
49.5336
49.5772
50.3767
49.1944
50.7459
53.6123
50.3685
46.696
48.142
51.5591
54.8497
44.4219
44.4836
48.4372
47.4215
51.4727
49.5661
46.4496
48.9123
50.9461
50.8675
47.3832
51.0113
51.2204
48.8378
48.1974
55.3851
49.7685
45.5151
53.4848
51.9654
51.1888
48.1566
49.4952
48.0949
49.1426
51.5717
51.4075
52.2196
48.8837
46.8447
56.5386
49.8137
49.0677
57.1343
52.1763
49.2261
53.5302
52.2387
50.7231
47.1349
54.7195
52.6118
49.8406
50.2981
48.4721
52.5196
48.2782
48.2875
50.8191
49.0236
52.0778
51.8933
50.5095
48.4793
53.8391
49.8876
48.9395
46.2356
50.7337
47.8333
47.1738
56.2257
47.9564
47.627
45.7483
52.1332
49.3002
50.4619
47.9396
45.8246
46.5425
47.9001
52.19
49.7325
53.3311
49.7401
49.3755
51.8794
50.2559
56.3677
54.6037
48.2282
47.7951
49.2787
50.2304
53.0478
49.823
48.4585
50.7799
49.98
49.3664
53.3088
46.4594
55.497
52.2978
48.8077
48.9536
49.4354
51.6526
52.5894
52.1857
49.2953
48.258
48.634
53.7359
53.991
48.3602
47.2523
51.6005
53.7419
52.9395
52.0535
51.9826
46.7904
50.3977
46.5853
53.8004
54.634
44.3086
48.3308
54.6001
56.4603
50.9162
46.7523
48.5626
50.4712
47.0707
49.0681
41.2893
48.784
44.2872
50.4506
50.0569
45.5978
49.6174
50.332
46.2265
52.3118
46.0185
46.5067
51.4959
50.2825
53.9107
54.7169
49.6823
50.9097
53.6068
50.4087
49.7223
47.7351
46.3047
54.3471
53.5777
52.2451
52.3284
50.7765
56.7337
52.0613
48.3052
46.8151
49.9776
53.2101
50.9676
49.7696
46.1452
55.1549
47.266
49.0587
52.5222
49.2825
52.4814
44.4323
46.5891
46.5272
47.0234
51.1744
52.7954
48.8239
50.6033
46.9764
50.0525
47.0742
48.4681
46.1692
49.6312
51.3159
48.3836
48.0014
52.1521
49.7812
48.0543
45.6497
48.3569
51.533
49.6671
48.6522
52.3465
50.3648
51.2466
54.4481
49.975
51.6537
53.5092
47.7146
44.0863
57.8524
45.9042
48.1865
47.2811
55.3089
54.5284
51.6474
50.9014
48.0998
47.6026
50.7784
52.9205
43.5675
48.197
50.5533
50.4258
47.2451
51.8931
51.8673
50.3817
47.86
51.0694
46.0861
46.3604
50.1012
47.4994
55.2037
52.9277
48.8392
50.9474
49.2961
49.3723
46.4853
46.4519
47.9585
49.4643
48.1784
48.9829
52.413
48.9327
47.486
45.1596
47.9751
52.3467
47.3077
45.719
45.5658
51.0915
50.6679
51.4193
53.9576
52.1228
51.0867
51.068
51.4407
54.19
48.2137
50.362
48.598
50.2146
49.4158
54.2262
52.8762
47.5106
52.0035
38.3381
47.6397
48.5365
52.7846
54.5278
44.396
50.864
48.6326
49.7382
49.8792
52.0521
54.7573
52.235
45.6791
50.1146
47.3652
48.7529
50.1047
52.2671
50.3964
49.2661
48.9674
48.6425
56.0271
45.0696
50.9732
48.661
49.6235
47.8609
50.411
44.7436
45.8353
46.5065
53.8239
47.0553
48.5174
47.184
49.3512
50.9668
54.1647
47.5846
48.4299
53.9203
47.5503
52.8651
52.5403
49.3892
51.2529
47.0368
44.687
43.6179
49.7609
46.4772
47.2993
48.8284
47.8422
45.2548
54.2406
46.5836
51.8652
49.9518
50.6136
41.9921
45.7596
54.6736
53.0491
48.4445
55.305
48.9324
49.1652
51.566
51.4333
44.0926
48.8857
49.0758
52.2338
54.0647
47.3033
53.2382
48.3477
49.9358
47.7773
48.5945
49.4398
50.2246
49.9515
45.6621
51.4351
47.4476
49.3809
45.2901
52.2071
48.6841
45.4538
49.356
51.4059
51.828
50.2977
48.4939
45.1137
49.2138
42.3564
47.5404
51.0149
47.3036
52.3245
48.3847
47.7679
50.1238
52.1288
48.9131
53.2669
52.1375
52.6426
54.7325
52.4809
51.2417
49.8208
53.3618
45.5575
48.5755
50.9441
52.5797
48.8782
47.8279
53.6582
49.6136
44.754
46.731
53.4966
52.86
49.4478
52.4289
47.5751
53.8224
51.2116
53.4063
47.1436
50.9541
45.0258
49.6676
48.6845
49.0942
56.7282
54.8519
53.2443
53.1837
52.2201
45.9716
44.6859
46.9493
52.4368
46.4636
49.5497
52.2425
47.771
49.2383
52.2103
48.7219
49.6347
52.4164
52.0167
53.565
46.8496
55.4385
50.1033
52.8982
46.5509
42.2368
48.5594
49.6323
56.2938
52.1563
47.6448
49.3904
50.0502
52.3114
50.7382
48.2162
54.7813
50.0676
44.7073
50.75
49.2759
49.3341
49.3863
48.5601
44.9407
46.3555
46.8506
46.317
49.2292
54.6904
49.1735
46.4976
48.3997
46.0633
53.3549
52.3076
54.286
52.7789
47.1079
53.5089
51.7713
55.3848
50.1909
43.8394
51.6517
55.271
54.9744
51.7142
52.5765
45.8929
48.9273
51.8932
46.7534
53.3071
53.712
48.805
51.1057
51.7045
47.5762
51.2131
46.5693
52.6315
49.7268
51.9127
54.2167
47.5839
51.3759
50.1444
41.8959
53.6637
50.1442
49.4147
56.0708
51.9833
50.511
48.4077
53.5525
48.5079
42.9974
54.6782
47.806
49.0206
51.7701
45.8118
52.5233
51.8998
52.3541
45.7412
51.1476
47.3953
50.141
50.9038
54.0373
51.0908
51.3806
49.9312
47.9572
51.2411
50.3437
48.5557
49.5848
48.6697
49.3429
55.4216
52.7179
48.9167
53.2999
46.4902
46.8725
46.3221
54.5458
47.7247
48.9578
47.7339
45.5418
46.7426
45.7154
47.5272
49.2095
51.1237
47.6111
49.6228
47.5561
47.0607
52.8662
50.192
51.2834
50.0406
49.316
45.7352
50.0677
51.2426
47.7828
54.223
52.1979
51.3428
50.6512
46.9849
50.2596
46.4109
45.3327
49.0358
49.5527
53.5868
48.3083
48.5257
48.9301
50.2258
47.4348
50.0014
46.744
50.1988
50.2037
49.167
44.589
51.0348
50.6395
48.8309
54.528
50.5942
50.526
53.727
44.4894
50.9597
51.6455
48.8971
49.5224
48.2328
51.7224
57.3229
51.5984
47.9222
52.7543
50.4937
50.6457
43.6134
46.4219
42.5991
51.5049
51.6056
52.2626
46.0323
53.4932
47.2041
43.2962
44.8928
55.2643
49.3552
45.7915
49.1762
48.6514
44.3117
42.8579
49.3369
50.1817
55.0156
49.554
51.9131
45.949
48.8872
47.1963
52.9005
46.532
48.7054
51.5593
52.5632
51.6464
50.2698
45.6511
47.3671
47.2176
49.5297
47.755
47.7269
48.5618
49.8683
50.4226
49.25
54.3633
52.2302
48.1067
48.1688
55.135
52.779
51.1209
48.6454
50.8497
43.7724
53.615
45.6392
49.4296
51.3427
48.251
50.0226
43.7826
51.8704
50.2701
47.6337
51.071
47.6377
45.6363
50.9527
48.9015
55.4496
53.9442
52.09
48.1237
52.9112
48.7798
45.7735
48.9243
50.0465
53.2205
46.0219
59.9048
48.9483
45.1621
49.1928
47.83
49.1458
53.1608
49.0914
55.7354
51.3774
47.4773
51.8289
48.0793
57.4559
46.01
51.1175
51.6299
55.9145
48.8063
54.6887
49.772
48.1206
53.8378
49.5237
49.9225
47.5441
47.7278
51.583
48.7423
50.8696
45.1188
46.7216
52.8306
44.6378
46.3666
45.4797
47.5914
51.1056
49.2495
53.433
46.9569
48.0106
42.3793
43.7943
48.6581
51.9292
48.0025
52.9492
52.7279
50.9144
47.8777
54.618
50.926
50.1015
46.9189
48.3276
48.7708
52.9693
47.2898
51.8832
47.8691
54.9438
49.6381
49.5261
46.2271
49.0322
47.1578
49.4662
51.2342
49.1749
47.1644
46.475
52.0041
51.0027
50.8743
48.2284
54.7617
47.6865
53.0719
49.0858
48.9641
46.5674
50.3554
49.9935
52.8423
45.255
45.6465
51.1987
52.0508
50.8804
48.6519
43.4638
50.1134
46.1919
48.9655
47.4663
48.3529
50.182
52.4969
52.0728
47.9909
52.9308
51.9147
52.1754
51.1062
55.3555
49.7924
51.7758
52.1397
50.5525
48.1431
52.0068
50.632
50.4199
53.0323
46.7779
53.8818
47.2475
52.9548
51.7315
48.2138
46.962
43.6634
48.1996
50.5409
48.7157
50.1385
47.8452
50.9113
51.5043
46.3834
48.6798
40.7254
52.5039
47.735
50.1402
45.3118
47.8116
54.377
50.9163
45.5488
48.2807
51.7416
48.2143
52.2192
46.1345
51.4894
50.1439
51.7869
51.0489
49.7537
49.918
51.2805
52.3903
51.3368
45.55
47.9738
53.2954
46.5454
47.7388
48.5496
49.2823
50.3548
48.6272
51.4338
52.0786
50.5857
51.1223
51.9888
50.3554
42.7845
49.4644
54.252
43.0533
52.4933
49.7325
49.9081
47.9898
54.5957
46.9744
50.1821
46.4331
49.429
51.6476
54.3411
49.3324
53.3474
48.0597
54.4914
55.8902
47.4251
56.495
49.3596
51.1653
46.9868
43.7154
52.7438
50.3932
48.6524
52.5226
49.3244
47.712
48.5845
53.0697
55.5196
51.9813
44.6248
49.6085
56.0749
50.3809
50.0083
49.3619
51.0735
46.4775
53.3417
55.2072
47.055
53.4467
54.5339
49.8583
46.9298
46.1379
52.3669
50.2346
47.3775
50.6689
50.393
50.7045
55.4151
50.2393
42.8467
50.8892
52.8253
45.848
52.2595
50.7167
43.1285
52.6043
50.4635
48.4115
49.7905
50.319
50.6726
54.1092
54.3492
57.0633
51.3284
43.7812
51.1508
54.3829
53.3979
51.1601
50.3818
47.8548
48.8109
49.3507
48.0836
51.6749
52.7252
51.8146
52.8392
46.9626
46.3056
53.4175
50.8172
53.471
46.7052
55.2248
53.8626
49.3906
49.937
50.7335
47.32
51.9314
55.3219
46.2287
46.279
47.3754
54.2016
51.9513
48.9268
50.2817
48.6041
49.7648
49.6972
47.5363
51.5476
53.0087
49.9029
50.9313
46.6734
47.2257
45.5394
45.9622
47.8916
53.4507
46.9456
43.5302
51.7304
51.7486
50.0124
47.2372
48.0737
54.6887
52.6229
51.9619
47.9775
47.443
49.0148
49.4024
54.2492
45.1968
51.7503
50.2752
55.4802
48.5566
49.9824
50.8561
50.2182
51.6467
50.7045
48.5523
51.9654
52.578
45.6707
45.1912
51.6931
49.9793
45.675
49.7155
50.5569
51.2774
46.8755
52.97
49.5026
48.4137
44.853
50.2702
47.449
53.6848
48.0901
50.4367
48.7345
49.3944
48.5581
49.9866
52.5174
54.005
48.101
49.1671
51.8144
50.4752
47.3017
50.5184
47.8673
52.4714
53.5203
51.6563
50.5236
53.1412
53.7893
54.9583
54.3196
45.1356
50.2561
47.8435
47.9533
44.5679
45.8584
50.3323
49.8339
47.5963
49.9202
48.5742
48.3967
50.3184
49.3562
50.0305
47.8694
44.6644
52.173
47.0004
52.1786
50.9771
46.9525
50.1762
51.6833
48.9658
52.0068
50.9177
51.4227
52.7218
55.8917
47.9312
52.5667
51.4825
47.9655
45.0407
46.7558
50.8329
47.6817
45.7405
45.018
48.0302
50.3024
47.2147
48.9504
52.1404
52.7202
49.5125
47.8533
52.6739
48.0757
51.5661
48.5037
48.4077
48.8589
51.7385
56.2554
48.0812
46.181
52.5897
50.1551
49.654
50.9049
53.548
49.7592
50.8124
56.3215
53.1736
54.3409
49.4128
50.0595
55.7032
48.1749
52.5487
51.9157
53.5616
49.5858
46.9295
54.2947
50.5295
46.4494
47.258
51.9429
55.253
54.8332
49.2951
54.6675
50.7844
50.4642
51.2975
48.7253
45.84
50.7116
43.5181
47.5708
52.4637
55.7712
49.4545
50.6491
50.7829
50.7399
47.5342
51.923
51.5451
53.2666
48.9243
50.8212
50.1222
51.4689
49.1522
53.2939
46.6695
52.8008
46.2258
46.6653
52.1285
50.5611
48.9393
43.9689
50.7591
48.7278
48.0545
44.4541
44.8901
49.8081
49.0421
49.9507
47.5744
56.3902
46.073
53.7798
52.8378
53.0846
52.9461
49.8978
51.2072
51.5429
46.6392
50.9614
48.2072
56.2409
48.1727
48.0012
52.5119
53.714
56.4714
49.3905
42.4388
46.9323
50.9133
44.7985
51.4743
46.5029
54.252
53.8135
46.5153
46.3864
46.601
51.9252
50.5177
51.8164
52.1672
48.5521
50.2364
50.1076
54.42
45.8036
51.7464
51.0419
54.3858
47.661
49.4313
47.5189
51.7524
46.2694
48.1272
54.1582
51.4742
49.0229
50.1089
50.5419
50.5623
52.1356
50.6075
54.7839
49.7497
47.3815
51.5445
47.1138
52.7177
46.6941
49.172
52.1633
49.5711
50.3115
51.3054
42.6418
52.25
45.1545
53.8361
52.0897
51.5662
51.1264
55.2128
47.3954
48.5502
52.0205
49.5771
55.766
44.798
52.7238
50.2422
49.8358
50.5039
50.4041
48.2026
51.6035
51.8675
49.368
47.3603
52.8832
52.5624
48.2769
52.1573
51.9575
47.9538
49.41
46.3002
46.1211
42.7524
55.6592
52.2658
47.8004
49.7927
46.9459
55.2737
52.9387
49.6227
51.7461
43.4145
48.333
50.5921
49.4113
50.6212
51.6105
50.1283
41.9722
47.1698
53.5325
51.8849
48.1145
48.3992
56.3129
50.4526
48.0121
50.3345
51.6385
48.3193
49.7067
48.9051
47.0794
49.7661
54.7203
53.4412
54.5763
51.3875
45.5894
49.1396
47.6925
51.9236
51.007
46.1837
51.3178
51.0905
52.2602
49.2067
49.5129
47.0982
49.6522
46.7855
53.1796
48.5416
52.5946
47.6511
51.2471
55.3535
53.0577
48.306
50.0591
50.5068
50.0673
49.7328
52.6518
50.1525
48.9351
50.8843
46.6079
50.8827
52.9091
50.6401
47.1761
44.8042
47.9331
49.9199
47.3422
50.1121
50.2023
53.6387
51.5406
44.8486
52.2012
48.192
44.6918
48.5373
46.9137
48.1599
51.2554
47.3777
49.8909
49.9152
47.9852
47.6901
44.8646
46.8251
51.0736
51.2953
52.595
53.7331
51.3735
44.5203
48.6385
49.4082
51.3844
54.5135
50.7241
49.6498
47.6911
50.5609
54.4262
45.7354
48.542
50.0871
49.8201
49.8983
49.254
48.0314
50.8089
50.5231
45.1329
52.2852
52.8083
53.7468
48.5954
48.8782
51.4781
55.1522
49.1808
52.601
52.1859
49.2421
53.1396
53.7524
48.8933
47.3808
50.288
51.6977
50.1486
47.8911
47.8124
50.9258
47.8773
49.9941
52.7157
55.2936
54.6546
48.2792
46.5893
52.1436
50.1492
49.3918
49.4006
52.9835
44.426
43.6266
52.982
55.4149
51.794
48.113
45.9099
49.9981
48.888
52.2818
53.461
47.741
49.6709
52.2984
49.3329
53.9004
53.0448
52.1528
47.817
46.7807
46.758
50.0906
51.1111
53.2207
50.2944
46.0759
54.4589
49.4533
50.4355
53.9711
48.8048
48.0276
50.1792
48.1218
47.6498
51.4792
52.7057
54.0354
51.7981
51.4378
51.0757
52.8389
47.6802
51.8582
54.3506
51.2054
47.9409
48.0629
52.8202
53.4351
50.9791
51.2844
53.0272
49.3795
51.1281
50.3931
53.2738
44.8958
47.162
53.4999
49.3004
47.5194
50.8174
53.1197
53.8226
43.0406
47.017
49.5849
47.613
48.6757
49.4832
54.394
51.8178
45.5166
57.4281
50.1857
49.1934
48.9497
48.0091
49.0238
46.9516
52.7295
48.2359
52.6807
49.9009
53.394
53.0174
50.6085
48.5711
52.7126
49.036
50.2829
50.0085
50.8492
48.1361
48.61
48.9301
41.9327
52.915
52.0806
49.9229
51.719
46.2035
56.3625
44.3777
51.0339
47.1236
51.0156
47.8424
49.6831
41.4105
48.0192
55.4851
45.5185
47.6876
52.7984
50.352
49.3463
53.38
47.4365
52.1093
54.3659
48.9562
48.7616
48.9561
51.8265
49.1839
54.9955
50.3949
50.5887
52.0879
52.6502
46.549
47.2793
53.2979
57.3621
50.7127
47.7263
42.4736
54.3496
48.8222
53.3608
51.4936
44.1827
49.5361
50.276
46.0976
51.5512
47.6099
52.6269
48.6677
50.7194
53.2556
50.0618
44.8363
51.3555
52.1715
46.871
46.6097
56.4213
48.9299
51.5405
46.6932
48.8124
47.4119
54.3992
50.706
52.4337
44.9747
48.0453
51.9731
45.3996
49.0396
51.2421
52.5822
51.0453
55.7895
49.967
48.3924
47.4377
49.6611
54.3053
47.6827
50.0722
49.3215
50.8726
46.1276
52.4436
45.8145
43.4563
49.7876
47.1794
48.5668
47.5614
51.8013
47.4208
50.9389
52.5497
50.4677
44.1409
51.0099
50.059
51.4053
52.0873
50.2829
47.3897
52.4761
51.0355
51.9994
48.5479
48.1614
48.0417
48.749
49.6296
50.0779
50.3819
49.0627
45.2366
50.3201
45.8654
49.6771
44.6095
49.3178
46.2097
51.1571
50.1657
47.896
52.164
48.5643
53.1311
51.2239
48.0696
53.8588
43.9511
54.3414
51.5446
48.7224
50.1702
51.9504
51.9793
53.4893
52.466
52.1573
50.5316
46.8736
47.5267
46.8568
47.3082
50.1796
49.4586
54.4413
49.4201
51.6831
50.4114
54.5255
51.5994
48.8714
46.1089
50.3737
48.0656
53.2289
51.9719
48.7157
48.3282
53.2563
54.5222
46.6408
50.613
49.4102
45.7539
50.2559
45.6
44.652
45.1601
53.7958
51.1611
44.2919
51.1021
50.8735
46.7834
45.8165
50.2093
50.5572
52.3667
46.3878
48.4968
46.9619
49.0829
49.6996
49.8879
52.0442
44.9842
51.8808
52.8295
51.2849
49.0477
51.1315
52.6885
47.9507
46.3442
49.7802
46.6147
50.619
52.0185
53.4496
50.56
51.6557
46.7687
45.0176
51.14
47.3326
48.512
53.0625
47.0259
47.2716
48.9245
49.4787
50.5539
48.9037
48.5426
49.9511
50.2406
56.6304
55.1133
54.9746
46.8901
50.3742
52.8813
47.108
52.9827
50.2067
49.4999
50.1484
50.0302
50.7416
51.2532
48.9137
51.5869
50.9788
51.2779
49.3214
46.6036
52.2893
51.4711
55.4506
49.8116
53.2267
47.7725
47.2751
51.8248
49.8532
48.5078
53.7545
52.6462
56.2682
49.4812
46.9718
47.2685
49.0264
49.5049
47.0036
52.0538
51.1324
51.0516
52.2122
46.5819
46.3013
48.7198
47.645
48.653
50.1701
50.1971
49.2307
52.1343
49.1494
52.4103
44.4584
44.336
52.6024
48.5499
42.2278
51.6051
51.038
53.6557
54.5578
44.8253
49.0066
49.4515
52.8408
48.5083
45.3851
46.1166
53.3306
51.1669
51.7394
50.6809
53.5512
53.6548
47.4513
57.7317
45.3137
49.1619
49.2977
50.1197
51.0298
46.5527
50.1694
50.3514
46.0078
54.7346
52.6171
49.3556
51.4199
48.7444
49.9118
55.3107
48.6284
48.2393
49.3077
47.2226
50.5569
45.0816
46.1946
54.9374
50.7955
46.7032
49.8274
51.2792
49.1266
49.9378
50.3201
46.9994
49.1594
47.0083
49.5926
50.2241
49.7599
55.3578
49.9562
45.0891
55.9649
49.0095
48.0269
49.2485
56.066
48.1458
53.6534
46.9448
46.5529
50.5912
46.5466
53.3277
49.6021
50.8895
54.2996
51.7102
49.7991
51.6603
49.4842
45.4481
52.7816
52.9233
41.5122
48.1312
52.4907
53.0782
50.9491
52.7736
53.7189
49.2275
51.9674
53.6901
49.6403
47.5288
47.6263
50.7478
50.0126
53.2661
50.6675
48.6774
46.7373
47.3249
50.5116
48.1352
49.4652
48.7616
45.1456
54.2008
51.9367
50.1519
51.5858
48.999
51.7411
54.4076
49.6074
53.1328
47.186
48.7487
53.4246
49.6164
42.9617
53.5182
50.0111
48.9939
51.289
55.5268
52.7476
50.3321
51.2383
49.6159
48.0842
52.7753
46.9068
56.1258
43.9041
51.3484
49.142
47.9564
50.2783
47.6974
41.4977
49.9079
49.2961
50.4532
55.1119
46.9906
49.6611
49.9072
43.1927
49.3882
49.7393
49.686
57.7998
47.7652
56.7461
43.1124
47.61
53.604
52.7615
43.9405
44.353
48.2596
55.2593
49.1528
51.6063
48.4204
52.8385
48.5054
42.6351
46.6608
50.8445
43.5103
45.9661
48.7745
48.5672
48.542
51.3827
50.576
43.7046
50.755
48.0276
50.8563
49.7768
41.5004
55.3017
43.1825
47.1817
51.9297
47.2469
51.2272
50.5765
51.4718
48.0991
45.3151
52.2742
50.8719
50.6997
43.8763
51.3423
50.4795
45.4537
49.4907
50.0911
45.4728
49.5201
48.2141
46.6394
47.7069
49.924
49.8711
48.2442
50.8741
47.2768
45.0037
46.0836
47.6628
53.7927
54.1628
57.1779
50.6027
46.2876
50.2293
48.1394
51.2846
53.8502
47.4542
46.4358
49.6416
52.8704
46.9023
51.8561
47.9788
46.1142
46.9906
52.866
45.4402
51.5322
47.8052
50.5407
50.599
51.488
47.887
48.7624
48.8602
47.0961
48.1725
51.3693
50.3614
51.355
46.7773
50.9451
47.0606
49.7644
53.3096
49.9349
53.6978
51.1122
52.4022
52.7766
51.3188
47.1209
55.1487
48.7336
52.0465
48.6397
48.1338
44.1173
50.7905
52.0693
49.7426
50.5877
44.5796
51.7089
52.4385
50.217
53.2061
44.71
55.6959
52.0068
48.8692
51.3276
52.2762
50.5444
47.505
46.1538
49.5335
50.486
57.4902
47.0226
46.4383
46.5548
54.4075
48.2734
50.0067
45.7415
52.5606
53.0599
49.8222
48.3941
51.9242
50.3927
46.3374
49.8846
50.2199
53.6027
46.644
48.5412
55.8022
50.9129
51.3983
47.5318
53.0443
51.8062
51.5883
47.3875
50.9102
50.8766
53.8325
54.8535
50.4002
55.8508
59.8954
51.7539
49.5595
49.4691
53.1089
52.5598
47.7341
50.9117
49.3864
53.3457
48.764
48.4579
51.5166
46.824
53.8009
44.0672
50.4258
46.1442
54.4364
50.5683
38.0953
48.1432
47.8298
48.1436
54.821
46.7367
41.5226
44.7981
49.5044
45.1365
50.6267
51.498
48.6599
50.5834
46.0738
53.6689
50.829
53.2814
49.615
45.7386
52.0858
51.2222
48.2554
50.4147
48.3238
50.5866
52.8139
49.382
54.0098
45.4104
50.294
53.1089
56.0938
52.203
52.7535
51.4492
53.7607
50.2047
45.3615
44.7279
48.7133
51.9722
52.3281
45.9974
52.6723
55.978
53.397
52.1526
48.782
49.9123
47.5863
48.591
41.6085
45.3742
49.8662
52.1075
53.4185
47.6409
47.4599
51.7087
45.4256
47.2001
51.4578
55.037
49.6918
52.7363
53.4285
53.0893
49.3721
49.2551
53.7182
49.9198
50.9894
48.0359
51.123
51.0138
56.4264
51.0983
55.623
55.0196
48.3239
51.8716
44.866
48.5262
45.5712
47.753
53.0865
42.5747
49.5766
50.2437
51.15
47.5906
56.0065
51.349
49.408
52.4242
50.6786
48.9312
50.0526
50.1871
53.299
55.7018
47.6568
49.5721
48.7291
50.5407
48.5899
50.344
54.4699
48.8302
47.9935
51.6886
48.0522
49.4916
54.0068
46.1082
49.0194
51.4104
47.9291
49.5493
46.1902
52.9399
50.005
49.4528
53.8896
47.1684
47.5224
48.4112
56.8346
49.6391
49.9087
50.1226
53.3637
50.2095
48.5138
49.3274
49.6951
51.7381
45.7674
49.4165
47.9043
52.2854
46.3972
49.3978
48.3055
51.5174
44.3967
45.9079
45.9274
50.9987
51.4292
49.9585
53.7675
54.0625
51.356
52.1023
46.5156
48.9452
48.5761
51.7083
53.4317
50.8742
57.8646
53.0326
47.0673
43.7933
49.398
51.7725
49.5163
50.4176
52.6538
49.7918
53.8846
47.3011
48.8706
53.7043
41.6636
50.6076
52.7583
51.0032
47.698
51.271
47.1444
53.4239
46.433
49.2324
47.244
46.228
47.129
52.442
54.2418
50.095
47.7326
50.3139
51.873
44.3108
49.0894
43.319
48.6908
51.9387
50.1878
51.4067
55.7075
45.6621
49.1197
51.9401
48.0975
50.9849
51.4474
53.8336
52.6496
51.4785
50.6629
44.5808
51.6548
47.7614
52.4273
55.8587
51.9197
53.9005
48.2779
50.3968
51.5894
51.9202
45.4914
54.7988
53.4718
52.1077
50.7887
46.003
47.5461
47.8016
54.5708
45.0712
48.3469
55.3515
47.3721
50.9907
45.9094
51.9357
50.2192
45.1799
51.9631
53.9253
52.5825
46.3823
50.0631
48.4813
46.6074
49.6387
52.3439
52.0724
49.3144
52.0234
46.5867
51.602
48.4536
54.8324
53.2836
48.8306
51.7023
49.9122
49.3901
55.7811
44.8928
49.8146
49.4503
52.816
50.958
52.467
52.7849
51.0721
52.2824
52.0441
48.4267
44.942
51.1456
48.7302
50.4941
51.288
48.9463
49.0577
51.6876
54.0779
47.8939
50.5108
47.5986
53.1281
43.8556
48.0815
47.5161
47.6438
55.0461
52.4642
47.4215
54.2414
48.2476
54.579
49.8561
50.1432
45.2475
53.1084
46.3503
49.2286
48.1817
47.737
55.1029
49.6334
43.4702
50.7798
48.5954
48.5806
56.0334
48.8889
52.8315
56.1333
47.4758
49.5241
51.8875
47.5552
49.9252
49.8757
51.4619
51.9681
48.2147
46.927
51.1117
46.9912
52.095
48.344
48.8623
48.0528
56.1641
46.8802
45.8793
46.0595
50.2029
52.9823
51.8893
50.1117
47.6027
50.287
50.0369
48.9523
50.5743
49.6939
46.8662
50.8365
45.8231
49.7037
51.1134
51.5097
49.3812
50.708
47.9986
48.9815
47.2814
46.9193
50.7042
51.7833
47.7612
47.6279
48.7272
52.3962
42.6853
49.4731
44.793
55.538
51.873
47.4171
52.0185
52.9955
47.0183
53.1084
54.011
49.6907
47.8905
51.3222
46.5925
49.6675
47.5025
51.1655
48.8337
43.687
44.934
50.7342
52.0888
49.1187
50.4983
50.9106
49.7153
50.815
46.9385
48.9866
48.1691
44.6567
46.3421
55.8033
50.1602
52.4568
52.4603
52.0911
52.558
49.9104
46.1208
52.701
52.7327
46.2776
51.4202
47.4114
55.021
49.4878
45.3844
53.0011
55.0033
54.352
50.7848
49.2735
49.2799
48.5711
47.7961
54.7205
54.4334
45.2278
50.1856
49.5143
48.8659
48.4493
51.7194
48.5127
48.1968
47.9281
53.4744
45.9676
50.9103
52.9889
50.7429
47.6225
45.9391
52.8894
48.2174
47.8872
47.8723
52.0411
44.1432
49.7778
42.4744
48.8389
45.1263
50.3078
55.2044
47.7871
55.2843
52.0197
50.4197
48.6078
42.4271
49.3433
50.9558
47.0211
48.9555
55.469
52.7665
44.8832
48.1658
51.4227
49.3129
51.3703
51.6458
43.0311
50.3902
53.8967
51.4525
46.4635
53.0769
55.4526
52.7565
50.0384
55.4969
53.0514
57.6423
45.9825
51.0797
49.9719
52.7511
48.8291
50.0076
51.4852
52.454
48.1439
52.5369
47.7508
53.2429
48.265
48.8801
51.5728
46.0265
55.7456
49.3382
49.7007
54.0196
52.1858
52.3681
45.3644
44.9121
49.1421
53.2754
50.7297
49.0059
52.8011
47.2179
45.9622
54.0076
51.1057
51.2083
47.5876
48.1633
47.0204
45.8032
49.8345
52.4236
45.6245
46.1671
47.649
48.3274
53.7195
50.1963
51.067
51.2897
51.6385
48.3935
50.633
50.9831
44.9458
50.1776
50.5517
51.499
47.7129
47.3183
47.2612
50.9768
52.06
55.1823
48.1137
51.3887
50.6488
48.4774
50.853
46.1664
46.8157
53.1849
47.5748
48.3591
51.0316
46.3644
44.8581
48.0086
58.3767
50.5209
49.7552
48.4296
49.717
51.2211
45.3269
49.0836
48.2713
50.6457
43.4123
51.7322
48.2541
46.7661
51.3181
53.5582
49.2846
47.832
45.1173
50.9429
51.2464
46.8595
49.2438
52.5849
53.288
48.8036
47.0692
52.6503
51.6499
51.1067
48.1525
49.6398
48.0064
49.3073
51.8461
52.6618
53.0096
45.3984
43.9492
50.7974
53.7228
51.6223
45.0941
53.2469
46.6318
52.389
49.553
49.9427
47.9199
50.0069
54.1541
46.3188
47.6958
47.9117
53.9925
49.9217
50.8606
52.0826
46.6255
47.553
45.3021
50.3319
48.4382
49.6283
45.1041
46.1564
46.8678
52.443
51.4577
40.8377
48.1732
56.0293
49.9615
46.4793
48.4393
51.2945
48.0001
47.6675
46.5006
50.1269
48.8868
45.4438
45.4741
48.1563
48.4578
49.2763
56.5885
53.8586
52.8074
52.7178
51.9955
47.6891
48.8488
50.4379
50.2533
48.9347
50.3908
51.3164
53.1676
49.9712
48.4161
50.286
53.6793
49.6128
52.2491
54.6113
48.4847
47.2427
46.3015
43.292
51.0771
48.4107
51.0814
48.2775
51.8971
53.5865
55.1561
49.1805
48.278
47.756
55.7531
53.1775
51.8755
45.5469
47.6889
47.7825
50.2674
47.5735
51.313
48.1832
51.4124
53.6855
48.1525
45.8257
47.6546
51.8103
47.9481
47.9354
54.9611
56.0753
49.7662
44.6627
49.0808
54.8981
51.8757
51.5398
51.3118
49.7317
52.0774
52.9365
59.5641
50.1529
54.1727
50.2023
52.4061
49.9809
49.2595
48.1834
49.7822
44.1129
50.5429
47.8
48.0882
50.7664
48.3478
52.3738
52.293
49.8128
54.0214
50.3909
51.7938
52.8924
50.4129
49.3898
50.6917
50.9966
49.6172
53.6603
48.1765
52.2052
50.6717
51.4413
47.7066
49.2674
54.8921
53.3056
47.6723
46.7117
52.5355
50.4184
47.2313
45.1748
50.4782
50.3575
48.0004
47.6353
44.5958
48.1824
48.2953
55.2399
46.5325
49.4398
50.6024
50.4102
45.548
50.7936
48.9717
47.9174
50.1288
46.9659
55.0189
53.6119
48.0518
51.677
44.2222
51.4959
52.5875
48.2729
48.2034
51.8262
47.53
50.7251
48.6798
45.9349
48.7423
49.6938
48.7737
51.4553
54.9036
52.3386
53.3692
48.6402
51.1455
48.5666
49.2009
50.4613
51.2662
50.4043
56.3646
50.1756
49.2093
49.1809
46.9358
50.0476
50.494
49.2108
50.3845
53.9137
49.2858
42.6624
49.473
46.2775
50.7942
46.3013
47.3249
50.6225
45.6842
50.7946
49.3523
50.6301
51.1914
48.2644
50.7291
50.9906
52.6251
50.778
49.0976
50.4942
44.9503
48.4619
47.1958
49.0899
52.1328
53.9272
48.0935
50.5995
49.9371
49.6944
50.7239
48.7749
48.8646
50.3047
44.3991
50.3849
44.9174
51.8045
48.9956
43.0206
50.8784
53.2929
44.4996
52.3051
47.7922
50.2168
53.5964
48.1972
48.3367
50.1035
54.9951
53.074
46.7711
52.4166
54.1728
46.2825
49.1491
56.2241
50.2275
53.8458
50.4837
48.3651
50.5276
53.012
49.5519
47.8028
47.8439
51.3339
45.027
52.8523
52.6527
55.9659
48.6248
52.9692
49.2982
53.8667
51.9523
48.7877
50.6991
53.5943
48.746
47.0947
49.2904
52.3817
52.1875
52.4284
54.8848
44.1797
44.9837
49.9885
51.1429
46.3562
48.8988
50.5446
50.3397
52.7366
47.4264
51.0322
50.1141
51.6762
49.2885
42.5222
50.8889
45.849
44.4493
47.2516
51.6503
43.4426
45.3311
52.404
47.7723
49.4454
46.9195
49.3259
55.5748
54.7146
49.4465
48.8674
47.3028
50.5113
49.3375
52.5344
56.2137
48.1913
48.111
53.1398
46.461
52.7387
51.9173
47.641
46.4606
44.8297
50.4053
53.8518
52.4286
49.1139
55.6031
54.7156
50.7774
48.4015
49.501
48.8277
50.0578
50.4423
52.0243
48.8939
51.1339
51.9863
48.0832
50.8135
53.2797
48.8107
44.3871
49.0737
48.8837
49.4031
54.7116
48.1426
46.4493
52.9872
47.3045
53.5495
52.5788
48.5786
50.1192
50.3384
50.628
50.7587
43.5631
52.584
52.7202
57.8536
48.4476
50.6554
52.8041
53.2058
54.828
46.9177
47.4476
51.2266
54.4207
47.5567
51.0504
54.9153
50.2846
49.2154
47.1658
52.5349
51.4553
47.1298
48.6192
51.1296
48.2183
55.4506
48.1082
48.5732
48.7098
48.4396
43.9755
48.8349
51.5317
50.2272
49.8387
51.1501
53.0695
51.819
47.7669
49.7853
50.1989
58.039
52.6904
52.0813
47.0703
50.0968
55.7312
51.4659
46.6578
51.4662
56.1422
50.1209
48.7598
48.7631
47.542
53.9922
47.1399
47.3097
49.133
51.8302
49.4949
50.0727
51.5909
46.9477
47.9369
57.6631
47.3124
47.3836
51.6783
50.0853
49.7083
46.1588
48.6056
51.9219
47.2307
52.3127
47.4315
49.6437
51.8207
51.4073
51.11
48.7301
46.4646
47.1868
52.2057
49.2893
47.546
50.0799
49.9008
48.8646
48.6813
49.2321
56.3304
48.115
52.7261
50.7562
50.9324
53.057
49.6402
51.8877
48.4988
48.5559
48.8977
50.7332
51.6177
50.753
51.1317
51.2991
44.1915
50.1173
49.6991
46.4877
48.7201
49.8087
51.8538
50.7494
48.0369
47.04
46.2162
53.0764
46.1831
52.1256
49.2258
47.0282
48.1103
48.9038
48.2648
49.4732
46.8973
49.2217
52.14
48.7374
49.169
46.1675
45.6109
50.844
50.4051
48.7411
48.6506
48.5351
46.8259
51.6473
53.1284
46.7594
50.5426
50.901
46.6002
47.3167
49.6604
46.932
48.8946
49.3442
49.0197
50.8754
49.1835
51.3334
53.2667
49.7365
47.2224
52.3651
50.9365
50.1173
51.4494
51.2487
54.2397
49.1918
46.6308
55.2555
53.2383
49.6179
47.7391
54.1315
51.0983
50.0734
50.7527
55.0781
47.1076
50.1034
48.0633
52.3879
51.146
45.9668
51.1799
48.4242
46.2939
50.1692
49.4158
45.6294
52.2696
49.3701
48.2462
48.252
50.3803
49.3515
55.0251
49.479
48.6751
55.7353
48.747
51.6606
48.9885
48.1372
49.5431
50.3154
43.5604
47.4454
50.5975
44.6032
50.9208
48.9099
54.1721
45.9535
48.7269
53.7309
49.4278
53.5363
52.2396
46.8346
52.7282
52.2635
50.1274
52.522
47.1155
52.0077
53.2846
52.6796
54.6432
51.7269
46.3521
49.2395
50.2561
54.181
50.6274
50.5754
47.903
46.9299
52.0519
53.523
49.5705
47.2981
46.9633
47.7118
46.9249
48.9951
51.2992
49.896
47.2505
52.0791
49.9414
49.9718
48.3708
48.9498
46.8863
53.3692
53.2412
49.06
51.9311
51.5041
48.8991
52.032
44.5611
49.981
52.4613
47.867
56.7273
49.2314
53.8535
56.9345
54.2008
47.2757
50.9612
56.4296
49.1921
52.2979
51.8893
46.9856
49.9223
50.7184
51.0174
50.1297
48.8343
50.4534
56.5379
47.2682
52.1307
50.0488
52.1662
50.89
51.3268
51.3751
42.7078
52.6754
49.5054
43.5713
50.173
49.1978
43.9612
49.9264
52.1235
44.9048
48.923
52.3831
50.9407
46.0683
49.0395
45.3546
44.7023
51.3891
46.3184
49.5397
48.3546
44.9441
48.2041
50.4244
46.8682
48.1649
48.4832
52.158
50.0651
49.5327
51.7046
49.49
49.8032
50.6793
46.8013
56.4568
50.208
45.5811
48.6025
51.5043
49.6363
50.5327
47.9224
46.7349
50.0622
45.5887
47.9136
47.9657
54.5701
50.1607
50.373
52.2863
51.6449
48.457
46.687
48.8023
45.9446
48.4525
53.1042
49.2537
46.2444
50.0768
52.0225
53.194
50.2389
49.307
48.9783
47.4189
44.8902
43.8534
46.0254
48.3313
49.0097
53.1262
49.1913
51.9304
49.7605
53.1688
55.698
54.1123
43.7684
51.2471
51.6346
48.9695
46.5282
53.7817
47.77
50.7771
50.7945
47.3096
46.1926
47.353
49.6426
45.1648
46.4647
54.4795
49.8876
52.5631
51.9789
46.0739
50.5502
51.78
54.2044
51.796
48.0556
45.1097
50.5098
46.7792
49.8526
53.2904
45.2519
51.1731
51.1421
48.086
52.8148
52.1857
45.401
46.7103
45.2904
50.3112
53.3896
51.7811
49.4849
51.4328
49.3297
50.4929
54.9405
50.4863
54.9414
48.6934
51.6589
41.3731
47.0257
53.5548
47.2148
50.8097
50.2804
58.5236
50.9462
55.8007
50.0369
47.2388
43.9099
48.4243
51.6055
46.1061
58.2882
52.6161
50.9168
52.2135
49.9363
48.6394
51.1458
51.2781
50.756
54.9299
48.0078
50.3107
51.585
51.0019
52.4119
45.685
52.2868
50.1029
49.1609
50.3004
46.7324
52.3059
50.3847
48.5245
43.3569
50.7243
45.3938
56.6035
53.9826
49.5395
51.6423
49.2278
48.5927
51.5271
48.4858
51.9409
49.7463
51.7692
50.4236
51.0779
54.319
49.2414
48.5108
54.9219
46.2588
43.961
50.6298
47.7661
54.0447
53.3845
52.3071
51.5682
51.5337
48.7407
48.7636
45.8855
50.8864
51.9893
45.8858
53.7771
48.2557
49.0898
56.8054
49.3622
49.9291
48.2698
50.7752
46.7207
50.6097
55.9802
50.0275
46.8239
55.5246
47.2239
48.3043
51.1837
56.0482
43.9461
45.7453
48.9061
55.5272
51.174
53.8223
49.8383
48.9957
49.5927
50.0064
46.4956
45.4671
50.2451
52.8568
50.4564
45.4909
50.0436
46.2172
48.912
51.6614
50.7805
51.2089
50.0598
55.7662
46.3249
50.7066
49.026
54.2622
50.6943
45.9858
51.0071
49.765
47.6867
48.2278
52.3157
53.2425
47.7626
49.5712
52.0194
47.5959
51.8628
51.3968
49.8602
46.3198
51.8509
54.5328
47.1417
50.9253
48.267
53.0692
50.2709
49.8165
49.0801
47.4676
51.6438
49.3063
50.1279
46.6543
47.5601
52.4587
49.9294
47.7848
47.8569
48.4466
52.5602
47.3661
54.9467
49.1116
46.2764
49.4257
47.9489
51.4126
47.5745
53.4127
47.6008
49.4531
51.376
47.5216
51.637
54.7715
49.0234
52.1225
50.3239
52.5846
53.775
47.989
54.837
51.6708
46.4864
52.0082
49.1682
52.5795
53.1658
55.0624
51.2512
51.8561
51.0913
49.7685
49.9923
51.9686
52.1766
53.7642
54.8932
47.6245
46.2737
47.2267
51.9552
51.1638
49.0995
43.3128
46.5501
56.7178
49.4737
56.2074
46.9472
49.819
50.5561
51.4675
52.1826
50.1514
54.77
48.3504
50.9588
50.128
50.1003
43.8116
48.2624
50.9818
49.452
51.8623
49.3867
53.0608
48.7591
49.9721
50.0471
49.0109
46.5289
50.2052
46.2773
55.5369
49.5107
54.7778
53.7924
50.4281
52.1763
52.7234
50.5081
49.5358
50.6994
50.3545
52.9022
51.3902
54.121
50.2072
50.9065
54.1455
49.3894
48.1574
45.0162
53.5382
55.962
51.3944
53.3053
49.5486
48.655
55.9416
51.0342
49.4518
50.4308
47.4095
52.5372
53.9453
51.8085
51.67
49.0791
49.0419
49.5871
56.1397
52.3653
52.4144
44.5659
54.3579
55.3964
48.8799
53.9537
53.5493
48.3519
50.7116
52.1499
53.8563
43.1921
53.4648
52.5884
48.931
47.665
50.0053
48.3303
49.5718
51.4068
48.4277
50.0927
51.0947
50.8215
49.5501
48.4022
51.1244
45.429
50.6742
49.5592
49.4944
52.3685
54.2974
50.1016
45.9429
53.7444
47.4639
48.4553
52.2917
53.5022
52.4439
50.4581
55.797
48.5233
47.427
48.4456
50.3574
50.6237
46.9175
55.5858
49.2685
49.1461
51.5197
47.1505
47.2107
50.8327
53.8004
49.4108
50.1581
49.6649
53.9157
56.8435
52.8954
54.3589
50.6902
45.3374
50.8311
51.2039
52.8359
50.0854
48.7939
45.9305
46.9981
50.8508
53.4999
44.2969
45.3158
48.2956
49.3787
48.0803
47.1847
47.0574
55.4445
48.1616
47.9095
53.2623
50.9015
48.3895
50.9335
56.1632
54.1698
48.9129
49.3325
49.5882
46.0195
44.6686
52.2615
49.8891
47.5012
49.7117
55.0406
53.0757
52.3594
54.0762
47.5679
48.8242
47.6171
50.8534
50.7476
48.048
41.0188
49.1754
49.6196
49.716
50.0192
43.792
50.8794
47.6088
50.0054
50.927
51.4746
44.6984
49.4401
55.103
49.9664
51.839
49.6131
49.621
49.343
50.4576
50.6887
49.383
46.973
55.9307
55.7364
48.745
49.3853
51.335
49.4327
49.0872
54.5645
52.2595
47.1214
56.7905
50.448
49.3674
47.9191
53.3044
53.3122
52.3932
45.5551
47.9965
46.7372
48.2653
48.6315
44.4691
45.8349
52.0389
54.9919
51.0309
49.4295
54.3287
45.8859
51.0119
50.8787
51.9274
47.6172
46.6086
50.2201
44.2994
47.3626
45.9465
49.3343
48.6346
45.8492
53.0482
50.8087
45.1523
52.5774
48.3946
50.1914
48.3411
47.2777
50.7654
52.3228
46.8229
48.2884
52.0486
50.4308
47.5287
50.5408
53.7041
54.6789
42.873
44.8418
53.5711
50.854
51.615
48.1385
44.7052
44.8804
47.0939
51.4545
50.9329
48.8502
49.5251
42.1844
52.8127
51.2536
52.0465
48.4341
55.6872
50.1011
48.2005
52.0946
46.5173
49.621
51.5399
45.3368
48.1825
54.2228
54.0463
52.2143
51.9377
51.4122
50.0464
50.0626
50.7121
48.3457
50.3154
48.3814
49.9389
52.7124
48.0547
55.888
55.6021
49.6309
53.4302
50.4285
50.189
52.2478
46.3607
52.4361
47.2356
51.7257
45.2419
48.6214
47.1521
50.3094
55.2952
49.5847
48.0157
58.155
52.2273
52.0359
50.0199
48.6134
48.8894
47.3109
51.265
48.6512
50.6228
48.8713
46.5803
52.1002
53.9782
50.4743
54.0632
45.4211
53.4968
48.7024
44.0236
47.6694
54.2406
53.5372
56.0218
49.3507
52.7585
51.6683
51.6858
43.8537
48.1775
47.2219
50.9969
52.1472
51.1046
52.5986
52.7303
51.4297
53.0277
48.1065
52.7387
50.4186
54.9039
50.0778
50.7661
48.9661
52.6206
46.1569
53.4791
49.6906
47.0191
49.4462
50.4041
46.3095
47.1666
49.1979
56.4565
52.3617
43.5655
52.7395
50.7508
50.0078
54.9856
50.3202
47.3783
50.5946
51.6087
44.5649
49.8396
44.6713
49.172
53.2257
49.8208
56.1463
49.798
48.915
53.999
50.2705
49.1981
50.5107
51.5665
46.1352
51.9386
53.9195
47.1592
54.3724
49.4545
51.8856
48.8791
44.7451
48.501
54.5339
53.0956
53.3137
48.7281
50.3328
55.7158
49.8681
51.0675
47.1664
49.6097
54.3115
49.6177
51.202
51.8775
49.6837
52.7165
50.2414
53.6483
50.5119
52.8869
51.2427
49.0957
50.1759
48.3446
49.701
52.3591
48.9756
49.7548
50.5746
46.0578
43.5879
46.9253
46.4445
52.0848
50.6013
49.1238
49.5953
54.3693
48.8143
50.7063
50.7041
54.2938
51.9868
46.7454
46.8255
48.4539
53.7304
50.3438
51.3595
44.4492
50.2268
46.3231
47.6915
50.3908
48.4596
49.9736
49.189
49.815
52.6494
50.5528
49.2459
47.6894
47.5777
51.2212
49.0586
49.1993
53.4887
51.1011
52.8247
50.002
53.2552
49.1481
45.0484
51.6361
46.4965
51.5205
49.6431
52.7737
50.3368
53.1362
51.5166
50.0033
48.4899
52.1028
50.3278
50.8295
52.3586
52.7097
51.1011
54.5792
49.8373
47.6692
50.3874
51.8995
47.5025
50.294
51.6581
54.5364
55.8822
50.2987
49.62
55.0812
49.4885
44.913
48.1389
51.3723
51.3034
45.9935
54.4587
53.2393
48.4039
54.8229
48.404
47.2782
48.4138
52.282
48.2539
51.3434
50.471
52.0844
49.9739
45.4456
52.3961
50.7593
52.4938
48.7425
46.7512
50.0715
55.7189
46.3093
48.4759
47.5652
51.9621
50.3776
52.7873
49.9188
48.4847
55.7291
52.033
50.7998
45.833
44.9319
49.183
49.9053
49.6574
48.108
50.6494
48.8768
51.7041
48.9176
49.1201
52.7767
47.6638
50.4489
45.0953
50.8134
48.5668
47.7012
50.813
55.0039
49.4114
50.3476
52.2522
49.4589
49.7135
51.4658
49.9006
49.9807
49.6642
49.9244
46.9741
50.6598
48.5834
48.1112
49.7765
55.1574
47.3569
53.6928
47.8856
44.3632
48.5445
43.0909
53.8553
50.113
47.8463
51.3652
49.1178
48.657
49.6148
48.1874
49.7778
50.5639
50.1005
48.597
47.9816
46.7484
49.1189
48.2241
50.5528
51.3114
52.825
52.6676
47.5786
58.8787
53.2842
47.7159
48.6368
46.1256
53.5269
49.0989
48.3494
52.177
45.773
45.4562
51.951
48.5672
47.5162
53.2118
52.5595
51.4504
51.1529
47.0415
46.836
50.7466
54.8451
48.6195
52.7226
47.912
48.3045
49.3344
49.9438
54.021
49.1841
52.6589
52.9613
49.8468
53.7667
50.8633
50.0673
45.6288
48.6361
51.759
47.3058
53.2141
51.0193
50.1595
46.9078
52.2606
45.4878
52.7473
46.9293
50.1887
55.7033
49.0326
52.7789
45.5696
56.8988
49.0934
50.3217
51.6382
47.7785
51.7824
48.2493
52.6172
49.528
53.09
47.4003
53.5394
44.6189
47.3492
50.722
49.2582
45.0976
50.9717
50.558
52.3305
53.0451
48.4011
46.9513
53.4622
48.8945
45.9713
49.6493
49.2022
48.295
46.3586
50.4979
42.5729
48.2091
48.3129
45.9138
50.3253
51.931
46.3575
49.1204
51.5048
55.7123
51.1437
44.8366
51.0167
52.6855
47.1485
51.1051
51.8777
53.7689
44.4022
49.9472
49.8419
45.2437
45.9345
44.5332
47.0882
48.6892
47.6248
51.5546
48.6561
46.9636
49.146
54.4854
46.3192
51.9183
49.6887
53.4215
48.5816
49.5336
49.1528
51.1839
48.4866
48.1621
46.494
46.3745
50.9238
52.5683
50.9144
52.0717
46.1235
47.4516
51.5817
51.8527
49.0242
47.1405
51.5674
55.8305
51.2022
48.1442
48.6898
51.3934
48.0505
52.2517
48.95
49.3342
46.8933
48.8627
49.2477
50.0558
50.7253
53.2403
50.065
55.5421
55.2623
52.3718
52.8062
52.7812
50.9909
47.1258
49.4791
47.3276
52.9044
50.3919
54.4074
44.692
54.613
50.8924
44.6608
50.2457
52.5156
49.351
46.8899
51.3271
41.7206
52.7089
42.2547
44.2377
51.4027
47.0731
52.1327
45.8155
53.2847
55.0863
50.2948
55.273
48.9296
53.405
48.2368
49.987
49.5331
47.9732
51.3535
48.9287
52.9014
48.7802
49.6432
50.4205
50.304
52.7885
52.6296
48.9072
53.887
53.7205
52.1894
50.43
50.3364
52.3913
52.9727
53.4898
49.4774
55.2745
52.1032
48.9878
49.4979
46.9892
51.8464
51.93
56.4832
48.3948
54.9334
47.5854
56.9503
47.9829
51.2271
52.7821
47.0684
51.2512
50.4188
48.0318
56.253
52.7495
55.4424
47.1687
50.8225
45.4828
47.2943
53.1896
49.4029
50.3621
49.9455
51.9853
52.7697
52.3865
53.0345
49.6477
53.813
50.248
50.0276
55.0424
55.3155
52.0436
47.5348
49.3329
49.2277
51.7838
49.4681
51.1449
46.1312
50.3841
53.7302
46.0577
46.5755
48.8279
53.1215
52.1096
48.9756
50.1876
54.1514
56.0064
48.7601
51.1911
46.443
51.7191
53.4543
51.0227
57.4182
54.1585
54.3883
48.0438
49.9502
44.6147
50.7163
47.1231
54.6712
50.6491
48.4351
51.2617
55.6234
54.1253
47.0886
51.2022
54.9398
44.0678
48.8471
45.7084
48.243
50.0349
49.6475
51.2037
51.4489
49.6942
51.083
51.4552
49.6641
49.2872
47.7287
49.9912
47.8623
51.6714
48.5917
51.9395
52.0295
44.6273
50.373
46.9744
51.4638
54.1167
47.2275
53.0595
51.9188
51.1817
47.7114
52.6733
52.276
49.17
47.6033
48.207
51.4365
50.9753
48.2867
51.2193
60.1164
51.9797
46.3815
51.238
48.2364
50.3858
50.3125
48.7945
48.5909
50.6259
45.5013
48.3797
54.4846
46.536
47.8702
50.0079
51.0253
47.9815
47.3448
51.0765
50.7586
49.6233
44.0433
51.2096
49.3336
50.5102
44.8398
46.772
47.8854
56.1867
48.9891
45.7421
49.8243
50.0026
53.5004
56.6299
57.7161
53.3118
46.9479
48.1293
51.9442
51.2494
47.405
55.191
51.8383
45.7722
47.1901
52.2032
49.9592
45.6523
51.1118
51.9691
52.2259
54.1097
47.9001
53.1674
49.5733
47.7724
53.5118
49.9833
47.827
57.6511
49.9981
51.5988
54.4845
52.8159
48.6196
52.2282
48.0881
47.4628
53.8997
51.3868
46.8787
54.0574
55.3008
46.0818
50.417
50.2431
49.2125
52.6095
52.8605
46.2011
48.9384
48.6506
49.5826
45.1514
54.3702
51.3475
49.8223
48.6788
48.035
49.0526
45.052
51.5757
55.2046
49.4358
50.7501
49.8856
50.7538
51.637
47.2661
47.8369
42.4549
49.1524
49.4671
53.3537
51.3967
45.1421
50.8511
50.8311
47.2144
49.8451
50.8154
51.863
47.8193
50.791
47.769
49.6091
51.3145
47.4951
53.774
54.4894
47.7845
53.3236
49.4051
50.8933
49.647
52.2186
51.5152
44.5907
49.2529
45.9672
44.5924
54.5327
52.4232
51.7059
49.3984
49.7299
47.6104
48.3442
46.5743
50.8946
49.3703
56.5978
51.9012
48.536
51.8342
53.3172
49.9045
44.1944
48.8663
52.7995
49.4878
45.5027
46.5959
49.7718
48.2845
53.7626
55.0112
50.732
46.4154
52.7235
50.3015
46.3367
45.3381
49.2496
43.6366
49.5213
54.4778
50.5658
52.0698
50.0418
50.3244
48.7673
47.2525
45.1247
53.6865
49.2814
47.6479
54.9128
45.787
50.9693
48.9314
45.3946
51.8895
46.5548
50.2644
50.5043
53.1422
51.0676
53.1302
54.0804
49.3273
51.9891
48.4192
48.3701
49.2031
50.7873
52.4495
43.7672
46.1264
42.5294
46.6127
47.4707
52.6426
53.2586
49.3303
49.7521
48.731
52.8235
51.01
49.5184
54.3931
49.8466
51.6881
45.8585
54.2711
48.5204
47.0452
48.2604
49.9838
52.918
49.485
48.1873
50.8688
52.506
51.9609
47.6989
53.8158
54.5464
48.2391
51.8062
48.882
49.0766
49.2868
47.2483
49.3741
54.1535
49.4707
56.3758
47.0858
49.0496
52.2552
47.8314
49.3782
52.0893
46.0869
50.7136
44.7907
46.8118
50.1536
48.9111
49.8689
52.149
45.7037
53.2957
51.8989
46.3055
51.6159
47.4612
50.2334
50.0278
51.9047
50.6956
47.8983
46.9515
50.8499
51.8742
49.1676
52.7124
49.4381
51.9609
53.793
45.5102
54.8029
45.806
52.5764
49.8113
52.3512
48.9267
51.9727
55.8798
53.2648
57.959
51.4105
52.8215
50.062
51.4677
52.0181
50.8321
47.909
46.8023
49.4418
50.3332
54.3682
49.6868
48.4452
52.6862
51.2696
48.2294
46.9756
54.1716
46.3945
50.0417
47.3861
45.9188
46.6577
49.1532
49.5003
51.4771
50.4766
50.4089
49.2076
50.7129
52.014
46.0389
51.2754
49.7219
50.9829
48.0849
48.0677
55.4435
48.6996
52.3742
47.8557
50.6647
50.0739
51.7256
52.4089
45.1011
50.2236
46.0771
54.5542
49.2428
48.3992
57.2222
46.3896
49.6522
51.9092
51.8409
48.8416
51.4017
49.731
51.5158
49.2523
52.3381
52.4963
55.4172
47.6842
54.8622
51.537
53.3484
47.6306
49.9103
48.6821
46.8356
53.8185
47.8252
49.4888
46.952
42.792
51.8043
51.5994
50.5621
50.9633
47.6132
51.9089
52.6752
50.8194
48.25
51.2317
45.594
47.9704
49.2505
50.1552
47.547
44.7298
46.3201
48.7666
48.4922
52.9112
53.9801
47.9425
49.7782
51.5306
50.9164
53.8861
49.3522
54.1021
51.718
50.602
47.2006
47.2128
49.6924
49.9946
49.7112
48.0666
49.4458
43.278
53.6433
53.6825
50.915
47.3848
53.3938
46.4356
47.5398
42.062
53.2467
49.6293
50.262
50.3402
47.2941
43.7843
52.0386
49.0647
43.7141
50.333
51.5584
50.1759
53.0964
45.4074
45.8471
51.4254
50.5002
47.4064
44.4499
50.2168
47.933
54.0314
46.879
55.2582
49.9382
44.4772
47.0131
45.7128
51.9788
51.4649
49.1364
47.5369
51.3035
52.8063
49.3047
48.6919
45.9848
48.1851
51.7266
49.9167
45.8149
47.844
46.8465
51.7509
52.7476
48.8637
47.817
50.493
50.5739
49.7236
56.0492
46.7834
48.5177
54.8287
47.5269
53.4986
50.441
52.6929
48.5734
52.645
51.3443
47.4645
55.7575
52.938
53.85
52.4823
56.6274
51.7567
51.3581
44.5491
51.9584
52.1589
52.5588
53.6112
44.2035
49.6454
50.9919
52.5294
49.8328
49.3616
50.3391
50.6319
47.2512
53.4218
51.1377
47.7333
48.9792
51.046
53.6022
45.3104
49.7878
51.1957
59.2422
45.5195
50.4711
54.3955
50.9635
44.7452
46.9473
54.4296
52.3398
46.3654
51.3741
50.5991
42.7436
47.4234
50.9657
53.2287
48.0223
47.8913
54.2004
55.1103
48.4077
48.2145
55.1044
47.5694
53.347
50.8235
52.3011
42.8444
54.9414
55.3014
49.5116
45.4642
50.6816
46.8937
46.1957
50.3123
56.1653
54.049
54.0197
48.0654
47.4873
49.6767
44.839
57.6926
48.9862
51.8106
46.8822
49.7051
49.0386
48.365
51.8259
50.8407
50.5858
53.6713
45.4459
46.8736
51.0815
52.4816
52.5334
49.2354
50.5479
50.1291
47.7629
50.1348
51.4281
49.5296
48.2004
50.8638
53.9214
48.7142
54.1381
43.9789
48.4898
50.5796
45.9443
48.0424
45.2227
46.544
48.6152
51.6137
48.7475
50.7949
48.7162
53.1768
51.374
46.818
50.4005
48.6918
57.159
50.8935
46.1926
49.4581
50.5799
52.2479
49.2232
50.9765
49.5043
54.5483
51.6048
46.4977
51.1419
52.427
53.6338
49.9451
48.6687
48.7243
45.5068
49.8987
50.2088
52.136
49.2403
52.3287
48.8625
49.9539
49.4789
52.7651
47.4669
48.5867
49.8813
47.5911
54.779
44.5486
47.7705
54.1489
51.7654
49.6031
47.7367
48.3437
52.6896
54.7496
54.8793
53.4343
49.6811
54.7403
51.3764
52.6985
54.4768
50.8148
51.0687
49.6591
51.0195
53.3403
53.7458
49.5593
48.6038
51.0438
44.822
49.7746
48.2538
45.5258
49.0893
52.8489
49.0229
48.7404
52.2349
49.8419
50.9015
52.1316
53.8111
50.6752
53.0203
49.1123
46.3447
49.1662
51.8381
46.5729
51.2736
55.434
49.999
49.1087
48.3979
51.3689
48.549
50.6516
47.5332
52.8495
50.1987
51.1951
51.0541
52.3967
52.3182
53.2998
52.0137
43.9524
48.3541
47.0658
48.5288
50.4683
53.3544
46.2613
51.1168
46.9954
49.2895
54.2935
47.6724
49.9586
49.8559
48.71
51.7711
50.3063
48.4519
50.9173
53.9878
48.2208
51.011
47.806
51.9173
53.0784
48.3811
51.9669
46.5845
51.3454
47.9378
48.1893
48.9318
53.0986
49.1175
55.9255
46.071
48.8571
48.5602
45.4113
49.9877
52.4131
46.547
44.1294
55.3845
51.3491
52.4219
52.3028
46.3527
51.9299
46.6841
48.1058
48.5575
48.0547
54.4383
51.2807
46.6256
53.9599
45.892
48.8471
52.4229
50.3569
45.5848
48.5914
55.909
45.6948
47.0401
55.024
45.2559
51.2347
52.5238
53.492
55.9203
51.6223
50.5996
46.1347
49.3535
52.6478
47.1682
49.369
46.0404
49.8795
50.6759
47.5929
48.5517
46.8584
54.1834
51.7943
45.2991
52.5432
48.9789
51.7523
46.6799
51.6901
45.4258
48.5191
46.2986
49.858
50.7307
49.8694
45.9534
54.7248
50.3197
44.4049
44.0746
52.4021
48.511
48.0027
51.3027
57.4373
47.1707
52.2922
49.894
56.1896
48.0395
53.8511
53.6404
47.2668
49.4177
49.8064
47.9915
45.712
51.8963
47.5278
54.0663
47.6262
48.8215
50.1019
50.2423
50.9153
48.1798
50.2735
54.009
51.8487
48.5917
49.5429
49.7735
53.1162
52.1014
49.1057
51.3058
50.0726
44.45
49.3224
56.5118
52.8549
49.5188
47.4066
54.2197
57.0625
52.6322
50.0178
47.6699
48.6853
49.4057
51.4476
50.3938
49.9689
50.8272
47.0852
46.1697
49.9037
48.2599
52.8519
45.7438
57.0251
45.0529
51.29
51.0029
54.2137
52.4483
48.9945
51.2872
51.181
51.4709
46.0758
48.5297
53.3297
46.4898
53.3393
49.9107
48.6753
45.1374
44.8708
53.7143
50.5169
49.2751
47.7144
55.0745
52.5446
49.6923
50.3309
52.2984
55.0701
53.2252
47.5239
49.4545
60.0702
43.9859
47.5212
48.9121
47.7283
53.3857
54.8987
44.5219
49.1625
50.6426
49.0348
48.1222
49.0285
47.46
49.7829
52.0606
51.6827
46.5626
50.0486
48.4179
46.5957
49.7797
44.9596
47.6211
43.7017
48.3606
49.3169
52.1343
50.3715
46.2118
50.0125
52.9132
51.6977
49.7423
44.1032
53.3132
49.7788
47.0044
46.2266
43.1354
47.6896
55.8187
45.048
51.5015
51.8257
51.5691
50.4247
53.2418
54.3095
49.3571
49.9756
52.4868
48.1455
51.2012
48.7434
53.147
47.8115
47.9704
49.6375
50.9711
51.9747
52.7378
49.3444
44.868
46.0186
51.2434
52.3934
48.1814
52.069
52.1524
48.0651
53.6038
51.2071
45.7969
45.8301
45.418
47.5558
48.0883
50.0058
47.7526
46.9282
45.289
48.3177
49.5405
53.7249
50.3284
52.0546
49.8662
46.7675
46.3541
47.503
53.391
50.7567
49.2027
52.3499
48.5423
47.0415
51.4795
46.7407
49.1552
48.3876
52.9342
49.68
56.2539
49.4322
50.8194
49.4623
47.6603
49.5129
46.9209
52.8209
48.1166
46.5585
46.9459
56.4818
51.6112
51.7276
43.9567
51.8109
54.593
55.4857
49.5386
55.2401
43.7639
47.8042
50.3883
53.1632
42.135
45.1725
49.0106
49.9852
53.0359
52.1083
47.2112
51.0157
47.7629
49.8547
50.0727
52.8916
49.5549
56.9515
47.1019
53.2184
54.5832
52.3676
43.2349
53.1161
52.6446
51.8824
47.3885
46.3584
53.2427
45.4047
51.2451
46.7916
53.7479
51.914
53.958
49.7221
51.3207
44.715
52.4657
47.9581
42.288
47.6896
49.1017
45.1953
48.6587
47.2369
48.1878
49.4316
49.4665
50.5858
50.2982
46.1006
47.6273
55.1703
45.8823
44.6099
50.999
50.7529
46.9331
50.9721
51.3309
49.9854
49.389
47.2165
49.7893
46.0929
42.957
48.2681
53.7498
51.37
49.0433
50.9819
49.5393
52.1753
54.4809
50.0207
52.8198
51.1135
48.7397
46.2619
50.2978
51.09
50.3084
49.4233
48.4493
44.9287
49.9337
48.5937
47.9464
56.2375
52.4064
49.3558
52.4737
51.2112
52.5803
49.1902
51.6224
50.0575
51.3125
48.8465
50.5479
55.7358
48.0113
49.3703
49.0804
50.6939
53.4806
50.4723
44.9752
53.2915
51.748
51.9283
51.9898
50.5983
52.563
55.6962
47.4754
50.2525
56.254
50.4394
46.1712
51.07
51.6313
44.1419
41.8882
48.0879
51.6232
49.504
47.7696
52.7345
49.3335
49.8063
51.8164
50.8085
53.2067
50.9282
47.3651
54.9589
50.9897
52.2096
53.2047
51.3507
52.1766
49.8429
54.0213
50.2047
46.6245
55.4826
50.8571
50.8989
48.0277
51.76
48.2715
48.3187
51.9375
56.3914
52.8917
49.1441
50.0161
45.5656
51.0413
46.7605
47.2106
49.3001
50.1323
51.4812
53.5361
51.4516
44.5102
49.7687
51.1537
48.0704
51.4383
44.1431
49.4336
52.7841
54.9094
57.4635
47.6871
50.8994
45.9719
54.2722
53.2583
46.9097
52.258
52.8871
51.6616
48.0942
51.4023
45.9303
49.4519
51.899
46.0361
48.9821
46.5166
53.7842
53.0481
50.0448
46.4752
44.2279
48.7957
49.5069
48.8752
53.5714
50.957
48.2931
46.8716
49.3962
52.7092
47.8886
53.0767
51.1175
53.9224
49.9247
44.2689
50.4838
51.0549
51.0137
51.6469
47.6689
50.4385
47.52
49.3179
45.6441
52.6407
51.9558
54.7059
48.5189
50.592
50.6875
44.5693
53.5356
54.1648
46.6418
45.3135
51.4081
51.8921
53.6979
52.2875
45.6901
43.5138
48.4541
49.7513
49.8613
50.0371
48.0557
58.2017
52.8191
47.9992
49.7718
53.7436
48.4626
49.6195
52.0088
50.1955
55.0575
49.5298
54.4482
51.6148
49.0679
46.7677
46.9951
49.9329
50.1445
47.7234
55.2268
45.3846
53.9545
49.7256
47.0269
48.4223
53.5425
44.9546
50.094
50.8006
53.9089
51.3701
55.0122
46.5184
47.4933
54.341
52.5698
44.3089
51.2514
47.6652
49.015
52.3606
48.0114
53.6662
54.9357
44.9614
52.7986
50.0544
50.4508
51.7497
47.8154
50.2408
44.4002
50.2615
52.7634
52.7901
46.2219
49.4618
49.1967
49.7009
53.2022
48.9461
56.5922
48.2008
53.7887
53.5001
50.8256
53.7436
48.651
51.7065
51.7399
49.8958
53.179
50.2834
47.4947
48.8008
53.1046
54.8457
46.3824
50.907
47.9351
54.7729
47.8006
50.6493
47.8854
51.874
50.0664
53.7687
50.9974
47.5357
43.762
54.9601
49.1326
48.0412
53.2968
54.5346
50.5269
52.7471
48.3761
42.7835
44.5937
50.8071
50.0616
50.7324
46.6642
45.1286
50.1124
55.9726
51.3515
47.2495
47.2942
51.2561
46.2261
48.825
52.3434
49.5444
52.4904
49.4088
53.2738
52.1952
47.3401
47.2183
49.7139
51.9779
44.6991
51.5711
47.962
51.6021
50.0162
53.6789
44.4464
49.4499
51.811
46.4885
45.2784
48.1965
50.656
50.2548
44.5855
48.0087
53.2826
48.5364
53.3126
50.0077
52.4995
49.2979
51.1784
42.6844
54.6087
48.8093
49.4743
51.9539
48.0095
49.0281
50.3941
55.5377
47.6755
52.1529
49.5807
54.3597
50.1934
49.0347
52.5791
50.6455
51.0513
50.1348
52.8812
42.4102
51.8624
53.7154
49.2514
46.0242
48.2143
48.9519
51.02
48.5434
49.8282
47.6528
50.0314
50.4909
50.7183
48.2758
54.9358
50.7798
50.0372
48.928
51.5107
50.4613
50.2956
51.0355
47.6998
48.9893
49.6428
48.3728
50.0582
48.6857
52.8976
56.1374
50.2895
50.0961
48.014
50.758
53.5637
52.9225
49.6728
56.1233
48.3023
51.2204
49.6827
48.92
54.1194
53.5487
51.8823
53.7656
45.6046
50.7583
56.2275
51.8252
53.6378
49.1086
49.7531
48.5996
48.9195
51.3985
50.096
51.5708
48.4087
54.7994
51.268
53.3943
46.3516
49.0777
49.3637
47.3243
47.5923
48.8948
47.8943
48.5598
47.8496
45.8716
51.431
54.1996
54.6505
52.1053
50.2489
55.4925
51.6058
47.8254
48.6571
49.0713
46.7158
48.8773
49.7017
46.8578
55.3941
52.7204
51.9323
51.3258
49.8969
46.6283
45.9156
48.8105
49.8444
46.7787
51.187
46.5506
46.523
51.9205
47.325
47.1523
46.6551
52.3054
48.8384
48.1606
46.3243
46.5717
48.5512
50.4273
51.7431
51.268
46.175
53.9621
46.5513
52.7035
48.7552
45.9544
46.3314
55.8137
45.6782
48.6541
53.0304
51.7272
52.9285
48.7975
46.9735
50.7237
48.2816
51.2675
49.158
54.2672
48.1212
51.6737
52.5161
52.8057
52.5679
51.5416
51.8313
47.0217
49.607
50.7978
46.9992
45.2232
49.9029
52.2379
53.3171
46.5612
54.987
50.6657
47.493
50.7625
45.5078
52.3913
51.058
48.0642
50.2296
49.7741
51.8733
56.0377
52.4679
52.4999
49.4159
51.9905
47.6488
53.2786
49.5336
46.6322
47.6797
52.6505
47.3535
45.6924
51.8195
52.5884
52.035
56.1789
53.7349
51.5832
50.0523
45.9626
49.431
49.8998
51.694
51.3769
50.7428
53.6926
46.4695
50.5201
46.077
53.6656
48.1068
48.9463
46.0888
47.9669
50.8313
54.434
46.9839
53.0034
50.6121
50.5199
47.1316
49.8643
48.0637
48.4838
47.6765
50.0405
47.6908
47.4735
45.8375
51.1269
49.162
46.4578
47.5805
51.1966
46.3036
47.6923
48.3521
49.5322
49.4962
50.3892
49.5634
49.4043
53.1659
50.2757
47.5094
50.5823
50.0549
49.7296
51.4127
52.2666
54.9599
49.1797
51.2789
50.1297
49.6264
42.459
51.2509
46.1521
48.4849
53.7961
51.1497
50.9423
46.9178
48.1351
48.889
49.2278
51.7444
48.4696
51.4522
50.2039
54.6104
53.8787
49.1169
52.4292
54.971
47.9528
53.6175
50.9537
44.3538
52.2969
48.931
44.3683
49.5892
53.7979
57.3743
44.4626
47.697
47.3443
45.7007
50.1784
52.1149
52.6862
49.8829
53.547
46.9573
51.1211
47.2702
46.297
50.9927
52.6956
47.807
48.8207
48.0256
53.6088
51.0001
51.1863
48.3714
50.505
49.3233
50.8836
48.1113
47.3441
53.7449
47.9905
52.8157
52.5363
53.068
52.448
52.4222
47.0291
50.7685
51.131
49.9567
51.034
49.021
47.4028
51.7842
56.08
50.5974
44.8396
53.0787
52.0824
50.3279
50.815
45.1968
48.1129
48.8111
50.6283
47.6449
48.5602
50.0594
52.8684
44.3268
45.3671
57.7703
52.6969
47.7588
51.0325
54.9075
48.7405
52.9399
46.0657
51.2822
52.2788
48.5651
50.5803
43.8204
49.4159
49.2688
56.7146
54.2039
49.923
45.5863
51.5678
51.5739
48.4383
51.3198
47.3375
50.9824
50.7148
51.9982
50.347
50.2809
51.5991
48.1161
50.65
51.1329
49.4334
48.8418
42.8996
46.838
46.564
51.8792
50.1698
49.6546
44.6471
47.1736
51.4165
49.3099
49.4371
55.1473
54.2655
51.3832
48.746
50.1529
45.8153
50.2511
51.2619
52.832
50.1422
52.2818
46.9121
48.0666
53.1946
52.9653
49.4609
52.211
47.765
52.6687
52.0274
47.2914
53.2262
47.702
48.2118
50.8604
50.7198
52.3833
48.5184
53.1944
48.4844
54.7908
51.761
51.5223
47.0113
51.8886
48.1397
41.9698
48.7137
49.7135
44.676
43.9116
51.7995
47.312
51.6937
50.4141
47.0327
51.1128
45.0335
54.4597
49.0724
55.4235
48.6881
49.6384
53.0766
53.7395
54.5463
45.995
53.2574
51.551
52.9318
49.7185
49.0768
48.3369
46.6271
47.3623
49.769
49.4333
50.0669
44.282
52.8777
47.4622
52.3904
51.9785
53.4952
54.0106
53.0395
