0.489273   0.478653   -0.30638
-0.453078   -0.484747   0.479382
-0.377648   -0.310835   -0.330814
-0.321409   0.492546   -0.234816
-0.428957   -0.471385   0.27819
0.084134   -0.323783   -0.222542
-0.0410224   0.379804   -0.0833431
-0.0914614   0.347855   -0.304636
0.102905   0.0709963   -0.403602
0.299523   -0.37775   -0.200296
0.152472   -0.23402   -0.054734
0.307065   0.402493   -0.262724
-0.397249   -0.0206569   -0.433983
-0.346986   -0.110509   -0.19322
0.469476   -0.200311   -0.270329
-0.356072   -0.307761   -0.0640067
-0.215505   -0.170444   -0.410618
-0.0525099   -0.127518   0.417713
-0.00522511   0.12962   -0.240041
-0.187268   -0.398559   -0.404651
-0.0177726   -0.281471   -0.415584
0.221993   -0.300469   -0.432536
-0.0270167   -0.0706621   -0.360959
0.138383   -0.119631   -0.235027
0.310159   -0.02422   -0.313068
-0.321163   0.158406   -0.351609
0.427878   0.337235   -0.0994175
-0.319427   0.0835111   -0.130255
-0.0858753   0.178614   -0.417641
-0.254975   -0.472684   0.400834
-0.358178   0.3675   -0.406075
0.285952   0.238043   0.214345
0.171153   -0.10278   -0.472091
0.419746   0.213518   -0.390146
0.160915   0.29359   -0.13369
-0.430756   0.266701   -0.216389
-0.214041   0.47634   -0.00410732
-0.442091   -0.189174   0.0694197
-0.403219   0.320933   -0.0126859
-0.372268   -0.379151   0.112225
-0.333156   0.155985   0.0818382
-0.211674   -0.232877   -0.236153
-0.16062   -0.333876   0.0289293
-0.0319529   -0.176298   -0.117737
0.164828   0.494204   -0.168603
0.0423782   -0.391496   0.0716699
0.138973   0.416615   0.254274
0.123264   0.429074   0.0323265
0.394519   -0.245106   -0.0564863
-0.498814   -0.060128   -0.0604248
0.380258   -0.331062   0.425001
0.459431   -0.186504   0.257462
-0.126464   -0.448943   -0.17831
-0.176378   0.0183931   -0.287897
-0.279304   -0.06066   0.0273865
0.110429   -0.075539   0.307626
-0.106017   0.0156123   -0.0939767
0.243977   0.182479   -0.269722
0.191512   0.0475712   0.13915
0.489947   -0.425768   -0.0693528
0.297192   -0.11857   0.0897723
-0.249539   0.312772   -0.128982
-0.494707   0.18938   0.208915
-0.377901   -0.0551014   0.191456
0.441407   0.0939661   -0.185224
0.0937242   0.305018   -0.404648
-0.0981736   0.214012   0.0214968
-0.0202666   -0.117782   0.124239
0.288791   -0.0644996   -0.115313
0.389652   0.097743   0.0509449
0.117722   0.0184171   -0.0789449
0.342003   0.0238002   0.271679
0.255329   -0.404156   0.00353684
-0.398924   -0.290355   0.40978
-0.39448   0.294071   0.346236
-0.193521   -0.452338   0.214365
0.0156203   0.308466   0.3881
0.222127   -0.422261   0.330255
0.0846311   -0.281751   0.411048
-0.305921   0.359576   0.185563
-0.028781   -0.459645   0.393257
0.361191   0.457656   0.274599
0.0213254   -0.491515   -0.334652
0.238722   0.210187   -0.47097
0.406041   -0.338497   0.135029
-0.182325   -0.000453357   0.223798
0.441964   -0.158551   -0.494568
-0.0582586   -0.299985   0.233191
-0.266534   -0.224383   0.204327
-0.0492953   0.0841511   0.398823
-0.297192   -0.111174   0.376719
-0.144139   -0.297717   0.415528
0.167695   -0.273775   0.187355
-0.472453   -0.0285858   0.36787
0.267067   -0.185993   0.338702
0.173741   0.4698   -0.484622
-0.146743   0.23237   0.242699
0.463191   0.429137   0.128347
0.427582   0.226849   0.401119
-0.321281   0.105397   0.35203
-0.198993   0.022847   -0.491985
-0.0485053   0.405858   0.197251
-0.220084   0.300279   0.477423
0.146653   0.0988067   0.389876
0.0356783   0.192983   0.210833
0.160277   0.232522   0.0547073
0.364144   0.419868   -0.457042
0.372062   0.0158594   0.470959
