           1    -5.52011    -5.52011           0
           1    -5.55941    -5.55941           0
           2    -5.49578    -5.52759   0.0318168
           1    -5.47681    -5.47681           0
           2     -5.4689    -5.47285  0.00395462
           3    -5.45323    -5.46631  0.00692803
           4    -5.47532    -5.46856  0.00539187
           5    -5.43674     -5.4622  0.00761304
           6    -5.48947    -5.46674  0.00770025
           7    -5.45331    -5.46482   0.0067848
           8    -5.46044    -5.46428  0.00590129
           9    -5.43494    -5.46102  0.00614085
          10    -5.45311    -5.46023  0.00554919
          11    -5.45995     -5.4602   0.0050195
          12    -5.46319    -5.46045  0.00458891
          13    -5.47838    -5.46183  0.00444082
          14    -5.46727    -5.46222   0.0041297
          15    -5.46312    -5.46228  0.00384501
          16    -5.46358    -5.46236  0.00359759
          17    -5.44955    -5.46161  0.00346228
          18    -5.48019    -5.46264  0.00342361
          19    -5.43891    -5.46139  0.00347091
          20    -5.47043    -5.46184  0.00332367
