           1     1.06388     1.06388           0
           1    0.895922    0.895922           0
           2     1.24407        1.07    0.174076
           1     1.31059     1.31059           0
           2     1.39932     1.35495   0.0443616
           3     1.40295     1.37095   0.0301988
           4     1.31007     1.35573   0.0262239
           5     1.53535     1.39165   0.0412688
           6     1.28113     1.37323   0.0384023
           7     1.46129     1.38581   0.0348086
           8      1.4065      1.3884   0.0302558
           9     1.56625     1.40816    0.033204
          10     1.46207     1.41355   0.0301838
          11     1.41544     1.41372   0.0273028
          12     1.38571     1.41139   0.0250331
          13     1.33735     1.40569    0.023721
          14     1.35548     1.40211   0.0222524
          15     1.41071     1.40268   0.0207238
          16     1.42737     1.40422   0.0194466
          17     1.49144     1.40935   0.0189738
          18     1.27972     1.40215   0.0192839
          19     1.50629     1.40763   0.0190464
          20     1.35541     1.40502   0.0182567
