0 0.301855 0.00531084
1 0.437605 0.176667
2 0.664859 0.152055
3 0.407098 0.276678
4 0.696283 0.213026
5 0.294033 0.20111
6 0.506291 0.146701
7 0.579056 0.159288
8 0.39422 0.191309
9 0.173998 0.168983
10 0.138081 0.232885
11 0.290147 0.171945
12 0.431583 0.182734
13 0.0107974 0.210488
14 0.105811 0.138164
15 0.13075 0.155291
16 0.33763 0.180701
17 0.245069 0.190842
18 0.210653 0.154533
19 0.356696 0.18469
20 0.521497 0.119519
21 0.375978 0.165089
22 0.219423 0.165936
23 0.461693 0.131193
24 0.304395 0.121375
25 0.339871 0.0897427
26 0.432022 0.16668
27 0.153105 0.213821
28 0.365158 0.158289
29 0.217302 0.187682
30 0.357245 0.155855
31 0.639765 0.11065
32 0.469319 0.139628
33 0.349766 0.140168
34 -0.222142 0.168793
35 0.469026 0.104623
36 0.490951 0.138524
37 0.107014 0.136317
38 0.376189 0.129266
39 0.153261 0.135301
40 0.134888 0.155459
41 0.454734 0.185391
42 0.487617 0.160219
43 0.394551 0.196316
44 0.467715 0.15686
45 0.255739 0.121691
46 0.541483 0.142536
47 0.184413 0.0935708
48 0.354859 0.115609
49 0.384695 0.141194
50 0.480857 0.14999
51 0.22616 0.157633
52 -0.0269167 0.127029
53 0.444642 0.132078
54 0.262533 0.125903
55 0.327159 0.117703
56 0.404275 0.146153
57 0.266681 0.139572
58 0.384077 0.138171
59 0.40588 0.114532
60 0.49166 0.127972
61 0.399431 0.133748
62 0.64584 0.14437
63 0.285164 0.157545
64 0.290688 0.14958
65 0.406738 0.121747
66 0.141065 0.124547
67 0.239033 0.122123
68 0.346197 0.0856001
69 0.439056 0.106873
70 0.371738 0.124602
71 0.280618 0.125882
72 0.328953 0.113963
73 0.363826 0.136206
74 0.189596 0.142047
75 0.190727 0.15221
76 0.213924 0.0968049
77 0.0716149 0.121609
78 0.267739 0.170964
79 0.339266 0.0808971
80 0.254832 0.128354
81 0.32941 0.0960417
82 0.417905 0.124614
83 0.13894 0.0782393
84 0.45744 0.104819
85 0.398958 0.151771
86 0.293373 0.133991
87 0.156649 0.139205
88 0.357862 0.0873532
89 0.31974 0.116017
90 0.355415 0.10833
91 0.189104 0.128801
92 0.440822 0.168171
93 0.408107 0.139831
94 0.345949 0.120221
95 0.193023 0.141057
96 0.281863 0.125876
97 0.516983 0.102104
98 0.483854 0.127549
99 0.203507 0.128563
100 0.418043 0.124651
101 0.359561 0.141447
102 0.202922 0.110505
103 0.406249 0.162762
104 0.365088 0.140017
105 0.221267 0.118975
106 0.124326 0.123811
107 0.440189 0.158666
108 0.567738 0.137347
109 0.31619 0.145169
110 0.350735 0.123986
111 0.124109 0.138264
112 0.289606 0.101182
113 0.527593 0.130371
114 0.368895 0.127772
115 0.340809 0.126433
116 0.296862 0.14379
117 0.450296 0.129424
118 0.318683 0.110003
119 0.442754 0.118451
120 0.389271 0.114634
121 0.308216 0.106935
122 0.318499 0.0995348
123 0.288118 0.119289
124 0.238038 0.109444
125 0.12912 0.137788
126 0.660294 0.102962
127 0.245123 0.141644
128 0.0723196 0.123092
129 0.257734 0.0858462
130 0.470674 0.107286
131 0.208623 0.131074
132 0.226875 0.0865689
133 0.385531 0.0768616
134 0.309069 0.121316
135 0.469145 0.108233
136 0.422984 0.136297
137 0.326579 0.128812
138 0.213546 0.125242
139 0.289127 0.0872919
140 0.240444 0.14018
141 0.237675 0.134241
142 0.352653 0.102026
143 0.148076 0.122328
144 0.334125 0.136083
145 0.239565 0.101188
146 0.184503 0.104693
147 0.299531 0.11193
148 0.365536 0.111824
149 0.27252 0.123651
150 0.171846 0.0940856
151 0.189231 0.0978752
152 0.362164 0.111371
153 0.484878 0.127935
154 0.237097 0.0902699
155 0.17223 0.105924
156 0.381774 0.126934
157 0.18762 0.106394
158 0.155413 0.145646
159 0.156205 0.116407
160 0.121771 0.111093
161 0.273365 0.147304
162 0.301074 0.128479
163 0.343053 0.124931
164 0.568282 0.119342
165 0.335118 0.064962
166 0.0589931 0.122431
167 0.148783 0.11477
168 0.471381 0.101402
169 -0.00609939 0.123916
170 0.106449 0.116356
171 0.18139 0.0962658
172 0.555522 0.110645
173 0.266465 0.118884
174 0.23938 0.110887
175 0.260099 0.149094
176 0.210111 0.152615
177 0.240583 0.0951056
178 0.371062 0.111692
179 0.142277 0.134792
180 0.398729 0.110591
181 0.242036 0.146966
182 0.4173 0.119088
183 0.411197 0.120961
184 0.255364 0.127202
185 0.34155 0.102622
186 0.144984 0.149299
187 0.111617 0.11097
188 0.269639 0.0854429
189 0.422598 0.116311
190 0.404023 0.0820655
191 0.113493 0.147906
192 0.438536 0.112398
193 0.401464 0.0992605
194 0.356603 0.160479
195 0.250098 0.102314
196 0.258685 0.143497
197 0.292107 0.136955
198 0.439928 0.091882
199 0.14681 0.124785
200 0.225265 0.140553
201 0.282462 0.126069
202 0.442589 0.114118
203 0.672112 0.131511
204 0.292327 0.104581
205 0.288886 0.121566
206 0.288668 0.0883211
207 0.295738 0.13072
208 0.0872774 0.123014
209 0.449227 0.0920635
210 0.155582 0.136406
211 0.461926 0.126449
212 0.348169 0.114188
213 0.186024 0.115784
214 0.437537 0.122022
215 0.223649 0.161235
216 0.245933 0.126993
217 0.631502 0.142146
218 0.509328 0.129171
219 0.247024 0.12978
220 0.185161 0.0860184
221 0.454932 0.129173
222 0.549733 0.115362
223 0.393184 0.145881
224 0.272183 0.0982291
225 0.295521 0.158789
226 0.43152 0.131649
227 0.289089 0.140604
228 0.343144 0.127078
229 0.273437 0.174542
230 0.26225 0.122588
231 0.210944 0.130445
232 0.204113 0.129615
233 0.316526 0.133289
234 0.413171 0.127601
235 0.348437 0.124691
236 0.521886 0.13518
237 0.286299 0.144598
238 0.562551 0.134816
239 0.412727 0.159348
240 0.322639 0.106171
241 0.452957 0.108323
242 0.17168 0.121393
243 0.337435 0.151606
244 0.381876 0.0968129
245 -0.0612628 0.145298
246 0.425996 0.14108
247 0.420944 0.118088
248 0.342484 0.138826
249 0.229871 0.124106
250 0.387477 0.130139
251 0.279943 0.131007
252 0.448565 0.149939
253 0.497017 0.1768
254 0.208894 0.131215
255 0.202418 0.136913
256 0.487413 0.158515
257 0.276789 0.128314
258 0.400451 0.0994708
259 0.351011 0.131216
260 0.190709 0.17512
261 0.452203 0.192305
262 0.292744 0.178826
263 0.32346 0.13411
264 0.781243 0.161812
265 0.449766 0.172025
266 0.17813 0.132188
267 0.287904 0.115794
268 0.202219 0.198579
269 0.396981 0.168224
270 0.323824 0.177576
271 0.468317 0.129269
272 0.177593 0.085945
273 0.0863798 0.17693
274 0.0681558 0.159512
275 0.627388 0.2197
276 0.521397 0.147071
277 0.628857 0.201068
278 0.0150828 0.148373
279 0.323381 0.188869
280 0.399649 0.194235
281 0.752529 0.184419
282 0.385793 0.118882
283 0.353457 0.157215
284 0.537243 0.167699
285 0.266252 0.162998
286 0.467231 0.148645
287 0.753174 0.166235
288 0.509199 0.167852
289 0.704531 0.21596
290 0.190422 0.157641
291 0.278044 0.16209
292 0.272299 0.194754
293 0.216785 0.22717
294 0.239989 0.1266
295 0.444328 0.175024
296 0.201641 0.191037
297 0.300128 0.238198
298 0.292141 0.228051
299 0.300072 0.00464849
