-0.404169
-0.390679
-0.387426
-0.343944
-0.382016
-0.369225
-0.373688
-0.366712
-0.329313
-0.371918
-0.372263
-0.36836
-0.364335
-0.362084
-0.377985
-0.374296
-0.365995
-0.362242
-0.367976
-0.341277
-0.364391
-0.318417
-0.330893
-0.355102
-0.292853
-0.338249
-0.31462
-0.363436
-0.356689
-0.355932
-0.351287
-0.353666
-0.363477
-0.383401
-0.388841
-0.387024
-0.376111
-0.339213
-0.363867
-0.381097
-0.379264
-0.349065
-0.34977
-0.313277
-0.349201
-0.340426
-0.347719
-0.327956
-0.334371
-0.328197
-0.379731
-0.402765
-0.40984
-0.420678
-0.40123
-0.410447
-0.435341
-0.410179
-0.420285
-0.399805
-0.361431
-0.383717
-0.372674
-0.411031
-0.388469
-0.389195
-0.418741
-0.423017
-0.40427
-0.400817
-0.42659
-0.424754
-0.416893
-0.403491
-0.41379
-0.430892
-0.432002
-0.400488
-0.414291
-0.384307
-0.417315
-0.408212
-0.389107
-0.371433
-0.396743
-0.39679
-0.359391
-0.377113
-0.365324
-0.350302
-0.319392
-0.327384
-0.337204
-0.32843
-0.329656
-0.340773
-0.343291
-0.37266
-0.390323
-0.400726
-0.388124
-0.385758
-0.411351
-0.389048
-0.391476
-0.374114
-0.373758
-0.364383
-0.319851
-0.345465
-0.335848
-0.333147
-0.328504
-0.344496
-0.325006
-0.350055
-0.354616
-0.346134
-0.348023
-0.357215
-0.339226
-0.332316
-0.360139
-0.342209
-0.365134
-0.374787
-0.378446
-0.367957
-0.384261
-0.423889
-0.369215
-0.375351
-0.435913
-0.461863
-0.397926
-0.438394
-0.442953
-0.432237
-0.416707
-0.433583
-0.43287
-0.427203
-0.423035
-0.403138
-0.42633
-0.412141
-0.414695
-0.429978
-0.417091
-0.408503
-0.414231
-0.367828
-0.41032
-0.398637
-0.389465
-0.389037
-0.402018
-0.402435
-0.394489
-0.404224
-0.440378
-0.420113
-0.411139
-0.433842
-0.396544
-0.395113
-0.420161
-0.406885
-0.38777
-0.359443
-0.380847
-0.384603
-0.35196
-0.407113
-0.406481
-0.36165
-0.362752
-0.406246
-0.419918
-0.408663
-0.401929
-0.395262
-0.406983
-0.406469
-0.380143
-0.387675
-0.382175
-0.384478
-0.377447
-0.370534
-0.367828
-0.343124
-0.353206
-0.359102
-0.375888
-0.38204
-0.381595
-0.256669
-0.36675
-0.360265
-0.379515
-0.368798
-0.351578
-0.352853
-0.390516
-0.349078
-0.380961
-0.394299
-0.380041
-0.405173
-0.395712
-0.39925
-0.393685
-0.400426
-0.402758
-0.401734
-0.418595
-0.380312
-0.413806
-0.424247
-0.391153
-0.426988
-0.387643
-0.429245
-0.427417
-0.384493
-0.418831
-0.419457
-0.422723
-0.435252
-0.419846
-0.395776
-0.398815
-0.440102
-0.434736
-0.398006
-0.399955
-0.433559
-0.462474
-0.449366
-0.433746
-0.427931
-0.465783
-0.481741
-0.483233
-0.45956
-0.45113
-0.433712
-0.482895
-0.469771
-0.426225
-0.416898
-0.45447
-0.420347
-0.374263
-0.391937
-0.402498
-0.40461
-0.389972
-0.343761
-0.362506
-0.388377
-0.423012
-0.406876
-0.356869
-0.379289
-0.39528
-0.414104
-0.380445
-0.403006
-0.394844
-0.345196
-0.381963
-0.392461
-0.407708
-0.401249
-0.385477
-0.404666
-0.419346
-0.372686
-0.399774
-0.409778
-0.389754
-0.402358
-0.407812
-0.389225
-0.376771
-0.393364
-0.423955
-0.430517
-0.404594
-0.401233
-0.42761
-0.437776
-0.433542
-0.409069
-0.393266
-0.404431
-0.399685
-0.378302
-0.378655
-0.334949
-0.401451
-0.383501
-0.358612
-0.355978
-0.397544
-0.371348
-0.364669
-0.411123
-0.41418
-0.425337
-0.407528
-0.419166
-0.345061
-0.391121
-0.384752
-0.3876
-0.382114
-0.384991
-0.353251
-0.344089
-0.331233
-0.349809
-0.32019
-0.353598
-0.358685
-0.354099
-0.343761
-0.37535
-0.374711
-0.370279
-0.40165
-0.378346
-0.390738
-0.419112
-0.439504
-0.448236
-0.41949
-0.448425
-0.441593
-0.420378
-0.402279
-0.423384
-0.378835
-0.386052
-0.37379
-0.377846
-0.383202
-0.378201
-0.36406
-0.353082
-0.343797
-0.364825
-0.382427
-0.366664
-0.351604
-0.342221
-0.363514
-0.390994
-0.356885
-0.319611
-0.329566
-0.34608
-0.358341
-0.319703
-0.332238
-0.362707
-0.329778
-0.309147
-0.344064
-0.34531
-0.291406
-0.350307
-0.371951
-0.335094
-0.345885
-0.364799
-0.359823
-0.334625
-0.336836
-0.361746
-0.325961
-0.36296
-0.374245
-0.366799
-0.349166
-0.370386
-0.358378
-0.326598
-0.351788
-0.381828
-0.382737
-0.376017
-0.388596
-0.408745
-0.399247
-0.408012
-0.372737
-0.410079
-0.391038
-0.397647
-0.373986
-0.359411
-0.37204
-0.393723
-0.391894
-0.389564
-0.362487
-0.375025
-0.389982
-0.357713
-0.320273
-0.37578
-0.376746
-0.343472
-0.336843
-0.324809
-0.368726
-0.406866
-0.379461
-0.352742
-0.383646
-0.339056
-0.37428
-0.382694
-0.341506
-0.364131
-0.386704
-0.38096
-0.331527
-0.325189
-0.388428
-0.377221
-0.335953
-0.305861
-0.346376
-0.33139
-0.324577
-0.338526
-0.318884
-0.340717
-0.322953
-0.333927
-0.330083
-0.340367
-0.329853
-0.320275
-0.35824
-0.372914
-0.357671
-0.374764
-0.391935
-0.368323
-0.396782
-0.421423
-0.400148
-0.381678
-0.387035
-0.415487
-0.416092
-0.400109
-0.387404
-0.412639
-0.408506
-0.441223
-0.378451
-0.400325
-0.408161
-0.428968
-0.433098
-0.426818
-0.375402
-0.375191
-0.386863
-0.382772
-0.40717
-0.414882
-0.380212
-0.369907
-0.400592
-0.409795
-0.389369
-0.409474
-0.39412
-0.396768
-0.399384
-0.414259
-0.394045
-0.398504
-0.395234
-0.396167
-0.409249
-0.424251
-0.388047
-0.440306
-0.422425
-0.460608
-0.477551
-0.441161
-0.446945
-0.452848
-0.48481
-0.450646
-0.451628
-0.43432
-0.483097
-0.412538
-0.426174
-0.468077
-0.446882
-0.453368
-0.4617
-0.458134
-0.487549
-0.504682
-0.476733
-0.467194
-0.482773
-0.440596
-0.490538
-0.490804
-0.486457
-0.489522
-0.480234
-0.508643
-0.465273
-0.452385
-0.483653
-0.458604
-0.473608
-0.453381
-0.433305
-0.459821
-0.448092
-0.463169
-0.450005
-0.455456
-0.438154
-0.451588
-0.465952
-0.463485
-0.442001
-0.44662
-0.478176
-0.463081
-0.452109
-0.447958
-0.42511
-0.447105
-0.472119
-0.456768
-0.429318
-0.410814
-0.404787
-0.446368
-0.427833
-0.43237
-0.412305
-0.461945
-0.462452
-0.462155
-0.486925
-0.477995
-0.406112
-0.467887
-0.485081
-0.472158
-0.430997
-0.452244
-0.443708
-0.412237
-0.386471
-0.42338
-0.395248
-0.400574
-0.402316
-0.383816
-0.385407
-0.396468
-0.385929
-0.399006
-0.372346
-0.387097
-0.400511
-0.405077
-0.375012
-0.417338
-0.426974
-0.403369
-0.423872
-0.406044
-0.410093
-0.440383
-0.438165
-0.448161
-0.435912
-0.430262
-0.422813
-0.419206
-0.455833
-0.433134
-0.432101
-0.449319
-0.441518
-0.420271
-0.463972
-0.430811
-0.435256
-0.459412
-0.446025
-0.451766
-0.473177
-0.480323
-0.501827
-0.507072
-0.524372
-0.512554
-0.48625
-0.533449
-0.54271
-0.529143
-0.510219
-0.514867
-0.491988
-0.484907
-0.475426
-0.473492
-0.484687
-0.477683
-0.457631
-0.415341
-0.455463
-0.473868
-0.466049
-0.389942
-0.436303
-0.433229
-0.436547
-0.442016
-0.419624
-0.410101
-0.45134
-0.472678
-0.461435
-0.458681
-0.468509
-0.491354
-0.469712
-0.463165
-0.494629
-0.424765
-0.475645
-0.484095
-0.420097
-0.416101
-0.44068
-0.437375
-0.422573
-0.412799
-0.443637
-0.432579
-0.393383
-0.399812
-0.401075
-0.440647
-0.433922
-0.410919
-0.369988
-0.401971
-0.411878
-0.406213
-0.406403
-0.361497
-0.398514
-0.406317
-0.389936
-0.416827
-0.414144
-0.389441
-0.425872
-0.422122
-0.427013
-0.399953
-0.432769
-0.439779
-0.412661
-0.41729
-0.453875
-0.472712
-0.382549
-0.418053
-0.445683
-0.44154
-0.453915
-0.422981
-0.408635
-0.42834
-0.392075
-0.423309
-0.438976
-0.411275
-0.388348
-0.392999
-0.408014
-0.366591
-0.401555
-0.3973
-0.406073
-0.436924
-0.387178
-0.388739
-0.421927
-0.388481
-0.358973
-0.371519
-0.373165
-0.361738
-0.348059
-0.352706
-0.343658
-0.326715
-0.354064
-0.369265
-0.367396
-0.348766
-0.337793
-0.32327
-0.34783
-0.381491
-0.384006
-0.360554
-0.356622
-0.331473
-0.341829
-0.381964
-0.35447
-0.359807
-0.347971
-0.312988
-0.346742
-0.289928
-0.329452
-0.332551
-0.339335
-0.342976
-0.318357
-0.312264
-0.3513
-0.360516
-0.373046
-0.378961
-0.402553
-0.376247
-0.354227
-0.365538
-0.379394
-0.395724
-0.38221
-0.319505
-0.369041
-0.370053
-0.340828
-0.36612
-0.382583
-0.374428
-0.371683
-0.371743
-0.373928
-0.39833
-0.375088
-0.406841
-0.414739
-0.423306
-0.430104
-0.434186
-0.437432
-0.413566
-0.478658
-0.482852
-0.45462
-0.452649
-0.449177
-0.452555
-0.456631
-0.478357
-0.449995
-0.449236
-0.456884
-0.446904
-0.458243
-0.410611
-0.40686
-0.407853
-0.399115
-0.386172
-0.370863
-0.358468
-0.360306
-0.377765
-0.379609
-0.375729
-0.402658
-0.370133
-0.372733
-0.396349
-0.413701
-0.418063
-0.420246
-0.405183
-0.447244
-0.455181
-0.462111
-0.44009
-0.469343
-0.497772
-0.47768
-0.501909
-0.504813
-0.47904
-0.463924
-0.514839
-0.514635
-0.466747
-0.480078
-0.45746
-0.421307
-0.414112
-0.451062
-0.46049
-0.444021
-0.40854
-0.420238
-0.415203
-0.440541
-0.455277
-0.461995
-0.445933
-0.433538
-0.455997
-0.464401
-0.451417
-0.46806
-0.459547
-0.425713
-0.39315
-0.391065
-0.418758
-0.425147
-0.406675
-0.371978
-0.385357
-0.403744
-0.397792
-0.400918
-0.42516
-0.412054
-0.406703
-0.436353
-0.445297
-0.414171
-0.447923
-0.453391
-0.450283
-0.427912
-0.434293
-0.418313
-0.387913
-0.406558
-0.420058
-0.398062
-0.421383
-0.417102
-0.39697
-0.407387
-0.410882
-0.406483
-0.410169
-0.34471
-0.412293
-0.430709
-0.427268
-0.42815
-0.387919
-0.445917
-0.457194
-0.473373
-0.440794
-0.477051
-0.499749
-0.454687
-0.462968
-0.51706
-0.48608
-0.50009
-0.525967
-0.499507
-0.487904
-0.499235
-0.501705
-0.515809
-0.475834
-0.489643
-0.487193
-0.455297
-0.49688
-0.499919
-0.467611
-0.486786
-0.435704
-0.446925
-0.46799
-0.465722
-0.435137
-0.442723
-0.474602
-0.446498
-0.455812
-0.453272
-0.447605
-0.419737
-0.426033
-0.446422
-0.413484
-0.434954
-0.423901
-0.418531
-0.429826
-0.452188
-0.446117
-0.43335
-0.421447
-0.448989
-0.440817
-0.400931
-0.407635
-0.40273
-0.409954
-0.364889
-0.312478
-0.33437
-0.353003
-0.344627
-0.336043
-0.306053
-0.351539
-0.371277
-0.357483
-0.368822
-0.373487
-0.325718
-0.34483
-0.393423
-0.400303
-0.404206
-0.401067
-0.395243
-0.424577
-0.421944
-0.436393
-0.460951
-0.463481
-0.454425
-0.479994
-0.44344
-0.441717
-0.474791
-0.476185
-0.451278
-0.444852
-0.458349
-0.430923
-0.451297
-0.457513
-0.473652
-0.478871
-0.463498
-0.45933
-0.437066
-0.451381
-0.466122
-0.467935
-0.471704
-0.492295
-0.458496
-0.46771
-0.491481
-0.502756
-0.512448
-0.512499
-0.495623
-0.462365
-0.51167
-0.527414
-0.519308
-0.486279
-0.492079
-0.562797
-0.515123
-0.554758
