1.80419
1.79065
1.78745
1.74423
1.78202
1.76929
1.77373
1.76673
1.72903
1.77161
1.77231
1.76835
1.76433
1.76213
1.77801
1.77428
1.76596
1.76225
1.76793
1.74137
1.76422
1.71842
1.73091
1.75499
1.69301
1.73816
1.71478
1.76341
1.75675
1.75592
1.75127
1.75364
1.76343
1.78336
1.78878
1.787
1.77604
1.7392
1.76378
1.78106
1.77921
1.74911
1.74965
1.7133
1.74915
1.74045
1.74769
1.72792
1.73423
1.72807
1.77958
1.80272
1.80978
1.82058
1.80112
1.81037
1.83522
1.81016
1.82021
1.79969
1.76142
1.78364
1.77267
1.81096
1.78851
1.78922
1.81875
1.82302
1.80423
1.80078
1.82654
1.82473
1.81686
1.80349
1.81378
1.8309
1.83195
1.80059
1.81422
1.78441
1.81735
1.80825
1.78912
1.77147
1.79673
1.79673
1.75942
1.77708
1.76538
1.75035
1.71948
1.72742
1.73725
1.72852
1.72976
1.74088
1.74343
1.77274
1.79044
1.80078
1.78814
1.7858
1.81129
1.78908
1.79148
1.77413
1.77377
1.76424
1.71986
1.74543
1.73582
1.73311
1.72851
1.74446
1.72509
1.75001
1.75461
1.74611
1.74798
1.75717
1.73918
1.7323
1.76007
1.74221
1.76504
1.77477
1.77835
1.76775
1.78411
1.82366
1.76861
1.77532
1.8358
1.8617
1.79801
1.83821
1.84285
1.83203
1.81634
1.83335
1.83275
1.82713
1.82292
1.80307
1.82627
1.81212
1.81469
1.82991
1.81695
1.80833
1.81397
1.76779
1.81021
1.79861
1.78943
1.78897
1.80195
1.80237
1.7944
1.8042
1.8403
1.82004
1.81107
1.83377
1.79646
1.795
1.82015
1.80692
1.78777
1.75954
1.78086
1.78452
1.75203
1.80711
1.80643
1.76161
1.76276
1.80621
1.81985
1.80861
1.80186
1.79521
1.80689
1.80637
1.78015
1.78762
1.78218
1.78446
1.77745
1.77054
1.76783
1.74306
1.75305
1.75912
1.77586
1.78204
1.78146
1.65713
1.76651
1.76015
1.77952
1.76878
1.75162
1.75283
1.79032
1.74912
1.78088
1.79419
1.78003
1.80505
1.79567
1.7992
1.79363
1.80035
1.80257
1.80153
1.81843
1.78024
1.81355
1.82407
1.79102
1.82677
1.78739
1.82893
1.82712
1.78447
1.81845
1.81912
1.8226
1.83491
1.81954
1.79534
1.79839
1.83989
1.83453
1.79776
1.79968
1.83328
1.86214
1.84905
1.83342
1.82773
1.86549
1.88148
1.88296
1.85918
1.85072
1.83351
1.88257
1.8695
1.82595
1.81676
1.85426
1.82019
1.77419
1.79174
1.80233
1.80445
1.78971
1.74352
1.7623
1.78822
1.82283
1.80669
1.75679
1.77916
1.79518
1.81392
1.7804
1.80283
1.79467
1.74517
1.78179
1.7924
1.80758
1.80109
1.78543
1.80452
1.81916
1.77258
1.79959
1.80957
1.78961
1.80225
1.80769
1.7891
1.7767
1.79329
1.82381
1.8304
1.80447
1.80113
1.82746
1.83762
1.8334
1.80898
1.7932
1.8043
1.79956
1.77821
1.77844
1.73498
1.80126
1.78336
1.75851
1.75591
1.79736
1.77123
1.76458
1.81097
1.81409
1.8252
1.80745
1.81884
1.74508
1.79089
1.7846
1.78751
1.78208
1.78494
1.75325
1.74405
1.73128
1.74973
1.72025
1.75353
1.75867
1.75408
1.74379
1.77531
1.77464
1.77022
1.80156
1.7783
1.79067
1.81904
1.83939
1.84817
1.81948
1.84831
1.84158
1.82036
1.80231
1.82333
1.77894
1.78604
1.77387
1.7779
1.78327
1.77818
1.76404
1.75313
1.74387
1.76485
1.78245
1.76664
1.75158
1.74218
1.7635
1.79102
1.75687
1.71964
1.72959
1.74611
1.75832
1.71975
1.73221
1.76269
1.72975
1.70911
1.74397
1.74531
1.69143
1.75026
1.77195
1.73517
1.74592
1.7649
1.75983
1.73466
1.73692
1.76168
1.72601
1.76298
1.77427
1.76681
1.7492
1.77034
1.75837
1.7267
1.7518
1.78179
1.78273
1.77603
1.7886
1.80869
1.79926
1.8078
1.77273
1.80998
1.79102
1.79757
1.77395
1.75937
1.77206
1.79371
1.79193
1.78956
1.76252
1.77505
1.79
1.75774
1.72043
1.77573
1.77672
1.7435
1.73679
1.72478
1.76863
1.80681
1.77938
1.75274
1.7836
1.73903
1.77417
1.78263
1.74153
1.76406
1.78662
1.78088
1.73148
1.7252
1.78839
1.77715
1.73598
1.70604
1.74635
1.73142
1.72462
1.73849
1.71897
1.74068
1.72303
1.73395
1.73009
1.74035
1.72981
1.72025
1.75824
1.77291
1.75773
1.77477
1.7919
1.76831
1.79667
1.82139
1.79982
1.7813
1.78693
1.81539
1.81604
1.80007
1.7874
1.8126
1.80855
1.8411
1.77846
1.80007
1.80806
1.82897
1.8331
1.82675
1.77539
1.77513
1.78679
1.78274
1.80712
1.81477
1.78009
1.76972
1.80039
1.80962
1.78936
1.80938
1.79409
1.7967
1.79937
1.8142
1.79404
1.79843
1.7952
1.79614
1.8092
1.82408
1.78801
1.84014
1.82239
1.8605
1.87736
1.84103
1.84677
1.85276
1.88462
1.8505
1.8513
1.83418
1.88286
1.81229
1.82584
1.86787
1.84675
1.85319
1.86151
1.85797
1.88734
1.90442
1.87654
1.86685
1.88234
1.8405
1.89027
1.89059
1.88625
1.88927
1.87998
1.90831
1.8651
1.85221
1.88335
1.85843
1.87338
1.85315
1.83315
1.8596
1.84792
1.86294
1.84976
1.85517
1.83804
1.85139
1.86576
1.86328
1.84171
1.84631
1.878
1.86292
1.8518
1.84759
1.82492
1.84688
1.87195
1.85665
1.82921
1.81062
1.80468
1.84624
1.82773
1.83215
1.81231
1.86183
1.86233
1.86202
1.88684
1.87778
1.80607
1.86769
1.88497
1.87206
1.83106
1.85216
1.84361
1.81214
1.78645
1.8233
1.7951
1.80045
1.80234
1.78385
1.78542
1.79646
1.78596
1.79894
1.77232
1.78702
1.80051
1.80504
1.77508
1.81727
1.82692
1.80339
1.82376
1.80596
1.81005
1.8403
1.83813
1.84812
1.83581
1.83015
1.82262
1.81907
1.85574
1.83301
1.83195
1.84919
1.84144
1.82031
1.86383
1.83094
1.83492
1.85901
1.84585
1.85174
1.87304
1.88023
1.90173
1.90699
1.92429
1.91228
1.88602
1.93328
1.94263
1.92907
1.91019
1.9148
1.89199
1.88482
1.87534
1.87341
1.88464
1.87757
1.85745
1.8154
1.85537
1.87383
1.86595
1.79014
1.83627
1.83317
1.83648
1.84194
1.81952
1.81006
1.85124
1.87261
1.86139
1.85851
1.86837
1.89123
1.86946
1.86295
1.89442
1.82482
1.87546
1.88395
1.81996
1.81592
1.84056
1.83725
1.82246
1.81273
1.8435
1.83247
1.79335
1.79959
1.80089
1.84053
1.83388
1.81086
1.77001
1.8019
1.81188
1.80623
1.80639
1.76149
1.79838
1.80629
1.79001
1.81691
1.81418
1.7896
1.82597
1.82228
1.82707
1.80008
1.83281
1.83987
1.81274
1.81731
1.85395
1.8726
1.78243
1.81795
1.84579
1.84164
1.85398
1.82307
1.80875
1.82835
1.79222
1.82339
1.83908
1.8114
1.78836
1.7929
1.80803
1.76674
1.80151
1.79729
1.80612
1.83686
1.78708
1.78864
1.82192
1.78851
1.75903
1.77153
1.77317
1.76175
1.74813
1.75276
1.74367
1.7268
1.75407
1.76926
1.76737
1.74875
1.73773
1.72323
1.74777
1.78146
1.784
1.76056
1.75651
1.73139
1.74178
1.78189
1.75452
1.75979
1.74798
1.71311
1.74662
1.69007
1.72944
1.73257
1.73938
1.743
1.71848
1.71236
1.75128
1.76061
1.7731
1.77903
1.80257
1.77623
1.75404
1.76538
1.77946
1.7957
1.78217
1.71956
1.76896
1.77006
1.74093
1.76615
1.7826
1.77448
1.77173
1.77177
1.77397
1.79832
1.77492
1.80671
1.81482
1.82338
1.83014
1.83422
1.83732
1.81353
1.87865
1.88286
1.85469
1.85264
1.84914
1.85257
1.85664
1.87825
1.84998
1.84916
1.85669
1.84675
1.8581
1.81061
1.80679
1.80777
1.79903
1.78606
1.77075
1.75829
1.76013
1.77762
1.77944
1.7756
1.80247
1.76985
1.77235
1.79621
1.81348
1.81785
1.81997
1.80498
1.84696
1.85493
1.86185
1.83987
1.86907
1.89755
1.87754
1.90168
1.90461
1.87874
1.86372
1.91468
1.91443
1.86666
1.87993
1.85741
1.82117
1.81399
1.851
1.86043
1.84395
1.80853
1.82012
1.81522
1.84054
1.85532
1.86201
1.84594
1.83351
1.85593
1.86438
1.85149
1.86805
1.85952
1.82569
1.79315
1.79108
1.81874
1.82511
1.80662
1.77206
1.78537
1.80372
1.7978
1.80089
1.8251
1.81197
1.80664
1.83622
1.84512
1.81424
1.8476
1.85301
1.85017
1.82784
1.83418
1.81818
1.78789
1.80641
1.81983
1.79795
1.82121
1.81692
1.79685
1.80724
1.81072
1.80635
1.80995
1.74465
1.81203
1.83055
1.82713
1.82791
1.78791
1.84558
1.85693
1.87312
1.84069
1.87683
1.89954
1.85454
1.86281
1.9168
1.88591
1.89991
1.92577
1.8993
1.8877
1.89895
1.90142
1.91559
1.8757
1.88931
1.88695
1.85509
1.89651
1.89964
1.86742
1.88649
1.83519
1.84653
1.86785
1.86554
1.8349
1.8425
1.87443
1.84639
1.85564
1.85316
1.84747
1.81954
1.82581
1.84623
1.81339
1.83474
1.82374
1.81841
1.82973
1.85201
1.84601
1.83317
1.82129
1.84884
1.84065
1.80082
1.80743
1.80262
1.80978
1.76478
1.7124
1.73416
1.75286
1.74447
1.73585
1.70594
1.7513
1.77103
1.75728
1.76847
1.77314
1.72541
1.74436
1.79296
1.79998
1.80381
1.8007
1.795
1.8242
1.82158
1.83608
1.86065
1.86317
1.85417
1.8795
1.84304
1.8414
1.87439
1.87581
1.85092
1.84453
1.85798
1.83066
1.85097
1.85717
1.8733
1.87849
1.86303
1.85873
1.8365
1.85081
1.86551
1.86757
1.87132
1.89193
1.85816
1.86733
1.89114
1.90244
1.91211
1.91219
1.89529
1.8621
1.91133
1.92718
1.91906
1.88609
1.89196
1.96247
1.91508
1.95452
