1.40003
1.39997
1.40003
1.40029
1.40001
1.40006
1.40005
1.40001
1.39972
1.39969
1.40005
1.39999
1.4
1.40005
1.40003
1.39998
1.39996
1.40001
1.39995
1.40009
1.39982
1.4
1.40002
1.39989
1.40016
1.39991
1.40016
1.39997
1.40006
1.39999
1.39998
1.39998
1.39995
1.39995
1.39994
1.39997
1.39993
1.39998
1.39991
1.39996
1.39994
1.40004
1.39988
1.40003
1.39995
1.40003
1.39997
1.39997
1.39986
1.39987
1.39985
1.39995
1.39994
1.3999
1.39989
1.39992
1.39988
1.39998
1.39993
1.39989
1.39999
1.39992
1.39999
1.39993
1.40004
1.40003
1.40001
1.4
1.39996
1.39996
1.39995
1.39998
1.39997
1.4
1.39999
1.40001
1.39995
1.4001
1.39993
1.4001
1.40003
1.40004
1.40001
1.40003
1.39998
1.39994
1.40003
1.39996
1.40005
1.40005
1.40009
1.40004
1.40004
1.40009
1.40011
1.40011
1.40014
1.40008
1.40012
1.40005
1.40002
1.40004
1.39994
1.40003
1.40001
1.40002
1.40001
1.39985
1.40001
1.39997
1.39998
1.39996
1.40001
1.39996
1.40009
1.39996
1.39999
1.39998
1.39996
1.39996
1.39995
1.39999
1.39993
1.4
1.39991
1.39998
1.3999
1.3998
1.39985
1.39977
1.3994
1.39997
1.39989
1.39984
1.40009
1.39981
1.3999
1.3998
1.39963
1.39977
1.39988
1.39993
1.39989
1.39993
1.39994
1.39998
1.39999
1.39994
1.39986
1.39983
1.39974
1.39997
1.39989
1.39997
1.39996
1.39994
1.39993
1.39994
1.39991
1.39998
1.39992
1.39993
1.39993
1.39993
1.39992
1.39989
1.39999
1.40004
1.4
1.4001
1.40001
1.39992
1.40007
1.4
1.39995
1.39996
1.40001
1.39996
1.39993
1.39995
1.39993
1.39995
1.3999
1.3999
1.40001
1.39995
1.4
1.39998
1.4
1.4
1.4
1.39994
1.39984
1.40002
1.39998
1.4
1.39987
1.40046
1.39976
1.39989
1.40001
1.39999
1.40004
1.39997
1.3998
1.40004
1.39991
1.39989
1.39998
1.39987
1.39996
1.39995
1.39994
1.39992
1.39981
1.39979
1.39983
1.39993
1.39975
1.39982
1.39987
1.39978
1.39975
1.39969
1.3997
1.39997
1.39962
1.39967
1.39988
1.39966
1.3997
1.39956
1.39958
1.39979
1.39979
1.39975
1.39973
1.39972
1.39967
1.39968
1.39967
1.3998
1.39971
1.39974
1.39973
1.39962
1.39959
1.3998
1.39968
1.39973
1.39972
1.39987
1.39979
1.39984
1.39993
1.3998
1.39983
1.39984
1.39974
1.39976
1.3998
1.39984
1.39982
1.39981
1.39992
1.39987
1.3999
1.39981
1.39995
1.39983
1.39983
1.39997
1.39982
1.39994
1.39987
1.39984
1.39995
1.39985
1.39981
1.3999
1.39981
1.39979
1.39986
1.39989
1.39988
1.39988
1.39993
1.39993
1.39986
1.39989
1.39987
1.3999
1.39986
1.39985
1.39986
1.39991
1.39993
1.39986
1.39987
1.39991
1.39978
1.40003
1.39981
1.39986
1.3999
1.39993
1.39982
1.39988
1.39991
1.39985
1.39991
1.39987
1.39993
1.39967
1.40002
1.39977
1.39985
1.39991
1.39997
1.39995
1.4
1.39996
1.40005
1.39992
1.40006
1.39993
1.39999
1.39998
1.40003
1.39996
1.39993
1.39995
1.39991
1.39995
1.39994
1.39992
1.39989
1.39994
1.39999
1.39988
1.39999
1.39998
1.40003
1.39995
1.4001
1.39998
1.40008
1.40005
1.40007
1.39998
1.39998
1.40005
1.40007
1.40003
1.40003
1.39997
1.39997
1.39996
1.39999
1.40003
1.39999
1.40003
1.40002
1.40003
1.39998
1.40005
1.39997
1.39998
1.39998
1.39996
1.39991
1.4
1.40003
1.39995
1.39999
1.40008
1.40004
1.4001
1.4
1.40004
1.40008
1.39993
1.40005
1.40002
1.40003
1.40002
1.40003
1.39996
1.4
1.4001
1.40002
1.39997
1.4
1.40001
1.4
1.39995
1.40001
1.39979
1.39999
1.3999
1.39999
1.39992
1.39996
1.39996
1.40002
1.39998
1.40004
1.39999
1.40003
1.40003
1.40002
1.40003
1.40016
1.39996
1.39998
1.40003
1.39995
1.39997
1.39991
1.39994
1.39992
1.39999
1.39996
1.39998
1.39989
1.39993
1.40002
1.39993
1.39992
1.39992
1.39995
1.40001
1.39996
1.39993
1.40003
1.40018
1.39997
1.40003
1.40004
1.39997
1.40009
1.39997
1.40008
1.40002
1.40001
1.39999
1.39995
1.39997
1.4
1.39999
1.40006
1.4
1.39996
1.39999
1.39989
1.39997
1.39967
1.39962
1.3999
1.3999
1.39995
1.39996
1.4
1.39996
1.40005
1.39988
1.40001
1.39975
1.3999
1.4
1.4
1.39994
1.39999
1.39994
1.39993
1.39997
1.39995
1.39988
1.39987
1.39982
1.3998
1.39982
1.39999
1.39991
1.39997
1.39994
1.39998
1.39994
1.4
1.39993
1.39996
1.39997
1.39995
1.39983
1.39996
1.39983
1.39997
1.39989
1.39981
1.39987
1.39982
1.39992
1.39981
1.39985
1.39967
1.39986
1.39977
1.39975
1.39967
1.3998
1.39987
1.39982
1.39981
1.39983
1.39979
1.39974
1.39981
1.39965
1.39956
1.39991
1.39973
1.39978
1.39979
1.39975
1.39975
1.39967
1.39983
1.39982
1.3997
1.39983
1.39977
1.39977
1.39984
1.39978
1.39983
1.39977
1.39975
1.39972
1.39988
1.3998
1.39981
1.3998
1.39971
1.39969
1.39982
1.39984
1.39969
1.39963
1.39981
1.39977
1.39983
1.39989
1.3999
1.39981
1.39989
1.39987
1.39989
1.39978
1.4
1.39989
1.39988
1.39987
1.39991
1.39978
1.39996
1.3998
1.39989
1.3999
1.40006
1.39991
1.3999
1.39991
1.39998
1.39992
1.39986
1.39988
1.40002
1.40003
1.40001
1.4
1.40003
1.39994
1.39997
1.39992
1.4
1.39996
1.40007
1.39994
1.39995
1.40002
1.39988
1.39992
1.39996
1.39991
1.39997
1.39996
1.3999
1.39988
1.39981
1.39986
1.39991
1.39988
1.39985
1.39987
1.39992
1.40003
1.39986
1.40013
1.39967
1.3996
1.39982
1.39997
1.39987
1.39991
1.3999
1.39992
1.39992
1.39973
1.39977
1.39983
1.39992
1.39992
1.39997
1.39993
1.4
1.39991
1.39992
1.39992
1.39995
1.39988
1.39981
1.40005
1.39991
1.39996
1.3999
1.4002
1.39997
1.39994
1.39993
1.39992
1.39989
1.39995
1.3999
1.39993
1.39996
1.39983
1.39986
1.39987
1.39975
1.39978
1.39979
1.40005
1.39982
1.39985
1.39986
1.39982
1.39988
1.39987
1.39988
1.39993
1.39986
1.3999
1.39997
1.39978
1.39982
1.39988
1.39996
1.39994
1.40003
1.39993
1.4
1.40002
1.39999
1.4
1.39987
1.39997
1.40008
1.40008
1.40003
1.40016
1.40009
1.40015
1.40005
1.40012
1.40004
1.40009
1.40008
1.40002
1.40007
1.39989
1.39988
1.3999
1.40011
1.4001
1.40007
1.40009
1.40011
1.40001
1.40015
1.40008
1.40011
1.40013
1.40002
1.3999
1.40002
1.40015
1.39995
1.39999
1.40004
1.39994
1.39991
1.3999
1.39999
1.40003
1.40006
1.40001
1.4
1.40001
1.40007
1.40005
1.40001
1.40008
1.4
1.39999
1.39997
1.39998
1.39994
1.39996
1.39994
1.39997
1.39999
1.40001
1.39988
1.39992
1.39995
1.39993
1.40005
1.39998
1.4
1.40012
1.39988
1.40015
1.39999
1.40002
1.40004
1.40002
1.40013
1.4001
1.39998
1.40009
1.40005
1.40007
1.40002
1.39999
1.39981
1.39984
1.40007
1.39998
1.39996
1.40006
1.39992
1.4
1.4001
1.40003
1.40002
1.40005
1.40004
1.40003
1.40005
1.39999
1.39983
1.39987
1.40008
1.40008
1.40004
1.40004
1.39989
1.39996
1.39999
1.40001
1.40007
1.39999
1.39996
1.40001
1.40001
1.3999
1.39998
1.39992
1.39981
1.39985
1.39986
1.4
1.39993
1.39991
1.39992
1.39989
1.39989
1.39982
1.39982
1.39985
1.39984
1.39987
1.39981
1.39972
1.39962
1.39986
1.39978
1.39979
1.39972
1.3998
1.39972
1.39975
1.39974
1.39978
1.39973
1.39978
1.39986
1.39977
1.39979
1.3997
1.3998
1.39984
1.3998
1.39991
1.39985
1.39995
1.39987
1.39988
1.39994
1.39994
1.39993
1.39999
1.39988
1.40002
1.4
1.40004
1.40001
1.40001
1.39997
1.39993
1.39998
1.40007
1.39999
1.39997
1.39998
1.4
1.40002
1.39998
1.39996
1.39994
1.40008
1.40001
1.39998
1.40001
1.39997
1.39994
1.39992
1.39994
1.39987
1.39982
1.40007
1.39968
1.39962
1.39989
1.39993
1.39989
1.39987
1.39998
1.39985
1.39977
1.39989
1.39982
1.39982
1.39988
1.39985
1.39984
1.39987
1.39978
1.39994
1.39973
1.39984
1.39986
1.39976
1.39999
1.39967
1.39973
1.39975
1.39989
1.39978
1.3998
1.39985
1.39984
1.39974
1.39983
1.39982
1.3998
1.39979
1.3998
1.39971
1.39971
1.39978
1.39986
1.39966
1.39976
1.39979
1.39963
1.39972
1.39981
1.3997
1.39949
1.3996
1.39986
1.39982
1.39977
1.39978
1.39983
1.39989
1.39983
1.39989
1.39987
1.39981
1.39978
1.39981
1.39991
1.39978
1.39984
1.39988
1.3999
1.39982
1.39989
1.39982
1.39984
1.39985
1.39983
1.39989
1.39979
1.39989
1.39983
1.39989
1.39992
1.39979
1.39986
1.39984
1.3998
1.39989
1.39976
1.39975
1.3998
1.39965
1.39965
1.39969
1.39953
1.39954
1.39968
1.3996
1.39964
1.39975
1.39962
1.39963
1.39969
1.39969
1.39969
1.39974
1.39951
1.3996
1.39968
1.3996
1.39962
1.39964
1.39968
1.39963
1.39974
1.39967
1.39966
1.39964
1.39962
1.39954
1.3994
1.39943
1.39943
1.39939
1.39963
1.39961
1.39963
1.39966
1.39962
1.39966
1.39968
1.39967
1.39969
1.39967
1.39974
1.39966
1.39977
1.39975
1.39981
1.39988
1.39967
1.39996
1.39976
