1.2028
1.19377
1.19164
1.16282
1.18802
1.17953
1.18249
1.17782
1.15269
1.18107
1.18154
1.1789
1.17622
1.17475
1.18534
1.18285
1.17731
1.17484
1.17862
1.16091
1.17614
1.14561
1.15394
1.16999
1.12867
1.15877
1.14319
1.17561
1.17117
1.17061
1.16751
1.1691
1.17562
1.1889
1.19252
1.19133
1.18402
1.15947
1.17585
1.18737
1.18614
1.16607
1.16643
1.1422
1.1661
1.1603
1.16513
1.15195
1.15616
1.15205
1.18639
1.20181
1.20652
1.21372
1.20075
1.20691
1.22348
1.20677
1.21347
1.19979
1.17428
1.18909
1.18178
1.20731
1.19234
1.19282
1.2125
1.21535
1.20282
1.20052
1.21769
1.21649
1.21124
1.20233
1.20919
1.2206
1.2213
1.20039
1.20948
1.1896
1.21156
1.2055
1.19275
1.18098
1.19782
1.19782
1.17295
1.18472
1.17692
1.1669
1.14632
1.15162
1.15816
1.15235
1.15318
1.16059
1.16229
1.18183
1.19363
1.20052
1.1921
1.19053
1.20753
1.19272
1.19432
1.18275
1.18251
1.17616
1.14657
1.16362
1.15722
1.1554
1.15234
1.16297
1.15006
1.16667
1.16974
1.16407
1.16532
1.17145
1.15945
1.15487
1.17338
1.16147
1.1767
1.18318
1.18556
1.1785
1.18941
1.21577
1.17907
1.18355
1.22387
1.24113
1.19868
1.22547
1.22857
1.22136
1.21089
1.22223
1.22183
1.21809
1.21528
1.20204
1.21751
1.20808
1.20979
1.21994
1.2113
1.20556
1.20931
1.17853
1.20681
1.19907
1.19295
1.19265
1.2013
1.20158
1.19627
1.2028
1.22686
1.21336
1.20738
1.22251
1.19764
1.19667
1.21343
1.20462
1.19185
1.17303
1.18724
1.18968
1.16802
1.20474
1.20429
1.17441
1.17517
1.20414
1.21323
1.20574
1.20124
1.19681
1.20459
1.20425
1.18677
1.19175
1.18812
1.18964
1.18496
1.18036
1.17856
1.16204
1.1687
1.17275
1.18391
1.18803
1.18764
1.10475
1.17767
1.17343
1.18635
1.17919
1.16774
1.16855
1.19355
1.16608
1.18725
1.19612
1.18668
1.20336
1.19711
1.19946
1.19575
1.20023
1.20171
1.20102
1.21229
1.18683
1.20904
1.21604
1.19402
1.21785
1.19159
1.21929
1.21808
1.18964
1.2123
1.21275
1.21507
1.22328
1.21303
1.19689
1.19893
1.22659
1.22302
1.19851
1.19979
1.22219
1.24143
1.2327
1.22228
1.21849
1.24366
1.25432
1.25531
1.23945
1.23382
1.22234
1.25505
1.24633
1.2173
1.21118
1.23617
1.21346
1.18279
1.19449
1.20155
1.20297
1.19314
1.16235
1.17487
1.19214
1.21522
1.20446
1.17119
1.1861
1.19679
1.20928
1.18693
1.20189
1.19645
1.16344
1.18786
1.19493
1.20505
1.20073
1.19029
1.20301
1.21277
1.18172
1.19972
1.20638
1.19308
1.2015
1.20512
1.19273
1.18447
1.19553
1.21588
1.22027
1.20298
1.20075
1.21831
1.22508
1.22227
1.20598
1.19547
1.20286
1.1997
1.18548
1.18563
1.15666
1.20084
1.1889
1.17234
1.17061
1.19824
1.18082
1.17639
1.20731
1.20939
1.2168
1.20497
1.21256
1.16338
1.19393
1.18974
1.19167
1.18805
1.18996
1.16883
1.1627
1.15419
1.16649
1.14684
1.16902
1.17245
1.16939
1.16253
1.18354
1.18309
1.18015
1.20104
1.18553
1.19378
1.21269
1.22626
1.23212
1.21299
1.2322
1.22772
1.21357
1.20154
1.21556
1.18596
1.19069
1.18258
1.18526
1.18885
1.18545
1.17603
1.16876
1.16258
1.17657
1.1883
1.17776
1.16772
1.16146
1.17567
1.19401
1.17125
1.14643
1.15306
1.16408
1.17221
1.1465
1.1548
1.17513
1.15317
1.13941
1.16265
1.16354
1.12762
1.16684
1.1813
1.15678
1.16395
1.1766
1.17322
1.15644
1.15794
1.17445
1.15068
1.17532
1.18285
1.17788
1.16613
1.18023
1.17225
1.15113
1.16787
1.18786
1.18849
1.18402
1.1924
1.2058
1.1995
1.2052
1.18182
1.20665
1.19402
1.19838
1.18263
1.17291
1.18137
1.1958
1.19462
1.19304
1.17501
1.18337
1.19334
1.17183
1.14696
1.18382
1.18448
1.16234
1.15786
1.14985
1.17909
1.20454
1.18626
1.16849
1.18907
1.15936
1.18278
1.18842
1.16102
1.17604
1.19108
1.18726
1.15432
1.15014
1.19226
1.18476
1.15732
1.13736
1.16423
1.15428
1.14975
1.159
1.14598
1.16046
1.14869
1.15596
1.15339
1.16024
1.1532
1.14683
1.17216
1.18194
1.17182
1.18318
1.1946
1.17887
1.19778
1.21426
1.19988
1.18754
1.19129
1.21026
1.2107
1.20005
1.1916
1.2084
1.2057
1.2274
1.18564
1.20005
1.20537
1.21931
1.22207
1.21784
1.1836
1.18342
1.19119
1.18849
1.20474
1.20984
1.18672
1.17982
1.20026
1.20641
1.19291
1.20626
1.19606
1.1978
1.19958
1.20947
1.19603
1.19896
1.1968
1.19742
1.20614
1.21605
1.19201
1.22676
1.21493
1.24033
1.25158
1.22735
1.23118
1.23518
1.25642
1.23367
1.2342
1.22279
1.25524
1.20819
1.21723
1.24525
1.23117
1.23546
1.241
1.23864
1.25823
1.26962
1.25103
1.24457
1.25489
1.227
1.26018
1.26039
1.2575
1.25951
1.25332
1.27221
1.2434
1.2348
1.25557
1.23895
1.24892
1.23543
1.2221
1.23973
1.23195
1.24196
1.23317
1.23678
1.22536
1.23426
1.24384
1.24219
1.22781
1.23088
1.252
1.24195
1.23453
1.23173
1.21661
1.23125
1.24797
1.23777
1.21948
1.20708
1.20312
1.23083
1.21848
1.22144
1.20821
1.24122
1.24155
1.24135
1.25789
1.25185
1.20405
1.24512
1.25664
1.24804
1.22071
1.23477
1.22907
1.2081
1.19097
1.21553
1.19674
1.2003
1.20156
1.18923
1.19028
1.19764
1.19064
1.1993
1.18154
1.19135
1.20034
1.20336
1.18339
1.21152
1.21795
1.20226
1.21584
1.20397
1.2067
1.22686
1.22542
1.23208
1.22388
1.2201
1.21508
1.21271
1.23716
1.22201
1.2213
1.23279
1.22763
1.21354
1.24255
1.22063
1.22328
1.23934
1.23056
1.23449
1.2487
1.25349
1.26782
1.27133
1.28286
1.27485
1.25735
1.28885
1.29508
1.28604
1.27346
1.27653
1.26132
1.25655
1.25023
1.24894
1.25643
1.25171
1.2383
1.21026
1.23691
1.24922
1.24397
1.19343
1.22418
1.22212
1.22432
1.22796
1.21301
1.2067
1.23416
1.24841
1.24093
1.239
1.24558
1.26082
1.24631
1.24196
1.26294
1.21654
1.25031
1.25597
1.21331
1.21062
1.22704
1.22483
1.21497
1.20848
1.229
1.22165
1.19557
1.19973
1.2006
1.22702
1.22259
1.20724
1.18001
1.20126
1.20792
1.20416
1.20426
1.17433
1.19892
1.20419
1.19334
1.21127
1.20945
1.19307
1.21731
1.21485
1.21804
1.20005
1.22188
1.22658
1.20849
1.21154
1.23597
1.2484
1.18828
1.21197
1.23053
1.22776
1.23599
1.21538
1.20583
1.2189
1.19481
1.21559
1.22605
1.2076
1.19224
1.19527
1.20536
1.17782
1.201
1.19819
1.20408
1.22458
1.19139
1.19242
1.21461
1.19234
1.17269
1.18102
1.18211
1.1745
1.16542
1.1685
1.16245
1.1512
1.16938
1.17951
1.17824
1.16583
1.15849
1.14882
1.16518
1.18764
1.18933
1.17371
1.171
1.15426
1.16118
1.18793
1.16968
1.17319
1.16532
1.14207
1.16441
1.12672
1.15296
1.15505
1.15958
1.162
1.14566
1.14157
1.16752
1.17374
1.18207
1.18602
1.20171
1.18415
1.16936
1.17692
1.18631
1.19714
1.18812
1.14638
1.17931
1.18004
1.16062
1.17743
1.1884
1.18298
1.18115
1.18118
1.18265
1.19888
1.18328
1.20447
1.20988
1.21559
1.22009
1.22282
1.22488
1.20902
1.25243
1.25524
1.23646
1.23509
1.23276
1.23505
1.23776
1.25217
1.23332
1.23277
1.2378
1.23117
1.23873
1.20707
1.20452
1.20518
1.19936
1.1907
1.1805
1.17219
1.17342
1.18508
1.1863
1.18374
1.20165
1.1799
1.18157
1.19747
1.20899
1.2119
1.21331
1.20332
1.23131
1.23662
1.24123
1.22658
1.24605
1.26503
1.25169
1.26779
1.26974
1.25249
1.24248
1.27646
1.27629
1.24444
1.25328
1.23827
1.21412
1.20933
1.234
1.24029
1.2293
1.20569
1.21341
1.21015
1.22703
1.23688
1.24134
1.23063
1.22234
1.23728
1.24292
1.23433
1.24537
1.23968
1.21713
1.19544
1.19405
1.21249
1.21674
1.20441
1.18137
1.19025
1.20248
1.19854
1.2006
1.21673
1.20798
1.20443
1.22415
1.23008
1.2095
1.23173
1.23534
1.23345
1.21856
1.22279
1.21212
1.19193
1.20427
1.21322
1.19864
1.21414
1.21128
1.1979
1.20482
1.20715
1.20423
1.20663
1.1631
1.20802
1.22037
1.21809
1.21861
1.19194
1.23039
1.23795
1.24875
1.22712
1.25122
1.26636
1.23636
1.24187
1.27786
1.25727
1.26661
1.28385
1.2662
1.25847
1.26597
1.26761
1.27706
1.25046
1.25954
1.25797
1.23672
1.26434
1.26642
1.24495
1.25766
1.22346
1.23102
1.24523
1.2437
1.22327
1.22833
1.24962
1.23092
1.2371
1.23544
1.23165
1.21303
1.21721
1.23082
1.20893
1.22316
1.21583
1.21227
1.21982
1.23467
1.23067
1.22211
1.21419
1.23256
1.2271
1.20055
1.20495
1.20174
1.20652
1.17652
1.1416
1.15611
1.16857
1.16298
1.15723
1.13729
1.16753
1.18068
1.17152
1.17898
1.18209
1.15027
1.16291
1.19531
1.19999
1.20254
1.20047
1.19666
1.21613
1.21438
1.22406
1.24043
1.24211
1.23611
1.253
1.22869
1.2276
1.24959
1.25054
1.23395
1.22969
1.23865
1.22044
1.23398
1.23811
1.24886
1.25232
1.24202
1.23915
1.22433
1.23387
1.24367
1.24504
1.24755
1.26128
1.23877
1.24488
1.26076
1.26829
1.27474
1.27479
1.26353
1.2414
1.27422
1.28479
1.27937
1.2574
1.2613
1.30831
1.27672
1.30301
