0  61.2814
1  73.2193
2  70.0613
3  66.0468
4  55.6588
5  51.0303
6  50.7357
7  71.1937
8  58.7058
9  67.4691
10  49.2688
11  65.7898
12  67.0014
13  52.4617
14  68.9695
15  69.4281
16  58.3719
17  54.2915
18  62.4815
19  49.1487
20  56.5272
21  55.3681
22  65.6391
23  60.5674
24  63.3601
25  62.8298
26  61.9683
27  66.7416
28  68.0285
29  62.3129
30  49.7752
31  59.2096
32  57.7287
33  63.0124
34  57.995
35  55.3549
36  55.8534
37  61.3541
38  64.7639
39  66.4542
40  66.2095
41  67.8586
42  64.9297
43  60.2638
44  54.5778
45  58.8748
46  56.822
47  64.8118
48  73.2872
49  76.278
50  59.3689
51  50.3445
52  50.6258
53  61.7518
54  60.4749
55  51.1554
56  54.732
57  62.211
58  60.8362
59  50.5054
60  53.7423
61  71.9021
62  58.9778
63  72.6721
64  69.2535
65  59.5008
66  75.2262
67  56.3882
68  55.388
69  58.0044
70  58.016
71  55.5659
72  58.2866
73  64.2587
74  44.9869
75  67.4682
76  54.6483
77  53.2761
78  60.8346
79  53.4837
80  71.0549
81  59.4759
82  59.5728
83  53.1275
84  70.3646
85  59.4918
86  63.8174
87  61.3568
88  68.5042
89  81.4403
90  49.5346
91  64.4737
92  65.9982
93  68.4753
94  57.5501
95  68.8568
96  64.6235
97  67.0163
98  61.4299
99  69.3831
100  58.8184
101  66.3377
102  37.9849
103  55.4186
104  69.2266
105  55.3817
106  61.7073
107  61.8547
108  54.1569
109  64.4569
110  65.4087
111  80.2232
112  54.5403
113  55.3932
114  61.4627
115  57.8942
116  57.0981
117  62.987
118  61.3932
119  57.9927
120  64.5206
121  64.5386
122  58.0825
123  48.5751
124  62.7017
125  55.3271
126  53.4202
127  79.2979
128  63.4318
129  71.7307
130  60.8105
131  65.2239
132  69.8717
133  70.8827
134  63.9724
135  56.5176
136  68.1698
137  62.1302
138  57.8765
139  68.5088
140  73.5259
141  57.9936
142  59.4234
143  58.285
144  69.8244
145  66.7604
146  55.1503
147  62.1713
148  65.0538
149  51.3779
150  59.1505
151  61.5529
152  58.78
153  60.0405
154  50.1726
155  52.223
156  57.2491
157  60.7547
158  65.9182
159  59.2884
160  45.6922
161  69.5061
162  52.0991
163  51.7033
164  56.6785
165  60.0415
166  64.3044
167  58.5693
168  45.6669
169  63.4521
170  60.152
171  78.7825
172  67.7192
173  60.133
174  56.2613
175  46.3122
176  63.827
177  57.7509
178  47.1961
179  62.8355
180  78.0581
181  58.7685
182  55.3869
183  56.9779
184  53.6024
185  60.2524
186  56.9252
187  66.1109
188  60.5906
189  64.2984
190  73.0383
191  62.4383
192  53.7144
193  62.6168
194  72.8347
195  60.1312
196  47.385
197  62.6232
198  71.0319
199  70.9362
200  57.7947
201  73.979
202  70.0433
203  64.1642
204  64.6721
205  52.9182
206  59.3555
207  68.841
208  57.7162
209  66.7735
210  60.7141
211  49.8775
212  71.9563
213  58.7041
214  65.6957
215  51.2292
216  63.0281
217  65.5872
218  61.2633
219  55.2005
220  44.7544
221  58.2985
222  68.2663
223  56.8353
224  59.8032
225  49.3589
226  61.0585
227  69.1759
228  57.949
229  60.4676
230  53.825
231  56.5462
232  67.5314
233  62.4779
234  65.7931
235  47.5493
236  60.8739
237  61.6537
238  44.899
239  51.0211
240  69.3476
241  52.2367
242  59.2161
243  62.0201
244  61.9833
245  60.2561
246  60.0547
247  56.7226
248  55.0776
249  50.3335
250  73.2235
251  60.5621
252  47.3384
253  56.0613
254  56.0733
255  61.2964
256  60.6138
257  49.8957
258  56.2235
259  64.0105
260  62.3286
261  68.1003
262  48.8802
263  62.165
264  66.0224
265  48.8226
266  70.1993
267  66.559
268  53.79
269  47.0432
270  59.603
271  64.6846
272  74.9029
273  80.8671
274  57.904
275  56.5699
276  57.6837
277  55.7277
278  62.039
279  63.3516
280  56.6151
281  62.751
282  58.6496
283  51.6033
284  50.9316
285  66.6316
286  62.0005
287  61.7131
288  55.9952
289  76.9969
290  64.4715
291  62.1353
292  60.1714
293  57.135
294  64.9541
295  62.7941
296  57.508
297  54.4871
298  58.4219
299  57.925
300  49.2131
301  67.4573
302  66.8377
303  64.5083
304  52.1111
305  70.1799
306  66.7926
307  69.4469
308  60.4481
309  55.6994
310  71.4687
311  68.0283
312  46.9206
313  65.0613
314  58.2031
315  57.7657
316  61.495
317  63.4779
318  71.6336
319  54.3145
320  40.7094
321  61.6589
322  51.9639
323  69.4521
324  53.9639
325  57.5375
326  64.6123
327  67.6638
328  76.2584
329  57.9401
330  55.3334
331  62.7136
332  62.9948
333  55.3014
334  54.1267
335  62.2458
336  57.8394
337  60.479
338  68.3451
339  77.3427
340  62.394
341  58.516
342  60.3853
343  56.6687
344  62.4544
345  59.3722
346  61.9863
347  74.1203
348  47.9452
349  54.0771
350  58.7259
351  71.8016
352  56.8666
353  52.7145
354  55.1332
355  72.1909
356  42.9474
357  51.1122
358  65.1548
359  62.3553
360  65.4506
361  61.1681
362  58.3024
363  49.9275
364  63.7141
365  63.2073
366  63.6174
367  59.9763
368  56.3757
369  50.3328
370  49.0776
371  63.9365
372  45.0506
373  66.8196
374  65.7883
375  47.8833
376  64.5867
377  61.5921
378  63.6179
379  57.7241
380  47.778
381  68.3061
382  67.0502
383  52.2778
384  60.9713
385  47.9411
386  61.3066
387  59.3532
388  53.0246
389  80.4014
390  58.6103
391  72.159
392  64.9183
393  76.5363
394  61.1241
395  60.4507
396  63.3708
397  52.9128
398  45.2977
399  56.4265
400  52.3186
401  58.3263
402  57.1921
403  58.1876
404  61.0243
405  55.7645
406  51.1627
407  65.3231
408  55.1136
409  53.1564
410  44.9638
411  70.2359
412  64.0661
413  58.9459
414  45.8247
415  56.4605
416  68.2361
417  60.9213
418  63.0644
419  55.3996
420  69.1095
421  55.7131
422  66.2596
423  65.4159
424  56.4466
425  51.6272
426  63.6937
427  42.143
428  54.5865
429  57.0164
430  68.9988
431  45.2738
432  49.9881
433  46.714
434  59.7723
435  69.6509
436  57.9236
437  77.4326
438  60.8504
439  60.5359
440  50.0924
441  50.9575
442  59.8892
443  51.1674
444  46.772
445  60.3223
446  56.6701
447  61.9511
448  64.4237
449  59.2882
450  66.2255
451  50.0023
452  60.673
453  68.0147
454  52.8332
455  65.5298
456  53.7342
457  50.2668
458  82.9408
459  42.4216
460  49.8454
461  62.6226
462  80.9412
463  68.5239
464  46.4646
465  60.7803
466  71.4224
467  43.1714
468  61.3884
469  71.4404
470  59.4274
471  47.2022
472  49.7491
473  78.5794
474  54.972
475  54.3076
476  54.7109
477  55.6793
478  49.7746
479  70.7863
480  59.3399
481  64.3767
482  60.2836
483  55.9422
484  41.7967
485  68.096
486  69.0067
487  60.2753
488  54.0595
489  50.6827
490  64.3264
491  66.8648
492  63.535
493  56.6619
494  58.2166
495  46.1286
496  53.0804
497  52.2511
498  67.6524
499  62.3382
500  60.7724
501  54.706
502  53.1035
503  58.7693
504  67.9114
505  69.0112
506  57.0288
507  57.2074
508  52.8452
509  48.1579
510  69.2736
511  58.5555
512  57.2889
513  74.117
514  58.3722
515  73.7805
516  54.9274
517  56.1882
518  57.7265
519  48.3711
520  58.0017
521  54.5426
522  62.8812
523  44.802
524  42.617
525  47.3656
526  61.6222
527  62.2959
528  69.8129
529  49.9477
530  59.673
531  46.9087
532  50.4532
533  68.8874
534  63.3118
535  63.0147
536  60.3232
537  47.9939
538  51.9752
539  61.6423
540  62.1432
541  60.3605
542  59.6569
543  58.0878
544  63.6749
545  68.7025
546  65.2145
547  58.8201
548  65.454
549  41.7826
550  59.3386
551  50.411
552  50.1272
553  59.0205
554  47.6041
555  66.9303
556  53.0224
557  62.7752
558  62.1871
559  39.0554
560  59.8903
561  59.2317
562  48.9507
563  58.3983
564  54.8897
565  52.7234
566  51.531
567  71.3507
568  73.0828
569  47.9914
570  44.9378
571  62.4839
572  65.375
573  58.5447
574  56.8212
575  50.4419
576  69.5826
577  59.3907
578  55.274
579  56.4863
580  63.9908
581  58.1088
582  62.3074
583  71.8508
584  69.0341
585  66.0784
586  45.8509
587  62.0157
588  57.0727
589  65.3245
590  66.1207
591  66.2358
592  60.0639
593  54.6928
594  47.1383
595  62.5956
596  53.8662
597  59.8911
598  71.9514
599  57.6292
600  54.5421
601  63.332
602  64.768
603  55.6587
604  60.9409
605  60.1036
606  72.6449
607  46.4506
608  52.2198
609  60.0101
610  55.9306
611  68.6582
612  71.2458
613  60.2618
614  65.6642
615  55.3643
616  60.3996
617  56.8297
618  51.3547
619  46.9321
620  45.7727
621  62.7272
622  56.0488
623  59.1411
624  51.8319
625  46.052
626  51.4229
627  62.9947
628  50.6414
629  60.5879
630  56.0434
631  59.5753
632  68.3828
633  66.3051
634  63.5208
635  65.9381
636  52.7454
637  49.9212
638  53
639  50.4293
640  73.2459
641  59.9732
642  58.2692
643  67.6854
644  52.4485
645  63.4185
646  67.6927
647  57.6178
648  77.686
649  51.2543
650  44.773
651  54.6986
652  58.7301
653  62.0383
654  71.7908
655  43.9797
656  55.0873
657  72.2773
658  68.8922
659  53.1395
660  59.9978
661  64.9564
662  56.4345
663  45.8044
664  49.5153
665  66.6662
666  56.5589
667  55.7024
668  49.6198
669  56.62
670  52.1882
671  51.4247
672  47.2284
673  46.2139
674  52.2015
675  54.6581
676  65.5016
677  59.0477
678  55.5129
679  41.9105
680  52.0869
681  63.1051
682  63.6884
683  63.8957
684  56.0999
685  61.7684
686  51.0451
687  54.167
688  44.8981
689  58.5554
690  43.7521
691  56.9702
692  51.3066
693  65.2595
694  55.3494
695  62.9865
696  49.3812
697  60.9391
698  70.2679
699  66.9156
700  55.5469
701  45.0403
702  62.9118
703  61.2676
704  63.2023
705  73.6404
706  46.8984
707  62.0309
708  57.0159
709  58.7313
710  55.0407
711  59.2112
712  53.8087
713  58.3433
714  50.2919
715  48.7395
716  59.4853
717  50.4258
718  55.7455
719  60.2064
720  36.4921
721  79.9125
722  51.6654
723  68.4558
724  54.2804
725  59.3539
726  64.9938
727  54.0885
728  60.2779
729  49.2381
730  48.275
731  53.4106
732  70.9981
733  54.0202
734  52.2186
735  53.6824
736  71.1363
737  51.8567
738  53.8933
739  55.3546
740  52.2785
741  60.513
742  47.791
743  53.2441
744  50.9312
745  62.218
746  60.0051
747  71.3408
748  59.6274
749  51.3169
750  47.9493
751  42.6553
752  47.1754
753  52.6751
754  46.8577
755  55.5079
756  52.9124
757  58.4438
758  64.8266
759  46.1037
760  58.8134
761  55.0213
762  52.8222
763  50.5954
764  56.0249
765  45.3168
766  64.5215
767  53.6725
768  66.4307
769  47.1415
770  52.6804
771  48.8389
772  64.9003
773  46.3709
774  42.1378
775  44.956
776  60.8577
777  51.2314
778  46.6613
779  54.6347
780  49.8186
781  56.356
782  60.4259
783  55.0796
784  62.2974
785  65.0056
786  56.5678
787  57.8522
788  61.6808
789  68.7794
790  68.0516
791  55.7602
792  62.379
793  61.4819
794  61.4831
795  40.0671
796  55.7172
797  65.8324
798  70.8147
799  45.7403
800  52.1616
801  44.8583
802  69.8608
803  43.7092
804  51.6196
805  67.2932
806  62.9717
807  50.3417
808  48.9488
809  58.5238
810  51.0995
811  60.6014
812  60.4599
813  63.4137
814  59.1356
815  54.9576
816  56.2487
817  64.0916
818  44.7734
819  52.9538
820  57.6643
821  52.5156
822  66.5163
823  44.3275
824  58.7372
825  48.8073
826  71.4523
827  55.6288
828  51.2245
829  48.0418
830  58.4781
831  53.7513
832  53.7059
833  60.162
834  75.2786
835  48.9178
836  67.0186
837  47.6891
838  43.5531
839  42.5541
840  49.9635
841  44.9451
842  61.7951
843  44.4701
844  55.5318
845  54.3805
846  44.0244
847  50.9317
848  65.619
849  54.7432
850  69.0418
851  53.4464
852  51.0113
853  59.9259
854  57.6201
855  59.3235
856  58.8415
857  58.2284
858  52.9036
859  51.0218
860  68.0138
861  47.3064
862  55.0173
863  46.5857
864  66.897
865  43.3425
866  42.6589
867  49.1685
868  55.53
869  54.5396
870  45.2189
871  68.3815
872  58.7205
873  57.1176
874  54.3796
875  37.1162
876  63.604
877  54.7327
878  62.7071
879  48.0037
880  63.7928
881  57.7022
882  51.5481
883  52.867
884  47.9283
885  53.3938
886  54.8624
887  45.9661
888  56.8085
889  51.0547
890  47.8604
891  52.9428
892  69.0637
893  47.7378
894  50.5939
895  54.6398
896  46.1931
897  61.9613
898  52.4965
899  45.3038
900  51.6092
901  50.5539
902  53.9326
903  56.3279
904  49.1721
905  49.5403
906  50.0885
907  54.7274
908  61.4654
909  52.2516
910  51.6468
911  37.6851
912  45.6422
913  64.4842
914  53.4983
915  40.7478
916  51.6732
917  49.5656
918  47.2914
919  65.0721
920  65.4075
921  51.507
922  72.4091
923  56.3347
924  37.354
925  61.5709
926  54.5711
927  45.5937
928  52.3219
929  43.3051
930  66.2622
931  55.8143
932  47.0023
933  50.9317
934  57.0536
935  50.659
936  55.653
937  52.6954
938  67.3871
939  51.1333
940  35.6071
941  56.2082
942  50.0611
943  39.5933
944  43.7619
945  52.8571
946  57.5274
947  65.5247
948  49.0924
949  64.2504
950  49.2325
951  52.581
952  43.6839
953  49.7439
954  46.6822
955  55.7204
956  50.336
957  43.3116
958  55.5206
959  46.6172
960  69.6491
961  46.6256
962  53.119
963  52.1465
964  56.0391
965  61.8337
966  50.511
967  47.8527
968  46.4699
969  54.4775
970  46.7173
971  45.2692
972  38.7461
973  53.1159
974  51.842
975  57.2564
976  49.0754
977  61.7474
978  43.6656
979  53.9689
980  37.9759
981  44.1474
982  64.0601
983  57.0924
984  53.4934
985  38.9615
986  49.6146
987  59.3227
988  66.8397
989  59.9482
990  38.1383
991  47.1743
992  45.2375
993  62.9635
994  44.2174
995  54.8246
996  57.6538
997  48.8743
998  60.335
999  38.3143
1000  62.2834
1001  49.4107
1002  53.9323
1003  46.7488
1004  41.7844
1005  54.0691
1006  52.1907
1007  49.9552
1008  36.87
1009  42.261
1010  54.8105
1011  39.3408
1012  44.7417
1013  54.4941
1014  39.9206
1015  48.1057
1016  55.3839
1017  58.2249
1018  51.1547
1019  61.3057
1020  58.2795
1021  58.0405
1022  46.5161
1023  59.995
1024  62.5239
1025  58.4869
1026  51.6995
1027  67.4373
1028  50.8642
1029  51.0693
1030  57.1375
1031  63.4185
1032  63.635
1033  52.7221
1034  60.9787
1035  56.4302
1036  46.3211
1037  50.9252
1038  52.3813
1039  68.6524
1040  44.137
1041  47.1481
1042  47.9915
1043  51.4385
1044  50.5209
1045  50.2923
1046  52.8914
1047  42.9691
1048  61.4116
1049  51.1726
1050  53.8954
1051  42.0155
1052  58.7488
1053  40.4263
1054  57.2711
1055  60.9062
1056  31.0709
1057  40.2398
1058  47.072
1059  33.1217
1060  51.7975
1061  37.3767
1062  44.6646
1063  58.5771
1064  49.7366
1065  48.4846
1066  53.7106
1067  71.4952
1068  50.8916
1069  59.7025
1070  52.8067
1071  48.0437
1072  50.2679
1073  41.5662
1074  38.4467
1075  54.132
1076  53.943
1077  51.9212
1078  54.9186
1079  58.0123
1080  57.1624
1081  35.2139
1082  47.0373
1083  36.5097
1084  46.0335
1085  56.7275
1086  39.1855
1087  40.4832
1088  49.9378
1089  53.7221
1090  55.4887
1091  45.0619
1092  44.3825
1093  39.4205
1094  37.2234
1095  48.196
1096  64.4386
1097  54.2396
1098  50.8331
1099  35.1428
1100  51.1445
1101  39.6586
1102  53.0306
1103  37.5916
1104  41.7268
1105  62.0092
1106  53.5116
1107  58.9753
1108  45.0862
1109  53.6908
1110  47.8753
1111  50.2643
1112  51.8859
1113  50.1166
1114  52.1884
1115  59.6502
1116  52.1536
1117  43.3014
1118  45.423
1119  49.1331
1120  54.3004
1121  39.5328
1122  40.7978
1123  51.6781
1124  46.3701
1125  49.9298
1126  39.4235
1127  48.8758
1128  47.3704
1129  56.1093
1130  47.1784
1131  34.5476
1132  43.7937
1133  59.1478
1134  42.856
1135  54.9655
1136  53.9624
1137  55.4838
1138  63.0421
1139  37.1821
1140  44.396
1141  45.3177
1142  53.9882
1143  46.8307
1144  59.085
1145  53.6261
1146  44.7026
1147  50.1211
1148  45.2516
1149  62.7681
1150  49.7366
1151  44.6251
1152  61.6757
1153  43.5409
1154  55.9717
1155  52.9725
1156  56.3466
1157  49.7909
1158  42.2906
1159  58.8071
1160  35.2443
1161  44.3353
1162  57.7571
1163  49.4892
1164  56.0961
1165  47.4692
1166  45.6748
1167  43.82
1168  48.3779
1169  48.747
1170  51.2502
1171  41.3354
1172  53.7487
1173  62.7255
1174  57.6577
1175  54.4302
1176  48.0696
1177  40.9297
1178  44.2492
1179  37.1211
1180  47.5115
1181  57.2603
1182  48.3684
1183  40.5152
1184  45.9991
1185  43.7532
1186  54.1309
1187  52.3897
1188  36.7841
1189  53.5753
1190  43.9895
1191  39.575
1192  52.9114
1193  41.1041
1194  37.5032
1195  40.0253
1196  54.1172
1197  47.9761
1198  39.9499
1199  39.1155
1200  45.0074
1201  37.0855
1202  45.1998
1203  46.7952
1204  35.1208
1205  48.5872
1206  31.8495
1207  51.0443
1208  47.5401
1209  59.5597
1210  41.4563
1211  39.1611
1212  47.074
1213  48.2906
1214  48.7361
1215  47.8653
1216  49.282
1217  54.6843
1218  48.5454
1219  58.0985
1220  32.55
1221  42.1124
1222  48.3464
1223  34.7797
1224  41.6316
1225  45.118
1226  31.2736
1227  41.8486
1228  42.2977
1229  48.6533
1230  41.6506
1231  32.0861
1232  36.7341
1233  45.257
1234  46.1101
1235  48.3419
1236  44.2967
1237  58.03
1238  51.1496
1239  43.3837
1240  35.2443
1241  34.5863
1242  35.335
1243  49.8086
1244  53.3592
1245  47.2542
1246  36.447
1247  40.108
1248  30.3269
1249  44.258
1250  42.2914
1251  45.9867
1252  51.7764
1253  45.0789
1254  40.3403
1255  47.8988
1256  40.0749
1257  41.3325
1258  38.4392
1259  38.3426
1260  37.0915
1261  40.4746
1262  42.6308
1263  37.6845
1264  40.0187
1265  40.3155
1266  42.1775
1267  37.1646
1268  41.903
1269  31.4062
1270  47.5655
1271  25.0977
1272  39.8715
1273  36.8367
1274  34.6862
1275  38.2874
1276  54.0314
1277  49.6915
1278  42.1387
1279  39.2166
1280  45.0782
1281  25.2157
1282  40.5935
1283  38.3899
1284  34.1514
1285  52.9117
1286  29.3196
1287  47.8738
1288  47.4492
1289  37.5257
1290  30.3297
1291  38.5667
1292  43.2608
1293  39.9692
1294  40.1517
1295  28.9525
1296  47.8477
1297  41.6115
1298  37.6099
1299  24.8534
1300  36.6666
1301  25.5438
1302  45.3962
1303  43.2805
1304  37.0334
1305  34.5977
1306  36.8105
1307  42.5991
1308  38.3971
1309  22.7702
1310  39.4103
1311  49.4664
1312  33.0162
1313  38.6066
1314  33.1899
1315  30.7007
1316  37.6187
1317  28.8934
1318  34.3955
1319  27.4876
1320  21.7853
1321  31.5714
1322  50.9525
1323  41.5231
1324  38.8892
1325  41.534
1326  27.7344
1327  26.8412
1328  31.42
1329  39.7506
1330  31.6747
1331  37.7106
1332  27.7562
1333  30.0637
1334  35.898
1335  30.6721
1336  25.3413
1337  37.3789
1338  34.9115
1339  37.2001
1340  26.9717
1341  37.5
1342  18.5451
1343  19.0878
1344  41.4839
1345  28.5269
1346  29.6437
1347  23.6059
1348  28.362
1349  21.2202
1350  35.4835
1351  48.81
1352  33.6522
1353  27.4879
1354  39.9036
1355  20.5151
1356  25.7608
1357  29.0818
1358  27.8381
1359  28.9096
1360  23.6787
1361  27.8518
1362  22.4766
1363  30.1652
1364  44.2285
1365  24.1259
1366  42.2779
1367  32.4474
1368  23.3721
1369  24.9683
1370  23.3607
1371  20.0657
1372  30.3678
1373  33.4394
1374  27.8992
1375  22.8746
1376  33.1799
1377  29.068
1378  24.7945
1379  29.6839
1380  24.7856
1381  26.1039
1382  22.2861
1383  18.7823
1384  22.72
1385  26.5029
1386  33.2307
1387  21.0151
1388  25.2896
1389  19.5392
1390  27.1543
1391  21.7001
1392  33.0532
1393  16.0807
1394  27.132
1395  19.2685
1396  18.3655
1397  23.6319
1398  16.3428
1399  22.4233
1400  15.0602
1401  24.4618
1402  22.1997
1403  17.0628
1404  17.2846
1405  22.9658
1406  15.0342
1407  22.2364
1408  16.5986
1409  18.8601
1410  26.217
1411  26.0413
1412  25.1594
1413  20.7404
1414  15.43
1415  25.1827
1416  20.3003
1417  19.7563
1418  22.2197
1419  16.9372
1420  14.0577
1421  16.232
1422  10.246
1423  18.2859
1424  15.9481
1425  19.227
1426  13.8264
1427  17.1999
1428  13.5658
1429  12.965
1430  14.5686
1431  13.8748
1432  12.1742
1433  12.7911
1434  18.197
1435  15.2808
1436  12.8227
1437  13.3503
1438  18.137
1439  11.2794
1440  11.0131
1441  10.9623
1442  15.7017
1443  8.26469
1444  11.3159
1445  5.8925
1446  12.5947
1447  11.8075
1448  7.39848
1449  10.8052
1450  13.5784
1451  11.0714
1452  9.14608
1453  9.79213
1454  8.42569
1455  6.74008
1456  4.82524
1457  5.75098
1458  5.73385
1459  8.38956
1460  7.65206
1461  7.7413
1462  7.48266
1463  8.48528
1464  6.77343
1465  5.65336
1466  5.26345
1467  3.8591
1468  6.50185
1469  3.99827
1470  4.83101
1471  5.63056
1472  6.50231
1473  5.02977
1474  5.10882
1475  4.27097
1476  3.58813
1477  3.86484
1478  4.35747
1479  4.02635
1480  3.24282
1481  3.67974
1482  4.55942
1483  4.03321
1484  4.02401
1485  2.98462
1486  3.6008
1487  2.78179
1488  3.60266
1489  3.4785
1490  2.3408
1491  2.64069
1492  2.46923
1493  2.44193
1494  2.47539
1495  2.68343
1496  2.32116
1497  2.23379
1498  2.25536
