0  10.4395
1  9.20237
2  7.63969
3  13.3677
4  12.5212
5  13.4769
6  12.8969
7  10.2231
8  11.8972
9  13.1608
10  9.84693
11  6.90941
12  12.5243
13  9.38878
14  10.6741
15  11.1913
16  11.7769
17  9.42728
18  11.7732
19  13.3466
20  12.7073
21  13.2642
22  10.6378
23  11.3285
24  10.1085
25  12.7644
26  11.2477
27  11.4083
28  11.8086
29  11.5063
30  9.65142
31  10.8662
32  10.9017
33  12.1883
34  12.0597
35  12.5915
36  10.9651
37  13.7882
38  10.5201
39  12.9871
40  10.58
41  11.4762
42  12.3889
43  11.4469
44  11.511
45  8.19928
46  11.6762
47  12.38
48  8.66345
49  12.5608
50  8.97054
51  12.9219
52  11.2471
53  9.37844
54  12.6657
55  12.6097
56  11.8194
57  11.8034
58  12.2781
59  10.4888
60  10.4575
61  13.1078
62  11.5709
63  12.1913
64  13.8415
65  11.0006
66  13.9848
67  12.0902
68  9.05286
69  12.4057
70  9.44642
71  11.1127
72  9.25221
73  11.5173
74  10.8452
75  8.99326
76  11.4708
77  9.82808
78  11.0402
79  11.2994
80  12.0708
81  14.6974
82  8.33151
83  13.0253
84  12.3968
85  12.9497
86  11.0799
87  9.30416
88  11.4973
89  11.3503
90  11.4593
91  10.8296
92  10.6055
93  9.82868
94  13.1754
95  12.334
96  13.3171
97  9.21405
98  8.76816
99  11.3301
100  12.4478
101  8.12894
102  11.7284
103  8.77904
104  12.8529
105  12.0667
106  13.1151
107  11.3124
108  10.6699
109  7.88974
110  12.5026
111  12.5073
112  10.7486
113  10.4523
114  11.9867
115  11.5885
116  11.0378
117  12.9646
118  13.8478
119  11.265
120  11.6403
121  11.7184
122  11.1358
123  11.0894
124  9.51073
125  10.9276
126  10.5868
127  10.8278
128  11.5721
129  12.8242
130  11.2643
131  9.24459
132  10.2984
133  12.2379
134  9.69961
135  11.4666
136  9.36288
137  10.9212
138  11.171
139  13.4075
140  7.15943
141  10.3831
142  11.7595
143  8.67944
144  10.9849
145  9.02542
146  11.0246
147  9.91672
148  10.7828
149  13.5
150  14.1705
151  11.3776
152  11.979
153  10.627
154  9.72831
155  12.3547
156  12.7954
157  12.1607
158  11.0868
159  11.1924
160  13.0942
161  12.4802
162  11.0776
163  12.2798
164  10.942
165  13.8596
166  12.0749
167  11.0624
168  13.8477
169  12.4242
170  11.0538
171  12.5964
172  12.6658
173  15.0748
174  13.5277
175  11.9333
176  12.4792
177  10.5514
178  11.5169
179  10.342
180  11.5696
181  12.951
182  10.7213
183  11.6548
184  11.1515
185  10.8753
186  14.5251
187  12.8898
188  9.4427
189  12.7888
190  11.2357
191  10.2723
192  10.9065
193  10.296
194  13.0594
195  11.9203
196  9.00703
197  11.8388
198  12.6047
199  13.6637
200  11.9869
201  11.9344
202  10.66
203  12.5962
204  11.779
205  13.4019
206  9.11126
207  8.56462
208  11.137
209  11.6408
210  12.2881
211  10.0331
212  10.197
213  9.83228
214  12.7422
215  10.378
216  15.2209
217  12.7137
218  12.9474
219  9.54048
220  11.5011
221  10.4632
222  14.2268
223  11.886
224  12.8259
225  9.1753
226  11.2537
227  11.7792
228  14.7035
229  11.3833
230  9.97289
231  8.23297
232  12.2243
233  9.86424
234  10.2455
235  11.0603
236  11.8377
237  12.0782
238  12.3523
239  10.8622
240  13.7705
241  11.2662
242  11.7968
243  12.2044
244  9.8689
245  12.9974
246  11.0845
247  12.0822
248  10.4434
249  9.65876
250  13.2072
251  12.515
252  9.79653
253  11.1191
254  10.2394
255  11.9269
256  8.69828
257  9.70559
258  11.2823
259  9.28988
260  12.9024
261  12.6219
262  11.3438
263  9.0628
264  10.8011
265  10.9116
266  11.8927
267  10.0522
268  10.2357
269  12.3594
270  8.80958
271  10.9335
272  13.8484
273  10.497
274  10.0395
275  10.0979
276  11.0167
277  12.5675
278  12.1533
279  13.681
280  12.6161
281  9.73481
282  9.40088
283  11.8895
284  11.7848
285  9.64915
286  13.0349
287  9.03227
288  11.0297
289  13.1845
290  12.1084
291  8.04177
292  8.40178
293  10.6318
294  13.0093
295  11.5469
296  11.2086
297  12.6176
298  12.6293
299  11.0708
300  11.5674
301  11.8244
302  12.3762
303  12.5356
304  10.8267
305  11.0261
306  15.4852
307  11.8579
308  12.643
309  12.2187
310  9.79329
311  11.8166
312  12.3992
313  11.1797
314  11.1498
315  14.1024
316  13.5515
317  9.54269
318  11.2009
319  12.1948
320  11.3112
321  12.0074
322  11.8985
323  10.5878
324  12.2701
325  12.615
326  10.8641
327  12.5141
328  10.6272
329  12.56
330  10.7924
331  9.64805
332  10.4387
333  11.8111
334  9.42595
335  8.01431
336  11.0587
337  12.1919
338  10.199
339  10.1213
340  11.5806
341  10.2195
342  12.9584
343  10.8208
344  10.8197
345  7.62212
346  14.5211
347  11.9111
348  9.94216
349  12.4776
350  12.3038
351  12.4348
352  13.4954
353  11.1769
354  10.5178
355  10.5659
356  11.6354
357  11.4272
358  10.514
359  11.0524
360  12.6438
361  12.939
362  11.368
363  11.2241
364  12.7116
365  11.892
366  10.5859
367  10.6923
368  12.6209
369  10.8602
370  11.9969
371  8.77055
372  10.4291
373  11.4056
374  9.65969
375  12.5504
376  10.2288
377  13.1679
378  12.2271
379  11.6133
380  11.0821
381  11.8458
382  8.77012
383  13.8159
384  15.3885
385  11.4365
386  10.9417
387  11.2717
388  9.83778
389  10.0384
390  10.8491
391  13.7678
392  10.4281
393  9.34222
394  10.9849
395  12.7702
396  12.4621
397  9.6041
398  12.3683
399  9.52276
400  12.8967
401  11.0914
402  11.6046
403  9.72586
404  12.8971
405  11.5375
406  9.87679
407  12.4678
408  11.6811
409  12.968
410  8.86809
411  11.5572
412  10.3969
413  10.1026
414  9.96944
415  10.1017
416  12.2283
417  12.0405
418  11.4055
419  11.0537
420  10.3652
421  10.9233
422  11.6581
423  9.33794
424  10.3003
425  11.1149
426  11.3857
427  9.48169
428  12.1839
429  12.7588
430  12.6062
431  10.5086
432  11.7378
433  14.4081
434  10.2671
435  9.91894
436  11.3713
437  8.99221
438  9.356
439  7.70871
440  12.6374
441  13.5035
442  12.2026
443  11.6022
444  11.2224
445  9.52198
446  11.1159
447  11.0107
448  11.8165
449  12.4829
450  10.7824
451  13.702
452  11.52
453  9.40477
454  10.4723
455  11.1036
456  11.4321
457  11.9636
458  10.3054
459  12.3759
460  12.499
461  10.6074
462  10.269
463  8.30471
464  12.4878
465  11.4111
466  12.596
467  12.7903
468  14.3375
469  10.9282
470  12.5734
471  11.2818
472  10.4129
473  11.3964
474  12.6315
475  13.3889
476  12.1057
477  12.8734
478  10.8252
479  11.5789
480  10.6765
481  10.5442
482  9.09897
483  10.6036
484  12.6064
485  8.80458
486  9.5883
487  10.9623
488  11.9132
489  13.2333
490  9.34033
491  13.7189
492  9.99688
493  10.7107
494  12.9825
495  11.0193
496  14.9411
497  13.8771
498  11.3009
499  10.8479
500  12.3266
501  11.4665
502  12.9437
503  11.2855
504  10.1656
505  9.73323
506  10.87
507  11.1427
508  10.2772
509  13.9727
510  8.43566
511  10.7401
512  10.3255
513  11.9692
514  14.1572
515  9.69371
516  11.4641
517  8.78846
518  13.2161
519  12.995
520  11.4627
521  12.6081
522  11.8333
523  10.6069
524  10.7755
525  12.4231
526  9.87907
527  11.4644
528  12.3106
529  11.2514
530  11.7337
531  11.0214
532  11.923
533  10.9086
534  10.5105
535  13.2054
536  10.45
537  9.69635
538  11.3632
539  10.6555
540  11.6667
541  10.1193
542  11.4295
543  12.9046
544  12.7017
545  14.7776
546  11.7442
547  13.0202
548  11.4482
549  11.1878
550  10.9381
551  14.6659
552  12.53
553  12.2594
554  12.1881
555  11.729
556  8.89803
557  10.0473
558  11.3522
559  11.4873
560  9.01686
561  10.4326
562  10.271
563  13.1321
564  9.48432
565  10.417
566  13.1525
567  11.2647
568  9.52475
569  10.5641
570  11.4187
571  9.97309
572  11.7518
573  10.7066
574  11.3811
575  13.0028
576  8.7569
577  11.1371
578  11.9336
579  10.6135
580  9.84226
581  13.4523
582  11.3961
583  9.96897
584  13.7504
585  10.3005
586  12.3065
587  10.4691
588  11.7186
589  12.0141
590  11.2104
591  12.3812
592  12.1433
593  13.0051
594  10.4538
595  11.7238
596  11.648
597  10.595
598  10.3564
599  14.1369
600  11.5594
601  10.508
602  11.1246
603  8.80901
604  12.9731
605  11.2897
606  9.2854
607  13.9187
608  10.8557
609  13.3565
610  10.922
611  10.875
612  13.3953
613  10.5871
614  11.9542
615  11.8396
616  11.9096
617  11.7086
618  12.6123
619  10.5056
620  13.1877
621  10.7872
622  9.56878
623  10.041
624  11.5747
625  9.99095
626  11.7619
627  11.0466
628  10.3949
629  10.4322
630  11.4997
631  13.368
632  11.023
633  11.0053
634  8.6342
635  11.9016
636  9.46512
637  10.7595
638  12.3991
639  12.0666
640  13.5759
641  11.237
642  10.036
643  9.87391
644  12.9105
645  11.1052
646  9.95392
647  11.0835
648  9.03079
649  12.3556
650  11.7445
651  12.4883
652  11.1492
653  10.8783
654  11.8074
655  12.1535
656  12.3087
657  11.4871
658  12.243
659  12.6158
660  10.0128
661  11.574
662  11.0235
663  10.369
664  10.2461
665  13.8488
666  11.2328
667  10.9624
668  11.3876
669  10.6048
670  13.2051
671  10.9874
672  12.7215
673  12.3581
674  14.1976
675  12.5632
676  12.6571
677  11.8769
678  11.902
679  11.0106
680  11.6218
681  11.3326
682  9.31825
683  11.7402
684  14.0227
685  11.3985
686  11.3246
687  10.7411
688  10.6866
689  12.4658
690  11.3637
691  11.7887
692  11.814
693  12.4009
694  13.1592
695  12.6918
696  9.66054
697  10.2106
698  13.1414
699  12.7467
700  9.10306
701  11.183
702  9.25629
703  12.3407
704  10.7902
705  10.0451
706  13.0692
707  12.8012
708  12.3284
709  11.0929
710  13.1271
711  12.5812
712  11.6021
713  11.3494
714  12.8954
715  9.56352
716  11.4671
717  10.641
718  14.7449
719  11.1167
720  11.6192
721  12.3268
722  9.22511
723  12.6208
724  11.0975
725  11.6178
726  11.5877
727  7.4831
728  11.013
729  12.1559
730  11.8197
731  8.64497
732  8.5259
733  10.9573
734  10.6166
735  10.5315
736  11.5463
737  9.59762
738  9.53391
739  12.7828
740  13.0225
741  10.1475
742  12.2034
743  10.7668
744  10.1507
745  10.382
746  9.87749
747  9.03189
748  13.2476
749  11.3845
750  10.7761
751  11.1718
752  10.6707
753  9.95018
754  10.735
755  10.4206
756  9.05845
757  11.4361
758  10.6534
759  10.4085
760  12.4992
761  11.1164
762  11.402
763  10.9226
764  13.1512
765  11.8727
766  9.40981
767  9.96501
768  11.1415
769  11.2894
770  8.81726
771  10.1257
772  12.5998
773  13.1005
774  8.50409
775  12.3154
776  10.0987
777  12.1254
778  11.3469
779  10.8253
780  11.3229
781  8.45498
782  11.2727
783  11.79
784  9.66308
785  10.9701
786  11.478
787  10.0731
788  12.6716
789  12.3381
790  12.3518
791  11.1702
792  11.8965
793  11.3401
794  14.0246
795  11.3959
796  12.1664
797  11.8798
798  10.0321
799  12.233
800  11.6122
801  11.6773
802  10.7385
803  10.4202
804  9.27287
805  9.79471
806  9.16367
807  12.7851
808  13.9153
809  10.274
810  10.9442
811  10.3146
812  11.0854
813  11.8111
814  10.8188
815  10.1965
816  12.4183
817  10.3844
818  11.2214
819  13.0663
820  11.3513
821  12.8715
822  11.4768
823  10.2301
824  10.5017
825  9.3505
826  11.4204
827  11.4491
828  10.255
829  11.0116
830  11.5505
831  9.88145
832  13.1677
833  13.716
834  8.73687
835  13.3787
836  10.7439
837  10.3495
838  10.6418
839  12.9132
840  9.2976
841  13.4876
842  10.2443
843  11.0398
844  12.4642
845  11.2049
846  12.5843
847  13.2324
848  13.6924
849  13.3264
850  12.0021
851  9.53835
852  11.0741
853  9.49649
854  9.90464
855  12.5539
856  13.0079
857  11.7925
858  14.2384
859  12.1346
860  12.6499
861  10.3059
862  13.3824
863  11.8949
864  10.1788
865  10.7987
866  12.6702
867  11.7384
868  12.1215
869  11.1787
870  12.9336
871  12.1688
872  8.76554
873  13.1087
874  11.6795
875  10.7631
876  9.21061
877  11.1892
878  10.6301
879  13.1312
880  12.4102
881  12.9859
882  13.5535
883  13.4498
884  8.79651
885  10.9228
886  10.4218
887  10.9975
888  11.5296
889  10.6801
890  11.1773
891  11.6461
892  9.74047
893  9.72088
894  12.0825
895  8.48539
896  9.82552
897  11.2621
898  10.7334
899  12.3736
900  13.0195
901  12.8363
902  12.1501
903  11.215
904  10.9412
905  11.6047
906  11.3957
907  12.1862
908  10.4705
909  11.8838
910  10.4884
911  11.9862
912  12.717
913  9.67174
914  12.3135
915  11.3218
916  11.7974
917  11.7812
918  13.5775
919  9.62125
920  11.608
921  13.2772
922  10.2011
923  10.5755
924  9.08558
925  11.4183
926  8.16566
927  12.8911
928  11.9805
929  11.6164
930  9.76955
931  11.8621
932  10.3088
933  12.0684
934  12.6289
935  11.9669
936  12.4043
937  10.4724
938  9.7868
939  9.87045
940  11.9594
941  13.3238
942  13.4604
943  11.082
944  8.69021
945  12.548
946  10.9796
947  10.9316
948  12.8331
949  10.2565
950  12.2748
951  9.90009
952  11.2751
953  11.1781
954  12.1515
955  11.2927
956  9.74225
957  10.1435
958  9.69787
959  8.38962
960  13.2162
961  10.6529
962  10.0183
963  12.046
964  10.3487
965  11.202
966  11.5851
967  11.0346
968  11.2406
969  11.2245
970  10.3821
971  9.73779
972  11.6209
973  9.49034
974  9.8386
975  8.63428
976  10.9529
977  13.6095
978  12.575
979  10.4896
980  12.1685
981  11.7499
982  9.15034
983  9.08501
984  13.0289
985  9.79638
986  13.9595
987  10.4358
988  10.6325
989  12.3608
990  11.0045
991  13.0419
992  9.5459
993  9.99948
994  10.1
995  13.1533
996  11.5908
997  13.4484
998  15.6493
999  12.7394
1000  12.9726
1001  10.4544
1002  12.3427
1003  10.8869
1004  12.9928
1005  11.6621
1006  11.8223
1007  11.6691
1008  9.7686
1009  9.45396
1010  15.0821
1011  11.4433
1012  11.4488
1013  11.4329
1014  11.3675
1015  9.71945
1016  11.5652
1017  9.76248
1018  15.4199
1019  12.5228
1020  11.3119
1021  11.9244
1022  11.9776
1023  7.62861
1024  11.6501
1025  12.5365
1026  9.52379
1027  13.3799
1028  12.8718
1029  11.1886
1030  10.6096
1031  11.0483
1032  12.0596
1033  10.4316
1034  12.8099
1035  12.2847
1036  13.765
1037  12.6996
1038  9.70928
1039  13.9111
1040  10.8813
1041  10.2853
1042  10.8388
1043  12.2157
1044  11.9051
1045  11.7167
1046  10.4822
1047  10.7877
1048  11.0851
1049  12.1814
1050  14.7516
1051  11.7466
1052  9.72226
1053  12.6354
1054  12.4468
1055  9.83383
1056  12.2996
1057  10.7844
1058  12.4097
1059  9.49125
1060  11.2598
1061  12.8623
1062  11.9766
1063  7.62272
1064  8.55978
1065  11.3623
1066  12.6682
1067  13.0016
1068  10.3141
1069  14.1543
1070  12.6391
1071  10.9892
1072  10.7193
1073  8.76722
1074  10.18
1075  12.6546
1076  7.74578
1077  12.5427
1078  11.5197
1079  9.30272
1080  13.2595
1081  8.70762
1082  11.6454
1083  12.9074
1084  8.81059
1085  9.78606
1086  11.9342
1087  7.74205
1088  10.2336
1089  11.5373
1090  11.5993
1091  10.4203
1092  11.1809
1093  11.1176
1094  9.85547
1095  11.9627
1096  10.3115
1097  10.2786
1098  11.4759
1099  11.3277
1100  11.8219
1101  9.71007
1102  10.7305
1103  10.6644
1104  11.7124
1105  11.2047
1106  10.6084
1107  11.4899
1108  13.1772
1109  12.0639
1110  10.4959
1111  11.2773
1112  13.068
1113  12.6298
1114  12.8193
1115  11.6089
1116  10.5958
1117  11.904
1118  11.9682
1119  9.825
1120  10.6125
1121  10.5814
1122  10.5802
1123  11.0398
1124  9.1672
1125  13.4264
1126  11.2114
1127  8.74756
1128  9.39009
1129  12.58
1130  9.45576
1131  12.0865
1132  10.7979
1133  11.5893
1134  9.54115
1135  8.98147
1136  9.97163
1137  11.6255
1138  11.0259
1139  11.1334
1140  11.2146
1141  10.3005
1142  9.268
1143  11.4783
1144  11.7184
1145  10.3775
1146  10.8895
1147  10.1087
1148  9.47371
1149  12.4668
1150  9.7059
1151  8.65794
1152  10.3528
1153  11.5776
1154  9.74912
1155  11.0503
1156  11.288
1157  10.611
1158  11.14
1159  13.1759
1160  10.3047
1161  11.1677
1162  11.6408
1163  12.514
1164  10.8244
1165  11.2255
1166  13.2396
1167  9.34483
1168  12.8538
1169  11.645
1170  8.80851
1171  12.521
1172  8.2687
1173  7.61475
1174  9.56517
1175  11.2812
1176  10.0214
1177  12.0463
1178  10.6726
1179  12.9413
1180  13.2543
1181  11.0151
1182  10.9154
1183  11.7315
1184  11.9659
1185  12.0046
1186  11.3768
1187  11.1004
1188  11.103
1189  9.70351
1190  12.9709
1191  10.2523
1192  12.2636
1193  10.1291
1194  12.2938
1195  14.0248
1196  11.6677
1197  9.88808
1198  8.44648
1199  9.30282
1200  10.8291
1201  13.2232
1202  12.4639
1203  12.4128
1204  9.96163
1205  7.5126
1206  11.8554
1207  13.1531
1208  11.4372
1209  11.6965
1210  11.8572
1211  10.8979
1212  12.9401
1213  10.6554
1214  7.41298
1215  12.7842
1216  13.5789
1217  11.1466
1218  12.2391
1219  14.3785
1220  10.2206
1221  8.44762
1222  10.9222
1223  8.82715
1224  11.4048
1225  9.65195
1226  10.5544
1227  11.2741
1228  10.8822
1229  12.5709
1230  11.2062
1231  12.0068
1232  13.2735
1233  11.6592
1234  9.26564
1235  11.1083
1236  11.1663
1237  9.73889
1238  12.1395
1239  9.03993
1240  10.837
1241  10.1051
1242  9.1215
1243  12.6225
1244  11.9734
1245  10.0855
1246  9.499
1247  10.7369
1248  11.9818
1249  10.5065
1250  9.12233
1251  8.75747
1252  11.1135
1253  10.7621
1254  11.7419
1255  10.761
1256  11.196
1257  12.0477
1258  12.2688
1259  10.1219
1260  13.266
1261  8.83771
1262  11.7198
1263  11.1881
1264  9.60446
1265  10.3041
1266  10.737
1267  13.631
1268  11.331
1269  11.2016
1270  11.9178
1271  7.27349
1272  10.1087
1273  11.9238
1274  11.0286
1275  9.65602
1276  12.1855
1277  9.52991
1278  11.1967
1279  11.9332
1280  8.94816
1281  9.19162
1282  11.9267
1283  11.2844
1284  12.7947
1285  10.2197
1286  11.489
1287  11.3511
1288  10.1931
1289  10.6997
1290  9.13691
1291  13.0736
1292  10.9637
1293  6.57728
1294  9.28387
1295  10.0848
1296  9.87029
1297  10.6757
1298  12.2814
1299  11.6722
1300  11.7071
1301  9.74386
1302  9.65944
1303  10.3175
1304  10.0764
1305  11.0832
1306  11.658
1307  9.41264
1308  11.214
1309  13.2124
1310  7.89095
1311  10.7612
1312  9.49852
1313  10.2188
1314  11.8025
1315  11.6839
1316  8.28961
1317  11.9877
1318  10.9664
1319  7.67502
1320  10.3721
1321  10.7222
1322  9.87594
1323  7.75864
1324  11.1747
1325  14.5636
1326  9.22042
1327  11.399
1328  8.97407
1329  9.90281
1330  11.267
1331  10.5342
1332  9.63126
1333  11.9519
1334  11.6442
1335  9.94485
1336  8.9867
1337  9.01662
1338  9.99064
1339  11.9651
1340  10.9022
1341  12.1753
1342  9.30105
1343  9.26207
1344  10.5762
1345  11.2389
1346  10.9793
1347  12.2825
1348  11.8011
1349  11.5745
1350  11.4176
1351  9.97723
1352  11.36
1353  9.07708
1354  11.5147
1355  11.1233
1356  9.96051
1357  9.00557
1358  9.35679
1359  6.55957
1360  11.1138
1361  8.82991
1362  9.09017
1363  8.50485
1364  9.08991
1365  11.7762
1366  10.3439
1367  10.7091
1368  11.1557
1369  9.43232
1370  8.73952
1371  9.91767
1372  9.88878
1373  9.84969
1374  9.45377
1375  9.55948
1376  7.50974
1377  10.3409
1378  9.8424
1379  9.902
1380  7.60974
1381  10.1315
1382  8.34997
1383  10.8306
1384  9.81743
1385  10.8483
1386  11.3755
1387  9.01101
1388  8.69354
1389  10.2344
1390  8.91588
1391  9.5037
1392  9.28112
1393  10.6618
1394  10.6759
1395  11.0555
1396  8.85333
1397  10.0176
1398  7.56914
1399  10.2248
1400  11.5508
1401  8.9212
1402  8.11194
1403  8.65776
1404  8.99081
1405  12.1252
1406  9.98246
1407  7.40301
1408  7.87509
1409  10.0594
1410  9.44529
1411  7.52932
1412  9.59088
1413  8.03342
1414  10.1584
1415  9.61792
1416  10.0525
1417  10.8388
1418  8.84351
1419  8.87741
1420  7.30786
1421  9.73411
1422  9.37428
1423  6.71695
1424  10.0276
1425  8.1586
1426  7.74123
1427  7.97712
1428  7.37772
1429  10.8958
1430  8.39685
1431  8.00394
1432  10.4384
1433  11.9817
1434  8.23228
1435  6.95853
1436  10.5407
1437  12.5109
1438  10.0348
1439  8.72367
1440  8.35721
1441  8.98617
1442  8.05093
1443  7.7411
1444  8.0686
1445  7.6858
1446  7.6223
1447  8.37689
1448  10.4406
1449  7.84624
1450  8.10976
1451  7.81427
1452  7.23877
1453  7.81086
1454  7.28231
1455  5.83583
1456  7.20037
1457  9.23317
1458  6.63747
1459  8.04954
1460  6.15835
1461  9.06498
1462  7.18173
1463  8.78418
1464  6.04507
1465  7.50278
1466  10.3752
1467  5.80577
1468  7.20033
1469  5.70461
1470  4.40995
1471  7.63651
1472  6.13066
1473  6.5329
1474  4.92447
1475  5.25732
1476  4.59667
1477  4.01324
1478  4.13037
1479  4.31519
1480  3.9657
1481  5.25212
1482  5.75646
1483  3.56026
1484  3.75822
1485  3.56175
1486  5.08394
1487  2.99197
1488  3.80152
1489  2.78512
1490  3.19611
1491  3.24721
1492  1.83827
1493  2.2218
1494  1.7023
1495  1.653
1496  1.38361
1497  1.57961
1498  1.23097
1499  1.14344
1500  0.912239
1501  0.912239
1502  0.912239
1503  0.912239
1504  0.912239
1505  0.912239
1506  0.912239
1507  0.912239
1508  0.912239
1509  0.912239
1510  0.912239
1511  0.912239
1512  0.912239
1513  0.912239
1514  0.912239
1515  0.912239
1516  0.912239
1517  0.912239
1518  0.912239
1519  0.912239
1520  0.912239
1521  0.912239
1522  0.912239
1523  0.912239
1524  0.912239
1525  0.912239
1526  0.912239
1527  0.912239
1528  0.912239
1529  0.912239
1530  0.912239
1531  0.912239
1532  0.912239
1533  0.912239
1534  0.912239
1535  0.912239
1536  0.912239
1537  0.912239
1538  0.912239
1539  0.912239
1540  0.912239
1541  0.912239
1542  0.912239
1543  0.912239
1544  0.912239
1545  0.912239
1546  0.912239
1547  0.912239
1548  0.912239
1549  0.912239
1550  0.912239
1551  0.912239
1552  0.912239
1553  0.912239
1554  0.912239
1555  0.912239
1556  0.912239
1557  0.912239
1558  0.912239
1559  0.912239
1560  0.912239
1561  0.912239
1562  0.912239
1563  0.912239
1564  0.912239
1565  0.912239
1566  0.912239
1567  0.912239
1568  0.912239
1569  0.912239
1570  0.912239
1571  0.912239
1572  0.912239
1573  0.912239
1574  0.912239
1575  0.912239
1576  0.912239
1577  0.912239
1578  0.912239
1579  0.912239
1580  0.912239
1581  0.912239
1582  0.912239
1583  0.912239
1584  0.912239
1585  0.912239
1586  0.912239
1587  0.912239
1588  0.912239
1589  0.912239
1590  0.912239
1591  0.912239
1592  0.912239
1593  0.912239
1594  0.912239
1595  0.912239
1596  0.912239
1597  0.912239
1598  0.912239
1599  0.912239
1600  0.912239
1601  0.912239
1602  0.912239
1603  0.912239
1604  0.912239
1605  0.912239
1606  0.912239
1607  0.912239
1608  0.912239
1609  0.912239
1610  0.912239
1611  0.912239
1612  0.912239
1613  0.912239
1614  0.912239
1615  0.912239
1616  0.912239
1617  0.912239
1618  0.912239
1619  0.912239
1620  0.912239
1621  0.912239
1622  0.912239
1623  0.912239
1624  0.912239
1625  0.912239
1626  0.912239
1627  0.912239
1628  0.912239
1629  0.912239
1630  0.912239
1631  0.912239
1632  0.912239
1633  0.912239
1634  0.912239
1635  0.912239
1636  0.912239
1637  0.912239
1638  0.912239
1639  0.912239
1640  0.912239
1641  0.912239
1642  0.912239
1643  0.912239
1644  0.912239
1645  0.912239
1646  0.912239
1647  0.912239
1648  0.912239
1649  0.912239
1650  0.912239
1651  0.912239
1652  0.912239
1653  0.912239
1654  0.912239
1655  0.912239
1656  0.912239
1657  0.912239
1658  0.912239
1659  0.912239
1660  0.912239
1661  0.912239
1662  0.912239
1663  0.912239
1664  0.912239
1665  0.912239
1666  0.912239
1667  0.912239
1668  0.912239
1669  0.912239
1670  0.912239
1671  0.912239
1672  0.912239
1673  0.912239
1674  0.912239
1675  0.912239
1676  0.912239
1677  0.912239
1678  0.912239
1679  0.912239
1680  0.912239
1681  0.912239
1682  0.912239
1683  0.912239
1684  0.912239
1685  0.912239
1686  0.912239
1687  0.912239
1688  0.912239
1689  0.912239
1690  0.912239
1691  0.912239
1692  0.912239
1693  0.912239
1694  0.912239
1695  0.912239
1696  0.912239
1697  0.912239
1698  0.912239
1699  0.912239
1700  0.912239
1701  0.912239
1702  0.912239
1703  0.912239
1704  0.912239
1705  0.912239
1706  0.912239
1707  0.912239
1708  0.912239
1709  0.912239
1710  0.912239
1711  0.912239
1712  0.912239
1713  0.912239
1714  0.912239
1715  0.912239
1716  0.912239
1717  0.912239
1718  0.912239
1719  0.912239
1720  0.912239
1721  0.912239
1722  0.912239
1723  0.912239
1724  0.912239
1725  0.912239
1726  0.912239
1727  0.912239
1728  0.912239
1729  0.912239
1730  0.912239
1731  0.912239
1732  0.912239
1733  0.912239
1734  0.912239
1735  0.912239
1736  0.912239
1737  0.912239
1738  0.912239
1739  0.912239
1740  0.912239
1741  0.912239
1742  0.912239
1743  0.912239
1744  0.912239
1745  0.912239
1746  0.912239
1747  0.912239
1748  0.912239
1749  0.912239
1750  0.912239
1751  0.912239
1752  0.912239
1753  0.912239
1754  0.912239
1755  0.912239
1756  0.912239
1757  0.912239
1758  0.912239
1759  0.912239
1760  0.912239
1761  0.912239
1762  0.912239
1763  0.912239
1764  0.912239
1765  0.912239
1766  0.912239
1767  0.912239
1768  0.912239
1769  0.912239
1770  0.912239
1771  0.912239
1772  0.912239
1773  0.912239
1774  0.912239
1775  0.912239
1776  0.912239
1777  0.912239
1778  0.912239
1779  0.912239
1780  0.912239
1781  0.912239
1782  0.912239
1783  0.912239
1784  0.912239
1785  0.912239
1786  0.912239
1787  0.912239
1788  0.912239
1789  0.912239
1790  0.912239
1791  0.912239
1792  0.912239
1793  0.912239
1794  0.912239
1795  0.912239
1796  0.912239
1797  0.912239
1798  0.912239
1799  0.912239
1800  0.912239
1801  0.912239
1802  0.912239
1803  0.912239
1804  0.912239
1805  0.912239
1806  0.912239
1807  0.912239
1808  0.912239
1809  0.912239
1810  0.912239
1811  0.912239
1812  0.912239
1813  0.912239
1814  0.912239
1815  0.912239
1816  0.912239
1817  0.912239
1818  0.912239
1819  0.912239
1820  0.912239
1821  0.912239
1822  0.912239
1823  0.912239
1824  0.912239
1825  0.912239
1826  0.912239
1827  0.912239
1828  0.912239
1829  0.912239
1830  0.912239
1831  0.912239
1832  0.912239
1833  0.912239
1834  0.912239
1835  0.912239
1836  0.912239
1837  0.912239
1838  0.912239
1839  0.912239
1840  0.912239
1841  0.912239
1842  0.912239
1843  0.912239
1844  0.912239
1845  0.912239
1846  0.912239
1847  0.912239
1848  0.912239
1849  0.912239
1850  0.912239
1851  0.912239
1852  0.912239
1853  0.912239
1854  0.912239
1855  0.912239
1856  0.912239
1857  0.912239
1858  0.912239
1859  0.912239
1860  0.912239
1861  0.912239
1862  0.912239
1863  0.912239
1864  0.912239
1865  0.912239
1866  0.912239
1867  0.912239
1868  0.912239
1869  0.912239
1870  0.912239
1871  0.912239
1872  0.912239
1873  0.912239
1874  0.912239
1875  0.912239
1876  0.912239
1877  0.912239
1878  0.912239
1879  0.912239
1880  0.912239
1881  0.912239
1882  0.912239
1883  0.912239
1884  0.912239
1885  0.912239
1886  0.912239
1887  0.912239
1888  0.912239
1889  0.912239
1890  0.912239
1891  0.912239
1892  0.912239
1893  0.912239
1894  0.912239
1895  0.912239
1896  0.912239
1897  0.912239
1898  0.912239
1899  0.912239
1900  0.912239
1901  0.912239
1902  0.912239
1903  0.912239
1904  0.912239
1905  0.912239
1906  0.912239
1907  0.912239
1908  0.912239
1909  0.912239
1910  0.912239
1911  0.912239
1912  0.912239
1913  0.912239
1914  0.912239
1915  0.912239
1916  0.912239
1917  0.912239
1918  0.912239
1919  0.912239
1920  0.912239
1921  0.912239
1922  0.912239
1923  0.912239
1924  0.912239
1925  0.912239
1926  0.912239
1927  0.912239
1928  0.912239
1929  0.912239
1930  0.912239
1931  0.912239
1932  0.912239
1933  0.912239
1934  0.912239
1935  0.912239
1936  0.912239
1937  0.912239
1938  0.912239
1939  0.912239
1940  0.912239
1941  0.912239
1942  0.912239
1943  0.912239
1944  0.912239
1945  0.912239
1946  0.912239
1947  0.912239
1948  0.912239
1949  0.912239
1950  0.912239
1951  0.912239
1952  0.912239
1953  0.912239
1954  0.912239
1955  0.912239
1956  0.912239
1957  0.912239
1958  0.912239
1959  0.912239
1960  0.912239
1961  0.912239
1962  0.912239
1963  0.912239
1964  0.912239
1965  0.912239
1966  0.912239
1967  0.912239
1968  0.912239
1969  0.912239
1970  0.912239
1971  0.912239
1972  0.912239
1973  0.912239
1974  0.912239
1975  0.912239
1976  0.912239
1977  0.912239
1978  0.912239
1979  0.912239
1980  0.912239
1981  0.912239
1982  0.912239
1983  0.912239
1984  0.912239
1985  0.912239
1986  0.912239
1987  0.912239
1988  0.912239
1989  0.912239
1990  0.912239
1991  0.912239
1992  0.912239
1993  0.912239
1994  0.912239
1995  0.912239
1996  0.912239
1997  0.912239
