           1   -0.745238   -0.745238           0
           2   -0.789982    -0.76761   0.0223725
           3   -0.792662   -0.775961    0.015381
           4   -0.899991   -0.806968   0.0328598
           5   -0.815047   -0.808584   0.0255043
           6   -0.829653   -0.812096   0.0211182
           7   -0.828174   -0.814393   0.0179953
           8   -0.870582   -0.821416    0.017094
           9    -0.78007   -0.816822     0.01576
          10   -0.884099    -0.82355   0.0156193
          11   -0.820795     -0.8233   0.0141304
          12   -0.784836   -0.820094   0.0132915
          13   -0.785096   -0.817402   0.0125193
          14   -0.822157   -0.817742   0.0115956
          15    -0.79495   -0.816222   0.0109013
          16   -0.872525   -0.819741   0.0107873
          17   -0.840884   -0.820985    0.010209
          18   -0.853682   -0.822801  0.00979503
          19   -0.830982   -0.823232  0.00927517
          20   -0.866009   -0.825371  0.00905542
