           1   0.0406763   0.0406763           0
           2    0.052813   0.0467446  0.00606838
           3   0.0452875   0.0462589  0.00353709
           1   0.0806581   0.0806581           0
           2   0.0792574   0.0799578 0.000700341
           1   0.0806581   0.0806581           0
           2   0.0792574   0.0799578 0.000700341
           3   0.0835197   0.0811451  0.00125428
           4   0.0750763   0.0796279  0.00175743
           5   0.0758753   0.0788774  0.00155448
           6   0.0795376   0.0789874  0.00127399
           7   0.0764175   0.0786203  0.00113759
           8   0.0769335   0.0784094  0.00100749
           9   0.0785647   0.0784267 0.000888689
          10   0.0757527   0.0781593 0.000838641
          11   0.0781576   0.0781591 0.000758579
          12   0.0786282   0.0781982 0.000693588
          13   0.0804376   0.0783705 0.000660853
          14    0.078188   0.0783574  0.00061197
          15   0.0773213   0.0782884 0.000573886
          16   0.0803998   0.0784203 0.000552803
          17   0.0780132   0.0783964  0.00051982
          18   0.0747449   0.0781935 0.000530417
          19   0.0812257   0.0783531 0.000526493
          20   0.0758412   0.0782275 0.000515025
