                   1            0.232943            0.232943                   0
                   2            0.233244            0.233093         0.000150387
                   3            0.222008            0.229398          0.00369609
                   4            0.232354            0.230137            0.002716
                   5            0.235037            0.231117          0.00232088
                   6            0.229672            0.230876          0.00191024
                   7            0.227672            0.230419          0.00167811
                   8            0.228781            0.230214          0.00146762
                   9             0.23329            0.230556          0.00133868
                  10            0.230723            0.230572          0.00119747
                  11            0.234225            0.230904           0.0011329
                  12            0.238676            0.231552          0.00122024
                  13              0.2317            0.231563          0.00112251
                  14            0.235835            0.231869          0.00108311
                  15             0.22916            0.231688          0.00102436
                  16            0.231161            0.231655         0.000958765
                  17            0.239795            0.232134          0.00101998
                  18             0.23798            0.232459          0.00101501
                  19            0.227595            0.232203         0.000993648
                  20            0.238413            0.232513          0.00099248
                  21            0.236173            0.232688         0.000959988
                  22            0.232288            0.232669         0.000915493
                  23            0.237643            0.232886         0.000901119
                  24            0.234679             0.23296         0.000865985
                  25             0.23117            0.232889         0.000833704
                  26            0.226827            0.232656         0.000834236
                  27            0.224553            0.232355         0.000856998
                  28            0.234635            0.232437         0.000829826
                  29             0.23157            0.232407         0.000801258
                  30            0.236691             0.23255         0.000787151
                  31            0.232204            0.232539         0.000761418
                  32            0.228296            0.232406         0.000749065
                  33            0.231759            0.232386         0.000726276
                  34            0.231668            0.232365         0.000704908
                  35            0.227591            0.232229         0.000697932
                  36            0.234464            0.232291         0.000681105
                  37            0.237927            0.232443         0.000679726
                  38            0.228952            0.232351         0.000667944
                  39            0.232934            0.232366         0.000650763
                  40            0.228505             0.23227         0.000641589
                   1            0.232868            0.232868                   0
                   2            0.229436            0.231152          0.00171614
                   3            0.223247            0.228517          0.00281526
                   4            0.233107            0.229664          0.00229768
                   5            0.233488            0.230429          0.00193707
                   6            0.232216            0.230727          0.00160941
                   7            0.226911            0.230182          0.00146535
                   8             0.22932            0.230074           0.0012736
                   9            0.232168            0.230307          0.00114705
                  10            0.235413            0.230817          0.00114599
                  11            0.233453            0.231057          0.00106392
                  12            0.233913            0.231295         0.000999965
                  13            0.231359              0.2313         0.000919847
                  14            0.236054            0.231639         0.000916825
                  15            0.228375            0.231422         0.000880832
                  16             0.22556            0.231055         0.000901712
                  17            0.232429            0.231136         0.000850855
                  18            0.236267            0.231421         0.000851332
                  19            0.227016            0.231189         0.000837997
                  20             0.24263            0.231761         0.000979397
                  21            0.236444            0.231984         0.000957902
                  22            0.230946            0.231937         0.000914541
                  23            0.235744            0.232103          0.00088941
                  24            0.228279            0.231943         0.000866323
                  25            0.229942            0.231863         0.000834795
                  26             0.22792            0.231712         0.000816256
                  27            0.222132            0.231357         0.000861859
                  28            0.232948            0.231414         0.000832449
                  29            0.237217            0.231614         0.000827781
                  30            0.237382            0.231806         0.000822504
                  31            0.232542             0.23183         0.000795883
                  32            0.228916            0.231739         0.000775973
                  33            0.231892            0.231743         0.000752105
                  34            0.227109            0.231607         0.000742274
                  35            0.229373            0.231543         0.000723575
                  36            0.231522            0.231543         0.000703189
                  37            0.236096            0.231666         0.000694905
                  38            0.233661            0.231718         0.000678407
                  39             0.23183            0.231721         0.000660789
                  40            0.229954            0.231677         0.000645571
