                   1             1.47084             1.47084                   0
                   2             1.54922             1.51003            0.039188
                   3             1.50969             1.50992           0.0226255
                   4             1.45705              1.4967           0.0207525
                   5             1.52794             1.50295           0.0172469
                   6             1.49416             1.50148           0.0141579
                   7             1.46422             1.49616           0.0130965
                   8             1.49995             1.49663           0.0113517
                   9             1.52664             1.49997           0.0105519
                  10             1.55346             1.50532           0.0108482
                  11             1.50434             1.50523          0.00981299
                  12              1.4621             1.50163          0.00965191
                  13              1.4298             1.49611           0.0104575
                  14             1.49276             1.49587          0.00968468
                  15             1.48688             1.49527          0.00903583
                  16             1.47278             1.49386          0.00856836
                  17             1.52682              1.4958          0.00827874
                  18             1.53368             1.49791          0.00808393
                  19             1.49922             1.49798          0.00764695
                  20             1.52332             1.49924          0.00736434
                  21             1.50881              1.4997          0.00701968
                  22             1.52805             1.50099          0.00681594
                  23             1.49876             1.50089          0.00651358
                  24             1.57879             1.50414           0.0070304
                  25             1.55547             1.50619            0.007049
                  26             1.46579             1.50464          0.00694843
                  27             1.47597             1.50357          0.00676988
                  28             1.57823             1.50624          0.00704744
                  29             1.58167             1.50884          0.00728056
                  30             1.49956             1.50853          0.00704049
                  31              1.5006             1.50828           0.0068144
                  32             1.45722             1.50668          0.00678822
                  33             1.46749             1.50549          0.00668563
                  34             1.49395             1.50515          0.00649489
                  35             1.45287             1.50366          0.00648112
                  36             1.50784             1.50378          0.00629958
                  37             1.49846             1.50363          0.00612864
                  38             1.55076             1.50487          0.00609274
                  39             1.55509             1.50616          0.00607253
                  40             1.45259             1.50482          0.00606839
                   1             1.47323             1.47323                   0
                   2             1.54876               1.511           0.0377661
                   3             1.51124             1.51108           0.0218044
                   4             1.46469             1.49948           0.0192931
                   5             1.52047             1.50368           0.0155226
                   6              1.4821             1.50008           0.0131743
                   7             1.46698             1.49535           0.0120968
                   8             1.51187             1.49742           0.0106776
                   9             1.52633             1.50063          0.00994962
                  10             1.55769             1.50634           0.0105717
                  11             1.49738             1.50552          0.00959698
                  12             1.46843             1.50243          0.00928999
                  13             1.43367             1.49714           0.0100502
                  14             1.48879             1.49655          0.00932373
                  15             1.47871             1.49536          0.00876101
                  16              1.4764             1.49417          0.00828036
                  17             1.52073             1.49573          0.00793336
                  18             1.55257             1.49889          0.00811894
                  19              1.4986             1.49888          0.00767976
                  20             1.52757             1.50031          0.00742559
                  21             1.50155             1.50037          0.00706339
                  22             1.52947             1.50169          0.00686336
                  23              1.5071             1.50193          0.00656239
                  24             1.59364             1.50575          0.00735393
                  25             1.55007             1.50752          0.00727298
                  26             1.46619             1.50593          0.00716624
                  27             1.47232             1.50469          0.00700716
                  28             1.55499             1.50648          0.00698722
                  29             1.58872             1.50932           0.0073141
                  30             1.50922             1.50932           0.0070661
                  31             1.50505             1.50918          0.00683575
                  32              1.4683              1.5079          0.00674086
                  33              1.4758             1.50693          0.00660544
                  34             1.49162             1.50648          0.00642402
                  35             1.46528              1.5053          0.00634787
                  36             1.51816             1.50566          0.00617935
                  37              1.5117             1.50582          0.00601224
                  38              1.5442             1.50683          0.00593839
                  39              1.5651             1.50832          0.00597394
                  40             1.44275             1.50669          0.00604904
