                   1           -0.649649           -0.649649                   0
                   2           -0.648345           -0.648997           0.0006518
                   3           -0.646572           -0.648189         0.000891807
                   4           -0.647029           -0.647899         0.000694022
                   5           -0.647057            -0.64773         0.000563355
                   6           -0.647035           -0.647614         0.000474365
                   7           -0.648563            -0.64775         0.000423181
                   8           -0.649025           -0.647909         0.000399655
                   9           -0.652488           -0.648418         0.000618866
                  10           -0.654026           -0.648979         0.000787951
                  11           -0.650364           -0.649105         0.000723764
                  12           -0.644254             -0.6487         0.000774545
                  13           -0.647954           -0.648643         0.000714787
                  14           -0.650004            -0.64874         0.000668864
                  15           -0.650741           -0.648874         0.000636799
                  16           -0.653229           -0.649146         0.000654919
                  17           -0.650852           -0.649246         0.000623318
                  18           -0.651072           -0.649348         0.000596363
                  19           -0.647384           -0.649244         0.000573496
                  20           -0.650245           -0.649294         0.000546361
                  21           -0.649023           -0.649281         0.000519853
                  22           -0.645107           -0.649092         0.000530739
                  23           -0.651345            -0.64919         0.000516519
                  24           -0.645359            -0.64903         0.000519649
                  25           -0.652689           -0.649176          0.00051948
                  26           -0.648797           -0.649162         0.000499313
                  27           -0.648673           -0.649144         0.000480805
                  28           -0.646755           -0.649058         0.000471101
                  29           -0.647875           -0.649018         0.000456393
                  30           -0.650991           -0.649083         0.000445796
                  31           -0.647611           -0.649036         0.000433785
                  32           -0.648248           -0.649011         0.000420732
                  33           -0.647693           -0.648971         0.000409734
                  34           -0.646984           -0.648913         0.000401775
                  35           -0.647407            -0.64887         0.000392494
                  36           -0.651144           -0.648933         0.000386633
                  37           -0.648531           -0.648922         0.000376195
                  38           -0.652572           -0.649018         0.000378553
                  39           -0.647879           -0.648989         0.000369874
                  40           -0.649393           -0.648999          0.00036065
                   1           -0.649496           -0.649496                   0
                   2           -0.648973           -0.649235          0.00026136
                   3           -0.645983           -0.648151          0.00109432
                   4           -0.646873           -0.647831         0.000837195
                   5           -0.647071           -0.647679          0.00066609
                   6           -0.646464           -0.647477         0.000580346
                   7           -0.648456           -0.647617         0.000510052
                   8            -0.64954           -0.647857         0.000502903
                   9            -0.65197           -0.648314         0.000636848
                  10           -0.652734           -0.648756         0.000721008
                  11           -0.651454           -0.649001         0.000696754
                  12           -0.644405           -0.648618         0.000742485
                  13           -0.648176           -0.648584         0.000683833
                  14           -0.649504            -0.64865         0.000636503
                  15           -0.651621           -0.648848         0.000624788
                  16           -0.652835           -0.649097         0.000635346
                  17           -0.650568           -0.649184          0.00060304
                  18           -0.652171            -0.64935         0.000592277
                  19           -0.646938           -0.649223         0.000574437
                  20           -0.649293           -0.649226          0.00054497
                  21           -0.649142           -0.649222         0.000518385
                  22           -0.644745           -0.649019         0.000534513
                  23           -0.651171           -0.649112         0.000519247
                  24           -0.645658           -0.648968         0.000517552
                  25           -0.652321           -0.649103         0.000514213
                  26           -0.649313           -0.649111         0.000494106
                  27           -0.649099            -0.64911         0.000475454
                  28            -0.64658            -0.64902         0.000466983
                  29           -0.647947           -0.648983         0.000452108
                  30           -0.650193           -0.649023         0.000438636
                  31           -0.646602           -0.648945          0.00043138
                  32            -0.64743           -0.648898         0.000420355
                  33           -0.647833           -0.648865         0.000408695
                  34           -0.647926           -0.648838         0.000397453
                  35            -0.64798           -0.648813         0.000386707
                  36           -0.651002           -0.648874         0.000380697
                  37           -0.649446            -0.64889         0.000370587
                  38           -0.653046           -0.648999         0.000376926
                  39           -0.648409           -0.648984         0.000367445
                  40           -0.649239            -0.64899         0.000358198
