                   1             1.05461             1.05461                   0
                   2             1.01095             1.03278           0.0218268
                   3             1.02997             1.03184           0.0126365
                   4             1.02064             1.02904          0.00936401
                   5             1.02429             1.02809          0.00731525
                   6             1.07114             1.03527          0.00933615
                   7             1.04872             1.03719          0.00812117
                   8             1.03059             1.03636          0.00708135
                   9             1.01198             1.03365          0.00680734
                  10             1.02919             1.03321            0.006105
                  11             1.07655             1.03715           0.0067835
                  12             1.01258              1.0351          0.00652219
                  13             1.06045             1.03705          0.00630855
                  14             1.05095             1.03804          0.00592432
                  15             1.02572             1.03722          0.00557605
                  16             1.03711             1.03722          0.00521592
                  17              1.0733             1.03934          0.00533956
                  18             1.06159             1.04057          0.00518381
                  19             1.03241             1.04014          0.00492218
                  20              1.0486             1.04057           0.0046887
                  21             1.02123             1.03965          0.00455396
                  22             1.07128             1.04108          0.00457386
                  23             1.00796             1.03964           0.0046017
                  24             1.03546             1.03947          0.00440925
                  25             1.03216             1.03918           0.0042393
                  26             1.02971             1.03881          0.00408924
                  27             1.06188             1.03967          0.00402652
                  28             1.07584             1.04096          0.00408942
                  29             1.03461             1.04074          0.00395196
                  30             1.04561              1.0409           0.0038214
                  31             1.05495             1.04136          0.00372373
                  32             1.05078             1.04165          0.00361749
                  33             1.02953             1.04128          0.00352534
                  34             1.02111             1.04069          0.00347118
                  35              1.0452             1.04082          0.00337301
                  36            0.988411             1.03936          0.00358669
                  37             1.05565              1.0398          0.00351607
                  38             1.04376             1.03991          0.00342387
                  39              1.0125              1.0392          0.00340816
                  40             1.07036             1.03998          0.00341195
                   1             1.04609             1.04609                   0
                   2             1.01446             1.03027           0.0158148
                   3             1.03046             1.03034          0.00913089
                   4             1.02722             1.02956          0.00650336
                   5             1.03086             1.02982          0.00504418
                   6             1.07407             1.03719          0.00844798
                   7              1.0533             1.03949          0.00750144
                   8             1.04067             1.03964          0.00649811
                   9              1.0091             1.03625          0.00666021
                  10             1.03266             1.03589          0.00596786
                  11             1.07669              1.0396          0.00654969
                  12               1.005             1.03671           0.0066377
                  13             1.06793             1.03912          0.00656104
                  14             1.03881             1.03909          0.00607438
                  15             1.02588             1.03821          0.00572316
                  16             1.03504             1.03801           0.0053572
                  17             1.06038             1.03933          0.00520134
                  18             1.06787             1.04092          0.00515385
                  19              1.0324             1.04047          0.00489564
                  20              1.0349             1.04019          0.00465275
                  21              1.0161             1.03904          0.00457187
                  22             1.06066             1.04002          0.00446851
                  23             1.01583             1.03897          0.00439751
                  24             1.02493             1.03839          0.00425077
                  25             1.02279             1.03776          0.00412468
                  26             1.03713             1.03774          0.00396294
                  27             1.04147             1.03788          0.00381584
                  28             1.06168             1.03873          0.00377403
                  29             1.05249              1.0392          0.00367238
                  30             1.04404             1.03936          0.00355152
                  31               1.038             1.03932          0.00343533
                  32             1.05961             1.03995          0.00338614
                  33             1.03281             1.03974          0.00328905
                  34             1.03379             1.03956          0.00319564
                  35             1.06126             1.04018           0.0031643
                  36            0.979459              1.0385          0.00350737
                  37             1.05637             1.03898           0.0034453
                  38              1.0408             1.03903          0.00335375
                  39             1.02077             1.03856          0.00330001
                  40             1.07054             1.03936          0.00331431
