                   1           -0.684792           -0.684792                   0
                   2           -0.686428            -0.68561          0.00081812
                   3           -0.685084           -0.685434         0.000503857
                   4           -0.685266           -0.685392         0.000358748
                   5           -0.680599           -0.684434         0.000998073
                   6           -0.688126           -0.685049          0.00102118
                   7           -0.685058           -0.685051         0.000863056
                   8           -0.685467           -0.685103         0.000749241
                   9           -0.689205           -0.685558         0.000802756
                  10           -0.687181           -0.685721         0.000736111
                  11            -0.68396           -0.685561         0.000684798
                  12           -0.682908            -0.68534         0.000663052
                  13           -0.685747           -0.685371         0.000610725
                  14           -0.687572           -0.685528         0.000586872
                  15           -0.683957           -0.685423         0.000556302
                  16            -0.68857            -0.68562         0.000556293
                  17           -0.684336           -0.685545         0.000527981
                  18           -0.685403           -0.685537         0.000497847
                  19           -0.686232           -0.685573         0.000472336
                  20           -0.690935           -0.685841         0.000522161
                  21           -0.681268           -0.685624         0.000542316
                  22           -0.683574            -0.68553         0.000525404
                  23           -0.689027           -0.685682         0.000524554
                  24             -0.6814           -0.685504         0.000532983
                  25           -0.686959           -0.685562         0.000514522
                  26           -0.686313           -0.685591          0.00049518
                  27           -0.682104           -0.685462         0.000493679
                  28            -0.68113           -0.685307         0.000500248
                  29           -0.682802           -0.685221         0.000490359
                  30           -0.686723           -0.685271         0.000476369
                  31           -0.688435           -0.685373         0.000471914
                  32           -0.689525           -0.685503         0.000474997
                  33           -0.683039           -0.685428         0.000466393
                  34           -0.679647           -0.685258         0.000483362
                  35           -0.684444           -0.685235         0.000469925
                  36           -0.684926           -0.685226         0.000456765
                  37           -0.683958           -0.685192         0.000445569
                  38           -0.689495           -0.685305         0.000448226
                  39           -0.681736           -0.685214         0.000446072
                  40           -0.683929           -0.685182         0.000435962
                   1            -0.68505            -0.68505                   0
                   2           -0.686596           -0.685823            0.000773
                   3           -0.684891           -0.685513         0.000543782
                   4           -0.685664           -0.685551         0.000386363
                   5           -0.680693           -0.684579          0.00101654
                   6           -0.687584            -0.68508         0.000969416
                   7           -0.684756           -0.685034         0.000820609
                   8           -0.685171           -0.685051         0.000710876
                   9           -0.689226           -0.685515         0.000779886
                  10           -0.686516           -0.685615         0.000704705
                  11           -0.684866           -0.685547          0.00064106
                  12            -0.68307            -0.68534         0.000620537
                  13            -0.68614           -0.685402         0.000574115
                  14           -0.686791           -0.685501         0.000540712
                  15           -0.684201           -0.685414         0.000510785
                  16            -0.68842           -0.685602         0.000513391
                  17           -0.683795           -0.685496         0.000493827
                  18           -0.686661           -0.685561         0.000470062
                  19            -0.68637           -0.685603         0.000446669
                  20           -0.689776           -0.685812         0.000472335
                  21           -0.681823           -0.685622         0.000487781
                  22           -0.683792           -0.685539         0.000472458
                  23           -0.689288           -0.685702         0.000479984
                  24           -0.681945           -0.685545         0.000485484
                  25           -0.687125           -0.685608         0.000469925
                  26           -0.685742           -0.685614         0.000451518
                  27           -0.683402           -0.685532         0.000442128
                  28           -0.681262           -0.685379         0.000452517
                  29           -0.683284           -0.685307          0.00044257
                  30           -0.686981           -0.685363          0.00043119
                  31           -0.688177           -0.685454         0.000426814
                  32           -0.689036           -0.685566         0.000428155
                  33           -0.683689           -0.685509         0.000418857
                  34           -0.680499           -0.685361         0.000432243
                  35           -0.685153           -0.685355         0.000419753
                  36           -0.685225           -0.685352         0.000407943
                  37           -0.684695           -0.685334         0.000397162
                  38           -0.689612           -0.685447         0.000402625
                  39           -0.682079            -0.68536          0.00040156
                  40           -0.683919           -0.685324         0.000393047
