                   1            0.068588            0.068588                   0
                   2            0.071744            0.070166            0.001578
                   3            0.063072           0.0678013           0.0025341
                   4             0.04792            0.062831          0.00528347
                   5              0.0442           0.0591048          0.00553476
                   6            0.050496             0.05767          0.00474142
                   7             0.05558           0.0573714          0.00401834
                   8            0.062416            0.058002          0.00353665
                   9            0.040024           0.0560044          0.00370386
                  10            0.025724           0.0529764           0.0044882
                  11            0.050028           0.0527084          0.00406857
                  12            0.037888           0.0514733          0.00391403
                  13            0.065936           0.0525858          0.00376835
                  14            0.058696           0.0530223          0.00351601
                  15            0.062544           0.0536571          0.00333421
                  16            0.052692           0.0535967          0.00311945
                  17             0.04986           0.0533769          0.00293845
                  18            0.062524           0.0538851          0.00281662
                  19            0.060856            0.054252          0.00268939
                  20            0.048532            0.053966          0.00256736
                  21            0.051492           0.0538482          0.00244489
                  22             0.06768           0.0544769          0.00241441
                  23             0.03982           0.0538397          0.00239344
                  24            0.065672           0.0543327          0.00234398
                  25            0.032796           0.0534712          0.00240766
                  26            0.042508           0.0530495          0.00235132
                  27            0.058104           0.0532367          0.00227029
                  28            0.032604           0.0524999          0.00230848
                  29            0.048532            0.052363          0.00223165
                  30            0.053836           0.0524121          0.00215654
                  31            0.045892           0.0522018          0.00209639
                  32             0.05002           0.0521336          0.00203097
                  33            0.053544           0.0521764          0.00196892
                  34            0.055648           0.0522785          0.00191286
                  35            0.041104           0.0519592          0.00188465
                  36            0.055604           0.0520604          0.00183434
                  37            0.045124            0.051873           0.0017939
                  38            0.066844           0.0522669          0.00178995
                  39            0.046572           0.0521209          0.00174955
                  40             0.06678           0.0524874          0.00174419
                   1            0.067316            0.067316                   0
                   2             0.07336            0.070338            0.003022
                   3            0.062376            0.067684          0.00317614
                   4            0.048916            0.062992          0.00520181
                   5            0.044444           0.0592824           0.0054769
                   6            0.050936           0.0578913          0.00468323
                   7            0.055096            0.057492          0.00397815
                   8             0.06374            0.058273          0.00353259
                   9            0.038476           0.0560733          0.00381374
                  10            0.024848           0.0529508          0.00462449
                  11              0.0499           0.0526735          0.00419219
                  12            0.038592              0.0515           0.0040028
                  13            0.066848           0.0526806          0.00386668
                  14            0.058788           0.0531169          0.00360634
                  15            0.062348           0.0537323          0.00341325
                  16            0.052704            0.053668          0.00319345
                  17            0.049872           0.0534447          0.00300803
                  18             0.06208           0.0539244          0.00287629
                  19            0.061276           0.0543114          0.00274807
                  20            0.048272           0.0540094          0.00262448
                  21            0.052344           0.0539301          0.00249763
                  22            0.067652           0.0545538          0.00246173
                  23            0.040708           0.0539518          0.00242807
                  24            0.065456           0.0544312          0.00237361
                  25            0.032644           0.0535597          0.00243778
                  26            0.042308           0.0531269          0.00238179
                  27            0.058284           0.0533179          0.00229982
                  28            0.033272            0.052602          0.00232893
                  29            0.048584           0.0524634          0.00225146
                  30             0.05426           0.0525233          0.00217594
                  31            0.046672           0.0523346          0.00211303
                  32            0.049716           0.0522527          0.00204756
                  33            0.053312           0.0522848          0.00198481
                  34            0.057612           0.0524415          0.00193191
                  35            0.041288           0.0521229          0.00190277
                  36            0.054876           0.0521993          0.00185075
                  37            0.045836           0.0520274          0.00180823
                  38            0.066024           0.0523957          0.00179813
                  39            0.046148           0.0522355          0.00175873
                  40            0.066132           0.0525829          0.00174905
