                   1            0.211922            0.211922                   0
                   2            0.209339            0.210631           0.0012911
                   3            0.211577            0.210946         0.000809469
                   4            0.209932            0.210693         0.000625972
                   5            0.214905            0.211535         0.000972027
                   6              0.2045            0.210363          0.00141583
                   7            0.210997            0.210453          0.00120002
                   8            0.208502            0.210209          0.00106747
                   9            0.212118            0.210421         0.000965003
                  10            0.209024            0.210282         0.000874372
                  11            0.213225            0.210549         0.000834942
                  12            0.211292            0.210611         0.000764702
                  13            0.214534            0.210913         0.000765424
                  14            0.214873            0.211196         0.000763004
                  15            0.215355            0.211473         0.000762531
                  16            0.215933            0.211752         0.000765804
                  17            0.216454            0.212028         0.000770703
                  18            0.213783            0.212126         0.000733133
                  19            0.214572            0.212255         0.000705326
                  20            0.219352             0.21261          0.00075741
                  21            0.217434            0.212839         0.000756178
                  22            0.203837             0.21243         0.000829011
                  23            0.214905            0.212538         0.000799422
                  24            0.217931            0.212762         0.000797694
                  25            0.214106            0.212816         0.000767007
                  26            0.213552            0.212844         0.000737459
                  27            0.205218            0.212562         0.000763769
                  28             0.21518            0.212655         0.000741903
                  29            0.212296            0.212643          0.00071597
                  30            0.215451            0.212737         0.000697997
                  31            0.213049            0.212747         0.000675181
                  32            0.208173            0.212604         0.000669185
                  33            0.207319            0.212444         0.000668065
                  34            0.219621            0.212655         0.000681635
                  35            0.212421            0.212648         0.000661906
                  36            0.208969            0.212546         0.000651324
                  37            0.210792            0.212499         0.000635249
                  38            0.209128             0.21241         0.000624634
                  39            0.211772            0.212393         0.000608627
                  40            0.213635            0.212425         0.000594028
                   1            0.210997            0.210997                   0
                   2            0.209585            0.210291         0.000705684
                   3            0.209811            0.210131         0.000437765
                   4            0.208571            0.209741          0.00049793
                   5            0.216033            0.210999          0.00131621
                   6            0.206314            0.210218          0.00132838
                   7            0.210409            0.210246          0.00112302
                   8            0.209402             0.21014         0.000978267
                   9            0.212921            0.210449         0.000916403
                  10            0.210172            0.210422         0.000820123
                  11            0.211392             0.21051         0.000747059
                  12            0.213496            0.210759         0.000725966
                  13            0.213728            0.210987         0.000705766
                  14            0.219068            0.211564          0.00087184
                  15            0.216496            0.211893         0.000875708
                  16            0.211779            0.211886         0.000819181
                  17            0.217364            0.212208         0.000834245
                  18             0.21784            0.212521         0.000846487
                  19             0.21373            0.212585          0.00080322
                  20            0.220625            0.212987         0.000861551
                  21             0.21304            0.212989         0.000819503
                  22            0.205561            0.212652         0.000851195
                  23            0.217873            0.212879         0.000844431
                  24            0.213447            0.212902         0.000808828
                  25            0.216519            0.213047         0.000789174
                  26            0.218114            0.213242         0.000782857
                  27            0.206915            0.213008         0.000788904
                  28            0.214415            0.213058         0.000761868
                  29            0.217042            0.213195         0.000747857
                  30            0.217156            0.213327          0.00073446
                  31            0.213289            0.213326         0.000710374
                  32            0.209393            0.213203         0.000698712
                  33            0.207745            0.213038         0.000697111
                  34            0.220256             0.21325          0.00070884
                  35             0.21399            0.213271         0.000688614
                  36            0.209498            0.213166         0.000677371
                  37            0.209811            0.213076         0.000665022
                  38            0.216321            0.213161         0.000652893
                  39            0.212575            0.213146          0.00063611
                  40            0.212589            0.213132         0.000620159
