                   1            0.455952            0.455952                   0
                   2            0.462567             0.45926          0.00330771
                   3            0.464688            0.461069          0.00263084
                   4            0.464888            0.462024          0.00209096
                   5            0.471846            0.463988          0.00254607
                   6            0.467262            0.464534          0.00214926
                   7            0.466016            0.464746          0.00182875
                   8            0.465615            0.464854          0.00158747
                   9            0.447736            0.462952           0.0023617
                  10            0.464323            0.463089          0.00211681
                  11            0.455522            0.462401          0.00203455
                  12             0.47519            0.463467          0.00214133
                  13            0.470206            0.463986           0.0020368
                  14            0.476964            0.464913          0.00210124
                  15            0.490491            0.466618          0.00259504
                  16             0.45171            0.465686          0.00260012
                  17            0.497809            0.467576            0.003088
                  18            0.449193            0.466554          0.00308531
                  19            0.463531            0.466395          0.00292275
                  20            0.459337            0.466042          0.00279513
                  21            0.450964            0.465324          0.00275395
                  22            0.461251            0.465139          0.00263231
                  23            0.469088            0.465311          0.00252111
                  24             0.46105            0.465133           0.0024203
                  25            0.447009            0.464408          0.00243204
                  26            0.446612            0.463724          0.00243482
                  27            0.481193            0.464371           0.0024306
                  28            0.479358            0.464906          0.00240257
                  29            0.447032             0.46429          0.00239878
                  30            0.483323            0.464924          0.00240271
                  31            0.455333            0.464615          0.00234442
                  32            0.491947            0.465469          0.00242535
                  33            0.490874            0.466239          0.00247356
                  34            0.457657            0.465986          0.00241294
                  35            0.493008            0.466758          0.00246691
                  36            0.482606            0.467199          0.00243748
                  37            0.464129            0.467116          0.00237214
                  38            0.440359            0.466412          0.00241385
                  39            0.492282            0.467075          0.00244293
                  40            0.482388            0.467458          0.00241165
                   1             0.46216             0.46216                   0
                   2            0.458653            0.460407          0.00175368
                   3            0.464219            0.461678          0.00162486
                   4            0.465624            0.462664          0.00151436
                   5            0.474316            0.464994          0.00260902
                   6             0.46303            0.464667          0.00215527
                   7            0.469786            0.465398          0.00196286
                   8            0.460112            0.464738           0.0018238
                   9             0.44683            0.462748          0.00255852
                  10            0.469361            0.463409          0.00238206
                  11            0.454444            0.462594          0.00230366
                  12              0.4734            0.463495          0.00228762
                  13            0.470955            0.464068          0.00218115
                  14             0.47632            0.464944          0.00220083
                  15            0.494575            0.466919          0.00284608
                  16            0.447837            0.465726           0.0029172
                  17            0.498461            0.467652          0.00334913
                  18             0.44471            0.466377          0.00340513
                  19            0.458726            0.465975            0.003246
                  20            0.461174            0.465735          0.00308877
                  21            0.452622             0.46511          0.00300363
                  22             0.46191            0.464965          0.00286754
                  23            0.471815            0.465263          0.00275617
                  24            0.456414            0.464894          0.00266446
                  25             0.44665            0.464164          0.00265782
                  26            0.444173            0.463395          0.00266679
                  27            0.480273             0.46402          0.00264116
                  28             0.47696            0.464483           0.0025867
                  29            0.445232            0.463819          0.00258267
                  30            0.481314            0.464402          0.00256234
                  31            0.447699            0.463863           0.0025362
                  32            0.492869             0.46477          0.00261761
                  33            0.489151            0.465508          0.00264244
                  34            0.456703            0.465249           0.0025766
                  35            0.490135             0.46596          0.00260097
                  36            0.484362            0.466472          0.00257885
                  37             0.46962            0.466557          0.00250963
                  38             0.43885            0.465828          0.00254919
                  39            0.491184            0.466478          0.00256667
                  40             0.48343            0.466901          0.00253733
