                   1            0.414284            0.414284                   0
                   2            0.403404            0.408844          0.00544015
                   3            0.396703            0.404797          0.00512261
                   4            0.410771            0.406291          0.00391809
                   5            0.414071            0.407847           0.0034106
                   6            0.392895            0.405355          0.00373689
                   7            0.406976            0.405586          0.00316674
                   8            0.405141            0.405531          0.00274304
                   9             0.41275            0.406333          0.00254866
                  10             0.40475            0.406175          0.00228508
                  11             0.41055            0.406572          0.00210487
                  12            0.409214            0.406793          0.00193404
                  13            0.405314            0.406679          0.00178269
                  14            0.404525            0.406525          0.00165761
                  15            0.399277            0.406042          0.00161703
                  16            0.417358            0.406749          0.00166978
                  17              0.4114            0.407023          0.00159217
                  18            0.428015            0.408189          0.00190092
                  19            0.423089            0.408973          0.00196166
                  20            0.418361            0.409443          0.00191928
                  21            0.404586            0.409211          0.00184019
                  22            0.386902            0.408197          0.00202652
                  23             0.41272            0.408394          0.00194636
                  24            0.402355            0.408142          0.00188041
                  25            0.410603            0.408241          0.00180631
                  26            0.414107            0.408466          0.00175006
                  27            0.409063            0.408488          0.00168414
                  28            0.416812            0.408786          0.00164988
                  29            0.412469            0.408913          0.00159703
                  30            0.424096            0.409419          0.00162377
                  31            0.419008            0.409728          0.00160069
                  32            0.402442              0.4095           0.0015665
                  33            0.411533            0.409562          0.00151953
                  34            0.412236            0.409641          0.00147626
                  35            0.419858            0.409933          0.00146288
                  36             0.39866            0.409619          0.00145575
                  37             0.41187             0.40968          0.00141716
                  38            0.405213            0.409563          0.00138436
                  39            0.413719            0.409669          0.00135261
                  40            0.404371            0.409537          0.00132499
                   1            0.416355            0.416355                   0
                   2            0.407374            0.411864          0.00449061
                   3            0.401103            0.408277          0.00442608
                   4            0.407253            0.408021          0.00314017
                   5            0.418859            0.410189           0.0032581
                   6            0.389936            0.406813          0.00429779
                   7            0.411472            0.407479          0.00369276
                   8             0.39793            0.406285          0.00341351
                   9            0.412886            0.407019          0.00309849
                  10            0.405811            0.406898          0.00277401
                  11            0.408619            0.407054          0.00251405
                  12            0.411542            0.407428          0.00232528
                  13            0.404453              0.4072          0.00215115
                  14            0.415092            0.407763          0.00206983
                  15            0.400478            0.407278          0.00198717
                  16             0.41933            0.408031          0.00200566
                  17            0.405706            0.407894          0.00188894
                  18            0.417524            0.408429          0.00185953
                  19            0.416171            0.408837          0.00180552
                  20            0.423599            0.409575          0.00186514
                  21            0.394322            0.408848          0.00191703
                  22            0.386223             0.40782          0.00209728
                  23             0.40788            0.407822          0.00200402
                  24            0.399361             0.40747          0.00195083
                  25            0.409067            0.407534          0.00187226
                  26             0.41718            0.407905          0.00183667
                  27             0.41133            0.408032          0.00177189
                  28            0.415516            0.408299          0.00172823
                  29            0.414527            0.408514          0.00168134
                  30            0.425494             0.40908          0.00172013
                  31            0.415131            0.409275          0.00167512
                  32            0.403892            0.409107          0.00163063
                  33            0.415237            0.409292          0.00159133
                  34            0.408697            0.409275          0.00154391
                  35            0.413631            0.409399          0.00150431
                  36            0.399798            0.409133          0.00148605
                  37            0.410488            0.409169          0.00144579
                  38            0.404284            0.409041          0.00141309
                  39            0.405782            0.408957          0.00137892
                  40            0.408083            0.408935          0.00134418
