                   1             9.84008             9.84008                   0
                   2             9.54966             9.69487            0.145209
                   3             9.21406              9.5346            0.180873
                   4             8.96153             9.39133            0.192048
                   5             9.09754             9.33257            0.159944
                   6             9.70565             9.39475            0.144641
                   7             8.99373             9.33746            0.135002
                   8             10.4804             9.48033            0.184607
                   9             9.29201              9.4594            0.164147
                  10             9.28699             9.44216            0.147827
                  11             8.34046             9.34201            0.167064
                  12             9.42236              9.3487            0.152655
                  13              9.0521             9.32589            0.142264
                  14             9.75404             9.35647            0.135215
                  15             10.3765             9.42447            0.143071
                  16             9.26343             9.41441            0.134209
                  17             10.9015             9.50188            0.153443
                  18             10.2949             9.54594            0.151228
                  19             9.01537             9.51801            0.145747
                  20             7.47366              9.4158            0.171949
                  21             10.3875             9.46207            0.169975
                  22             9.24159             9.45205            0.162375
                  23             9.63302             9.45991            0.155354
                  24             9.41413             9.45801            0.148752
                  25             10.0582             9.48201            0.144684
                  26             8.95137             9.46161            0.140498
                  27             9.96446             9.48023            0.136471
                  28             10.7514             9.52563            0.139123
                  29             9.09865             9.51091            0.135045
                  30             9.70381             9.51734            0.130624
                  31             9.99437             9.53272            0.127274
                  32              9.8078             9.54132            0.123532
                  33             9.42215             9.53771            0.119785
                  34             8.98668              9.5215            0.117333
                  35             10.8992             9.56087            0.120539
                  36             10.4692              9.5861             0.11983
                  37             8.17623             9.54799            0.122617
                  38             10.0086             9.56011            0.119961
                  39             9.02627             9.54643            0.117643
                  40              9.7472             9.55144            0.114774
                   1             10.1747             10.1747                   0
                   2             9.53438             9.85452            0.320146
                   3             9.20028             9.63644            0.285875
                   4             8.96922             9.46964             0.26208
                   5             9.06264             9.38824            0.218718
                   6             9.70339             9.44076            0.186147
                   7             9.01187             9.37949            0.168833
                   8             10.4745             9.51637            0.200281
                   9             9.29485             9.49175            0.178338
                  10             9.28268             9.47085            0.160874
                  11             8.36954             9.37073            0.176632
                  12             9.43489             9.37607             0.16133
                  13             9.06785             9.35236            0.150284
                  14              9.7236             9.37888            0.141641
                  15             10.3763             9.44537            0.147676
                  16             9.29995             9.43628            0.138437
                  17             10.9093             9.52293            0.156263
                  18              10.286             9.56533            0.153304
                  19             9.02558             9.53692            0.147767
                  20             7.46858              9.4335            0.174203
                  21             10.3584             9.47755            0.171454
                  22             9.22571              9.4661            0.163875
                  23             9.66247             9.47464            0.156821
                  24             9.41813             9.47228            0.150163
                  25             10.0669             9.49607            0.145982
                  26             8.93414             9.47445             0.14191
                  27             9.96078             9.49247            0.137736
                  28             10.7555             9.53757            0.140182
                  29             9.07594             9.52166            0.136195
                  30             9.70416             9.52774            0.131717
                  31             9.99086             9.54268             0.12827
                  32             9.80399             9.55084            0.124466
                  33             9.43223             9.54725            0.120688
                  34             9.00434             9.53128            0.118169
                  35             10.8875             9.57003            0.121109
                  36              10.464             9.59486            0.120287
                  37             8.14495             9.55567             0.12338
                  38             10.0055             9.56751            0.120671
                  39             8.99114             9.55273            0.118462
                  40             9.74698             9.55759            0.115564
