                   1           -0.966858           -0.966858                   0
                   2            -0.96716           -0.967009          0.00015132
                   3           -0.958782           -0.964267          0.00274386
                   4           -0.945276           -0.959519          0.00512884
                   5            -0.97014           -0.961643          0.00450502
                   6           -0.957509           -0.960954          0.00374231
                   7           -0.968431           -0.962022           0.0033383
                   8           -0.970001            -0.96302          0.00305825
                   9           -0.963822           -0.963109           0.0026986
                  10           -0.964369           -0.963235          0.00241698
                  11           -0.959345           -0.962881          0.00221466
                  12           -0.964614           -0.963025          0.00202685
                  13           -0.975644           -0.963996          0.00210197
                  14           -0.980283           -0.965159          0.00226726
                  15           -0.954136           -0.964425          0.00223499
                  16           -0.983484           -0.965616          0.00240621
                  17           -0.976406           -0.966251          0.00234767
                  18           -0.959511           -0.965876          0.00224485
                  19           -0.968934           -0.966037           0.0021295
                  20           -0.970586           -0.966265          0.00203299
                  21           -0.967322           -0.966315          0.00193441
                  22           -0.948469           -0.965504          0.00201489
                  23            -0.96864            -0.96564          0.00193012
                  24             -0.9607           -0.965434          0.00185938
                  25           -0.968106           -0.965541          0.00178665
                  26           -0.961072           -0.965369          0.00172515
                  27           -0.971877            -0.96561          0.00167743
                  28           -0.965521           -0.965607          0.00161642
                  29           -0.961373           -0.965461           0.0015665
                  30           -0.968363           -0.965558          0.00151647
                  31           -0.967499            -0.96562          0.00146808
                  32           -0.959114           -0.965417          0.00143592
                  33           -0.970768           -0.965579          0.00140115
                  34           -0.957161           -0.965332          0.00138168
                  35           -0.978185           -0.965699          0.00139097
                  36           -0.964895           -0.965677          0.00135197
                  37           -0.954253           -0.965368          0.00135068
                  38           -0.970474           -0.965502           0.0013215
                  39            -0.97115           -0.965647          0.00129529
                  40           -0.964222           -0.965611            0.001263
                   1           -0.969191           -0.969191                   0
                   2           -0.966936           -0.968063          0.00112756
                   3           -0.958795           -0.964974          0.00315737
                   4           -0.945229           -0.960038          0.00541751
                   5             -0.9703            -0.96209          0.00467141
                   6           -0.957318           -0.961295          0.00389622
                   7            -0.96851           -0.962325          0.00345045
                   8           -0.970078           -0.963295          0.00314141
                   9           -0.963824           -0.963353          0.00277109
                  10           -0.964239           -0.963442          0.00248012
                  11           -0.959642           -0.963096           0.0022698
                  12           -0.964823            -0.96324          0.00207702
                  13           -0.975927           -0.964216          0.00214538
                  14           -0.980206           -0.965358           0.0022912
                  15           -0.954092           -0.964607          0.00226136
                  16           -0.983307           -0.965776          0.00241672
                  17           -0.976437           -0.966403          0.00235514
                  18           -0.959492           -0.966019           0.0022534
                  19           -0.969026           -0.966178          0.00213737
                  20           -0.970891           -0.966413          0.00204134
                  21           -0.967073           -0.966445          0.00194195
                  22            -0.94869           -0.965638          0.00201981
                  23           -0.968724           -0.965772          0.00193466
                  24           -0.960891           -0.965568          0.00186343
                  25           -0.968124           -0.965671          0.00179026
                  26            -0.96103           -0.965492          0.00172926
                  27           -0.971917            -0.96573          0.00168091
                  28           -0.965512           -0.965722          0.00161978
                  29           -0.961585            -0.96558          0.00156943
                  30           -0.968322           -0.965671          0.00151896
                  31           -0.967276           -0.965723          0.00147006
                  32           -0.958901            -0.96551          0.00143926
                  33           -0.970768           -0.965669          0.00140403
                  34           -0.957084           -0.965416          0.00138532
                  35            -0.97805           -0.965777          0.00139274
                  36           -0.964746           -0.965749           0.0013538
                  37           -0.954361           -0.965441           0.0013522
                  38           -0.970521           -0.965575          0.00132291
                  39           -0.971337           -0.965722          0.00129698
                  40           -0.963941           -0.965678          0.00126493
