                   1             3.52223             3.52223                   0
                   2             3.48578             3.50401           0.0182287
                   3             3.46328             3.49043           0.0171782
                   4             3.55303             3.50608           0.0198112
                   5             3.24371             3.45361           0.0546715
                   6             3.47636              3.4574           0.0447998
                   7             3.50789             3.46461           0.0385436
                   8             3.67298             3.49066           0.0423393
                   9             3.38311             3.47871           0.0392051
                  10             3.61921             3.49276           0.0377762
                  11             3.77378             3.51831           0.0426648
                  12             3.35907             3.50504           0.0411458
                  13             3.54308             3.50796           0.0379616
                  14             3.48675             3.50645           0.0351782
                  15             3.35818             3.49656           0.0342084
                  16             3.67727             3.50786           0.0339337
                  17             3.60003             3.51328            0.032333
                  18             3.61291             3.51881           0.0309822
                  19              3.6276             3.52454           0.0298603
                  20             3.35542             3.51608           0.0295632
                  21             3.54813             3.51761           0.0281616
                  22             3.68849             3.52538           0.0279518
                  23             3.55693             3.52675           0.0267441
                  24             3.22926             3.51435            0.028448
                  25             3.52271             3.51469           0.0272884
                  26             3.86004             3.52797           0.0293907
                  27             3.58057             3.52992           0.0283482
                  28             3.52475             3.52973           0.0273177
                  29              3.5645             3.53093           0.0263861
                  30              3.6267             3.53412           0.0256905
                  31             3.78246             3.54214           0.0261073
                  32             3.47337             3.53999           0.0253695
                  33             3.27751             3.53203           0.0258431
                  34             3.64149             3.53525           0.0252773
                  35             3.44718             3.53274           0.0246731
                  36             3.84803             3.54149           0.0255274
                  37             3.61429             3.54346           0.0249057
                  38             3.59584             3.54484           0.0242806
                  39             3.67028             3.54806           0.0238675
                  40              3.2635             3.54094           0.0243266
                   1             3.51551             3.51551                   0
                   2             3.49144             3.50347           0.0120369
                   3             3.46173             3.48956           0.0155528
                   4             3.57641             3.51127           0.0243387
                   5             3.24828             3.45867           0.0558756
                   6             3.49921             3.46543           0.0461198
                   7             3.49741                3.47           0.0392451
                   8             3.67832             3.49604            0.042816
                   9              3.3719             3.48224           0.0402007
                  10             3.61292             3.49531           0.0382575
                  11             3.76075             3.51944            0.042188
                  12             3.35237             3.50552           0.0409516
                  13             3.54211             3.50833            0.037775
                  14              3.4899             3.50702           0.0349977
                  15             3.33099             3.49528             0.03463
                  16             3.67857             3.50674           0.0343593
                  17             3.59782              3.5121           0.0327167
                  18             3.60951             3.51751           0.0313167
                  19             3.63374             3.52363           0.0302477
                  20             3.36321              3.5156           0.0297954
                  21             3.55792             3.51762           0.0284126
                  22             3.69513             3.52569           0.0282664
                  23             3.56381             3.52735           0.0270603
                  24             3.22573             3.51478           0.0287954
                  25             3.51278              3.5147           0.0276197
                  26             3.86547             3.52819           0.0297689
                  27             3.57642             3.52998           0.0287008
                  28             3.51762             3.52953           0.0276603
                  29             3.54982             3.53023           0.0266986
                  30             3.60288             3.53266           0.0259067
                  31             3.75107              3.5397           0.0260289
                  32             3.49443             3.53829            0.025242
                  33             3.27901             3.53043           0.0256958
                  34             3.62712             3.53327           0.0250902
                  35             3.45115             3.53093           0.0244756
                  36             3.84415             3.53963           0.0253274
                  37             3.61957             3.54179           0.0247279
                  38             3.61729             3.54378           0.0241502
                  39             3.66891             3.54698           0.0237407
                  40              3.2945             3.54067            0.023985
