                   1            0.276456            0.276456                   0
                   2            0.265728            0.271092            0.005364
                   3            0.272701            0.271629            0.003143
                   4            0.261151            0.269009          0.00343513
                   5            0.273055            0.269819          0.00278115
                   6            0.270755            0.269975          0.00227615
                   7            0.267718            0.269652          0.00195054
                   8            0.270641            0.269776          0.00169373
                   9            0.271459            0.269963          0.00150539
                  10            0.270235             0.26999          0.00134674
                  11            0.266197            0.269645          0.00126602
                  12            0.276106            0.270184          0.00127496
                  13            0.270862            0.270236          0.00117395
                  14             0.27794            0.270786          0.00121825
                  15            0.266529            0.270502           0.0011691
                  16            0.273186             0.27067          0.00110638
                  17            0.277773            0.271088          0.00112011
                  18            0.276567            0.271392          0.00109904
                  19            0.273751            0.271516          0.00104698
                  20            0.276963            0.271789          0.00102991
                  21             0.26825             0.27162         0.000994023
                  22            0.264699            0.271306         0.000998614
                  23            0.267895            0.271157         0.000965664
                  24            0.275557            0.271341          0.00094255
                  25            0.269112            0.271251         0.000908446
                  26            0.268059            0.271129         0.000881401
                  27            0.273775            0.271227         0.000853772
                  28             0.27447            0.271342         0.000830832
                  29            0.263625            0.271076         0.000844688
                  30              0.2817             0.27143         0.000889565
                  31            0.269656            0.271373         0.000862292
                  32             0.26068            0.271039         0.000899304
                  33            0.270415             0.27102         0.000871832
                  34            0.273812            0.271102         0.000849776
                  35            0.270201            0.271076         0.000825542
                  36             0.27478            0.271179         0.000808853
                  37            0.274125            0.271259         0.000790707
                  38            0.268148            0.271177         0.000773961
                  39            0.272112            0.271201         0.000754235
                  40            0.268297            0.271128         0.000738715
                   1            0.274229            0.274229                   0
                   2            0.265816            0.270023          0.00420676
                   3            0.269824            0.269956          0.00242968
                   4            0.272409             0.27057          0.00182418
                   5            0.271957            0.270847             0.00144
                   6            0.273346            0.271264          0.00124734
                   7            0.269295            0.270982          0.00109106
                   8            0.268017            0.270612            0.001015
                   9            0.271274            0.270685         0.000898164
                  10            0.267741            0.270391         0.000855595
                  11             0.27531            0.270838         0.000893812
                  12            0.274286            0.271125         0.000865054
                  13            0.273628            0.271318         0.000818699
                  14             0.27179            0.271352         0.000758719
                  15            0.271664            0.271372         0.000706636
                  16            0.270697             0.27133         0.000662343
                  17            0.277648            0.271702         0.000724717
                  18            0.277783             0.27204         0.000762235
                  19            0.273608            0.272122         0.000725708
                  20            0.280182            0.272525         0.000797744
                  21            0.271213            0.272463         0.000761373
                  22            0.264816            0.272115         0.000804854
                  23            0.266805            0.271884         0.000802975
                  24            0.270756            0.271837         0.000770227
                  25            0.268702            0.271712         0.000749342
                  26            0.266923            0.271528         0.000743136
                  27            0.267542             0.27138         0.000730162
                  28            0.275757            0.271536         0.000720758
                  29            0.273202            0.271594         0.000697828
                  30            0.284414            0.272021         0.000798193
                  31            0.276524            0.272166          0.00078556
                  32            0.265195            0.271949         0.000791202
                  33            0.267094            0.271801         0.000780834
                  34            0.270109            0.271752         0.000759155
                  35            0.272112            0.271762         0.000737218
                  36             0.26659            0.271618         0.000730708
                  37            0.273085            0.271658         0.000711789
                  38             0.27441             0.27173         0.000696579
                  39            0.269924            0.271684         0.000680062
                  40            0.272766            0.271711         0.000663394
