                   1             5.61259             5.61259                   0
                   2             5.54988             5.58124           0.0313559
                   3             5.59663             5.58637           0.0188163
                   4             5.49109             5.56255           0.0272842
                   5             5.33933              5.5179           0.0493939
                   6             5.48732             5.51281           0.0406508
                   7             5.65426             5.53302           0.0398585
                   8             5.68835             5.55243           0.0396046
                   9             5.71574             5.57058             0.03936
                  10             5.57126             5.57065           0.0352047
                  11              5.4629             5.56085           0.0333163
                  12             5.63099             5.56669           0.0309701
                  13             5.74968             5.58077           0.0317759
                  14             5.56349             5.57954           0.0294447
                  15             5.55942              5.5782           0.0274443
                  16               5.608             5.58006           0.0257393
                  17             5.69456             5.58679           0.0250984
                  18             5.46628              5.5801            0.024592
                  19             5.54728             5.57837           0.0233257
                  20             6.07446             5.60318           0.0332407
                  21             5.19998             5.58398           0.0369911
                  22             4.75376             5.54624           0.0516529
                  23             5.08178             5.52604           0.0533274
                  24             5.18885               5.512           0.0529548
                  25             5.55285             5.51363           0.0508188
                  26             5.45101             5.51122           0.0488845
                  27             5.09063             5.49564           0.0495513
                  28             5.23171             5.48622           0.0486703
                  29             5.79371             5.49682           0.0481442
                  30             5.50463             5.49708           0.0465124
                  31             5.71513             5.50411           0.0455335
                  32             5.82999              5.5143           0.0452485
                  33             5.46945             5.51294            0.043877
                  34             5.17631             5.50304           0.0437032
                  35             5.46275             5.50189           0.0424518
                  36              5.5781               5.504             0.04131
                  37             5.20874             5.49602           0.0409629
                  38             5.22437             5.48888           0.0405061
                  39             5.29723             5.48396           0.0397587
                  40             5.47673             5.48378           0.0387524
                   1             5.66578             5.66578                   0
                   2             5.54734             5.60656           0.0592164
                   3             5.59933             5.60415           0.0342734
                   4              5.5112             5.58091           0.0335758
                   5              5.3107             5.52687           0.0599759
                   6             5.48009             5.51907           0.0495868
                   7             5.64347             5.53685           0.0455208
                   8             5.68956             5.55594           0.0438007
                   9             5.70414              5.5724           0.0419919
                  10             5.55657             5.57082           0.0375921
                  11             5.49435             5.56387           0.0347066
                  12             5.67049             5.57275           0.0329049
                  13             5.75956             5.58712           0.0335059
                  14             5.57462             5.58623           0.0310333
                  15             5.57267             5.58532           0.0289046
                  16             5.58883             5.58554           0.0270386
                  17             5.68897             5.59163           0.0261169
                  18             5.47364             5.58507           0.0254809
                  19             5.52139             5.58172           0.0243344
                  20             6.07039             5.60615           0.0336144
                  21             5.18668             5.58618           0.0377004
                  22             4.76125             5.54868           0.0519435
                  23             5.11614             5.52988           0.0530771
                  24             5.20048             5.51615           0.0526383
                  25             5.56705             5.51819           0.0505299
                  26             5.45038             5.51558           0.0486175
                  27             5.10947             5.50054           0.0491408
                  28             5.25076             5.49162           0.0481862
                  29              5.7735             5.50134           0.0475001
                  30             5.49299             5.50106           0.0458903
                  31             5.73416             5.50858           0.0450177
                  32             5.83995             5.51893           0.0448014
                  33             5.48626             5.51794           0.0434339
                  34             5.15433             5.50725            0.043473
                  35             5.47889             5.50644           0.0422204
                  36             5.58919             5.50874           0.0410952
                  37             5.20025              5.5004           0.0408294
                  38             5.26619             5.49424           0.0402155
                  39             5.29028             5.48901           0.0395183
                  40             5.49388             5.48913           0.0385179
