                   1            0.137474            0.137474                   0
                   2            0.137598            0.137536         6.18699e-05
                   3            0.137545            0.137539         3.58382e-05
                   4            0.136745            0.137341         0.000200023
                   5            0.139912            0.137855         0.000537032
                   6            0.139594            0.138145         0.000525637
                   7            0.137557            0.138061         0.000452104
                   8            0.138504            0.138116         0.000395442
                   9            0.136476            0.137934         0.000393516
                  10            0.136011            0.137742         0.000401052
                  11            0.139129            0.137868         0.000384053
                  12            0.136464            0.137751         0.000369582
                  13            0.132374            0.137337         0.000535391
                  14             0.13772            0.137365          0.00049643
                  15            0.136926            0.137335         0.000463074
                  16            0.136577            0.137288          0.00043575
                  17            0.138515             0.13736         0.000415634
                  18            0.133723            0.137158         0.000440899
                  19            0.139747            0.137294         0.000438751
                  20            0.134051            0.137132         0.000446702
                  21            0.134444            0.137004         0.000443757
                  22            0.137559            0.137029         0.000423856
                  23            0.137736             0.13706         0.000406172
                  24            0.135681            0.137003         0.000393101
                  25            0.139862            0.137117         0.000394016
                  26            0.140986            0.137266         0.000406761
                  27            0.136156            0.137225          0.00039356
                  28            0.137346            0.137229         0.000379268
                  29            0.139029            0.137291         0.000371185
                  30            0.139627            0.137369         0.000366956
                  31            0.136236            0.137332         0.000356799
                  32            0.134929            0.137257         0.000353536
                  33            0.138609            0.137298         0.000345096
                  34            0.139177            0.137354          0.00033932
                  35            0.134446             0.13727         0.000339793
                  36            0.136255            0.137242         0.000331421
                  37            0.136682            0.137227         0.000322695
                  38            0.136566             0.13721         0.000314569
                  39            0.137612             0.13722         0.000306571
                  40             0.13486            0.137161         0.000304579
                   1            0.134799            0.134799                   0
                   2            0.138035            0.136417          0.00161816
                   3            0.138989            0.137274          0.00126788
                   4            0.140271            0.138023          0.00116827
                   5            0.137539            0.137927         0.000910102
                   6            0.140003            0.138273         0.000819707
                   7            0.136455            0.138013         0.000739841
                   8            0.135734            0.137728         0.000701217
                   9            0.136058            0.137542         0.000645667
                  10             0.13847            0.137635         0.000584902
                  11            0.138674             0.13773         0.000537431
                  12             0.13633            0.137613         0.000504278
                  13             0.13599            0.137488         0.000480367
                  14             0.13594            0.137378         0.000458273
                  15            0.138438            0.137448         0.000432447
                  16            0.136858            0.137411         0.000406199
                  17            0.138359            0.137467         0.000385609
                  18             0.13239            0.137185          0.00046015
                  19            0.141127            0.137393          0.00048218
                  20            0.140771            0.137561         0.000487637
                  21            0.134237            0.137403         0.000490112
                  22            0.134685             0.13728         0.000483357
                  23            0.136796            0.137259         0.000462341
                  24            0.132998            0.137081          0.00047693
                  25            0.139134            0.137163          0.00046477
                  26            0.140292            0.137284         0.000462468
                  27            0.136222            0.137244         0.000446744
                  28             0.14051            0.137361         0.000446011
                  29            0.140233             0.13746         0.000441604
                  30            0.139152            0.137516         0.000430342
                  31            0.138255             0.13754         0.000416911
                  32            0.135681            0.137482         0.000407832
                  33            0.140115            0.137562         0.000403251
                  34            0.141319            0.137672         0.000406519
                  35            0.132285            0.137518         0.000423685
                  36            0.136161            0.137481         0.000413472
                  37            0.137944            0.137493         0.000402337
                  38            0.134958            0.137426         0.000397246
                  39            0.136357            0.137399         0.000387897
                  40            0.134985            0.137339         0.000382861
