                   1            0.352883            0.352883                   0
                   2            0.332068            0.342475           0.0104073
                   3            0.362984            0.349312          0.00910143
                   4            0.345517            0.348363          0.00650523
                   5             0.35003            0.348696          0.00504996
                   6            0.353887            0.349561          0.00421305
                   7            0.352428            0.349971          0.00358414
                   8            0.355478            0.350659          0.00317939
                   9             0.34675            0.350225          0.00283741
                  10            0.354668            0.350669          0.00257646
                  11            0.355225            0.351083            0.002367
                  12            0.353223            0.351262          0.00216811
                  13            0.341184            0.350486          0.00213973
                  14            0.343948            0.350019          0.00203531
                  15            0.346361            0.349776           0.0019104
                  16            0.348814            0.349715          0.00178803
                  17            0.354543            0.349999          0.00170339
                  18            0.351034            0.350057            0.001607
                  19            0.358338            0.350493          0.00158133
                  20            0.366024            0.351269          0.00168926
                  21            0.354983            0.351446          0.00161651
                  22            0.347858            0.351283          0.00154988
                  23            0.356351            0.351503          0.00149727
                  24            0.342287            0.351119          0.00148407
                  25            0.351704            0.351143          0.00142366
                  26            0.349022            0.351061          0.00137024
                  27            0.349333            0.350997          0.00132007
                  28            0.354717             0.35113          0.00127897
                  29            0.344399            0.350898          0.00125571
                  30            0.342387            0.350614          0.00124586
                  31            0.353833            0.350718          0.00120947
                  32            0.339701            0.350374          0.00122062
                  33            0.345085            0.350214          0.00119386
                  34             0.35477            0.350348          0.00116594
                  35              0.3443            0.350175          0.00114525
                  36            0.362738            0.350524          0.00116641
                  37             0.36678            0.350963          0.00121655
                  38            0.349474            0.350924          0.00118476
                  39            0.351572            0.350941           0.0011541
                  40            0.343041            0.350743          0.00114208
                   1            0.357657            0.357657                   0
                   2            0.333911            0.345784           0.0118728
                   3             0.35933            0.350299          0.00820829
                   4              0.3441             0.34875           0.0060075
                   5            0.354649            0.349929          0.00480062
                   6            0.350572            0.350036          0.00392115
                   7            0.349268            0.349927           0.0033158
                   8            0.347243            0.349591           0.0028911
                   9              0.3492            0.349548          0.00255008
                  10            0.360911            0.350684          0.00254823
                  11            0.354546            0.351035          0.00233155
                  12             0.35546            0.351404           0.0021601
                  13            0.345763             0.35097          0.00203382
                  14            0.347818            0.350745          0.00189636
                  15            0.350508            0.350729          0.00176549
                  16            0.355814            0.351047          0.00168176
                  17            0.348009            0.350868          0.00158981
                  18            0.353485            0.351014          0.00150593
                  19            0.351489            0.351039          0.00142468
                  20            0.364946            0.351734          0.00151997
                  21             0.35429            0.351856           0.0014509
                  22            0.339536            0.351296          0.00149243
                  23            0.348168             0.35116          0.00143253
                  24            0.340323            0.350708          0.00144396
                  25            0.352628            0.350785          0.00138712
                  26            0.346774            0.350631           0.0013416
                  27            0.350194            0.350615          0.00129106
                  28            0.355592            0.350792          0.00125673
                  29            0.346136            0.350632          0.00122321
                  30            0.343165            0.350383          0.00120766
                  31            0.350097            0.350374          0.00116809
                  32            0.343667            0.350164          0.00115025
                  33            0.341494            0.349901          0.00114539
                  34            0.357916            0.350137          0.00113591
                  35            0.344564            0.349978          0.00111442
                  36            0.359354            0.350238           0.0011139
                  37            0.361666            0.350547          0.00112654
                  38            0.351658            0.350576          0.00109688
                  39            0.350249            0.350568          0.00106842
                  40            0.347529            0.350492          0.00104413
