                   1            0.148216            0.148216                   0
                   2            0.159656            0.153936             0.00572
                   3            0.144968            0.150947          0.00445446
                   4            0.150576            0.150854          0.00315114
                   5            0.129032             0.14649          0.00500058
                   6            0.188544            0.153499          0.00811157
                   7            0.170028             0.15586           0.0072508
                   8            0.135072            0.153262          0.00679579
                   9            0.161904            0.154222          0.00606977
                  10            0.191876            0.157987          0.00660697
                  11            0.148844            0.157156          0.00603376
                  12            0.133696            0.155201           0.0058447
                  13            0.144744            0.154397          0.00543619
                  14            0.137692            0.153203          0.00517243
                  15            0.140032            0.152325          0.00489468
                  16            0.160116            0.152812          0.00460438
                  17             0.16034            0.153255          0.00434767
                  18            0.201404             0.15593          0.00489462
                  19            0.157636             0.15602          0.00463071
                  20            0.163952            0.156416          0.00441095
                  21            0.170768              0.1571          0.00425094
                  22             0.13508            0.156099          0.00417487
                  23             0.12122            0.154582          0.00426774
                  24            0.094144            0.152064          0.00479974
                  25            0.128132            0.151107          0.00470222
                  26             0.14442             0.15085          0.00452506
                  27            0.186844            0.152183          0.00455375
                  28              0.1579            0.152387          0.00439285
                  29             0.13724            0.151865          0.00427073
                  30             0.08714            0.149707          0.00465596
                  31             0.17318            0.150464          0.00456648
                  32            0.190972             0.15173          0.00459911
                  33             0.12876            0.151034          0.00451159
                  34            0.150156            0.151008          0.00437696
                  35            0.159096            0.151239          0.00425634
                  36            0.156384            0.151382          0.00413889
                  37            0.158564            0.151576          0.00403015
                  38            0.206824             0.15303          0.00418342
                  39            0.164432            0.153323          0.00408522
                  40            0.107708            0.152182          0.00414186
                   1            0.145116            0.145116                   0
                   2             0.15936            0.152238            0.007122
                   3            0.145212            0.149896          0.00473208
                   4             0.15024            0.149982          0.00334719
                   5            0.129396            0.145865          0.00486555
                   6            0.188728            0.153009          0.00817418
                   7            0.170468            0.155503           0.0073449
                   8             0.13532             0.15298          0.00684291
                   9            0.160576            0.153824          0.00609362
                  10            0.191912            0.157633          0.00664926
                  11            0.148708            0.156821          0.00606896
                  12            0.133316            0.154863          0.00587626
                  13             0.14462            0.154075          0.00546249
                  14            0.137804            0.152913          0.00518911
                  15            0.140776            0.152103          0.00489809
                  16            0.159496            0.152566          0.00460498
                  17            0.160088            0.153008           0.0043482
                  18              0.2025            0.155758          0.00493621
                  19              0.1582            0.155886          0.00467095
                  20            0.163556             0.15627          0.00444782
                  21            0.170812            0.156962          0.00428702
                  22            0.134744            0.155952          0.00421042
                  23            0.120844            0.154426          0.00430304
                  24            0.094252            0.151919           0.0048228
                  25            0.129344            0.151016          0.00471318
                  26            0.143856             0.15074          0.00453664
                  27            0.186184            0.152053          0.00455849
                  28             0.15802            0.152266          0.00439784
                  29              0.1382            0.151781          0.00427111
                  30            0.087152            0.149627          0.00465481
                  31            0.173612              0.1504          0.00456815
                  32            0.191632            0.151689          0.00460694
                  33            0.128472            0.150985          0.00452024
                  34            0.150948            0.150984          0.00438528
                  35              0.1591            0.151216          0.00426445
                  36            0.155404            0.151332          0.00414594
                  37            0.158748            0.151533           0.0040373
                  38            0.207332            0.153001          0.00419501
                  39            0.164648              0.1533          0.00409693
                  40            0.107264            0.152149          0.00415574
