                   1            0.033224            0.033224                   0
                   2            0.031432            0.032328            0.000896
                   3            0.048308           0.0376547          0.00535173
                   4             0.02834            0.035326          0.00444333
                   5             0.03322           0.0349048          0.00346747
                   6            0.047196           0.0369533          0.00349457
                   7            0.032076           0.0362566          0.00303453
                   8            0.025532            0.034916          0.00295015
                   9            0.033352           0.0347422          0.00260759
                  10            0.030468           0.0343148          0.00237114
                  11            0.042896           0.0350949          0.00228224
                  12            0.040276           0.0355267          0.00212766
                  13            0.028652           0.0349978          0.00202735
                  14            0.032768           0.0348386          0.00188371
                  15            0.027488           0.0343485          0.00182082
                  16            0.038996            0.034639          0.00172781
                  17             0.02806            0.034252          0.00166849
                  18            0.031388           0.0340929           0.0015811
                  19            0.025496           0.0336404          0.00156252
                  20            0.032028           0.0335598          0.00148452
                  21            0.021048            0.032964          0.00153261
                  22            0.043416           0.0334391          0.00153658
                  23             0.03578           0.0335409          0.00147178
                  24            0.018272           0.0329047          0.00154608
                  25             0.03756           0.0330909          0.00149459
                  26            0.049528           0.0337231          0.00156897
                  27            0.036356           0.0338206          0.00151288
                  28            0.039484           0.0340229          0.00147182
                  29            0.025104           0.0337153          0.00145308
                  30            0.030304           0.0336016           0.0014084
                  31            0.032048           0.0335515          0.00136313
                  32            0.036776           0.0336522          0.00132369
                  33            0.040888           0.0338715          0.00130155
                  34            0.032744           0.0338384          0.00126313
                  35            0.027532           0.0336582          0.00123967
                  36            0.023688           0.0333812          0.00123617
                  37             0.03404            0.033399          0.00120243
                  38            0.030596           0.0333253          0.00117268
                  39            0.023488            0.033073          0.00116973
                  40            0.058752            0.033715          0.00130843
                   1            0.034208            0.034208                   0
                   2            0.031408            0.032808              0.0014
                   3            0.047104           0.0375733           0.0048334
                   4            0.028668            0.035347           0.0040789
                   5            0.033964           0.0350704          0.00317159
                   6            0.046572           0.0369873           0.0032219
                   7            0.030748            0.036096          0.00286517
                   8             0.02478           0.0346815          0.00285617
                   9            0.032876           0.0344809          0.00252688
                  10            0.030212            0.034054          0.00230007
                  11            0.044032           0.0349611          0.00226964
                  12            0.040408            0.035415          0.00212103
                  13            0.027892           0.0348363          0.00203507
                  14             0.03236           0.0346594           0.0018924
                  15            0.026492           0.0341149          0.00184395
                  16             0.03864           0.0343978          0.00174789
                  17            0.027928           0.0340172          0.00168539
                  18            0.031572           0.0338813          0.00159479
                  19            0.024624           0.0333941          0.00158526
                  20            0.032564           0.0333526          0.00150448
                  21            0.020968           0.0327629           0.0015478
                  22            0.042708           0.0332149          0.00154345
                  23            0.036864           0.0333736          0.00148333
                  24             0.01812            0.032738          0.00155591
                  25             0.03796           0.0329469          0.00150692
                  26            0.048116           0.0335303          0.00156094
                  27             0.03612           0.0336262          0.00150507
                  28            0.039624           0.0338404          0.00146606
                  29            0.026636            0.033592          0.00143625
                  30            0.030244           0.0334804          0.00139203
                  31            0.031276           0.0334093          0.00134825
                  32             0.03846           0.0335671          0.00131495
                  33            0.042012            0.033823          0.00129992
                  34            0.031736           0.0337616           0.0012626
                  35            0.027384           0.0335794          0.00123946
                  36            0.023384           0.0332962          0.00123738
                  37            0.032992            0.033288           0.0012035
                  38              0.0299           0.0331988          0.00117479
                  39            0.022792            0.032932          0.00117498
                  40            0.058604           0.0335738           0.0013128
