                   1             13.3644             13.3644                   0
                   2             15.7483             14.5564             1.19194
                   3              11.892             13.6683             1.12353
                   4             10.3391              12.836             1.15059
                   5             15.3681             13.3424             1.02508
                   6             13.1567             13.3115            0.837545
                   7             12.5547             13.2033            0.716061
                   8             12.7428             13.1458            0.622793
                   9             13.2092             13.1528            0.549297
                  10             15.5964             13.3972            0.548717
                  11             14.6974             13.5154            0.510214
                  12              14.626             13.6079            0.474867
                  13             12.7918             13.5452            0.441302
                  14             11.2391             13.3804            0.440521
                  15             12.8183              13.343            0.411811
                  16             14.1917              13.396             0.38885
                  17             14.1036             13.4376            0.367625
                  18             14.2685             13.4838             0.34966
                  19             13.0089             13.4588            0.331688
                  20              13.102              13.441            0.315173
                  21             13.5745             13.4473            0.299856
                  22             11.7879             13.3719            0.295684
                  23             12.7225             13.3437            0.283943
                  24             14.6301             13.3973            0.277089
                  25             12.5085             13.3617            0.268142
                  26             12.6693             13.3351            0.258995
                  27             11.5674             13.2696            0.257674
                  28             14.2444             13.3044             0.25073
                  29             12.5739             13.2792            0.243238
                  30             14.6632             13.3254            0.239476
                  31             11.5644             13.2686            0.238486
                  32             12.5917             13.2474            0.231879
                  33             11.0018             13.1794            0.234819
                  34             16.4099             13.2744            0.246829
                  35             13.9728             13.2943            0.240502
                  36             12.9623             13.2851            0.233908
                  37             13.6591             13.2952            0.227723
                  38              14.755             13.3336            0.224953
                  39             12.1412             13.3031            0.221232
                  40             11.4281             13.2562            0.220666
                   1             12.8995             12.8995                   0
                   2             15.7549             14.3272             1.42769
                   3              11.899             13.5178             1.15522
                   4             10.3323             12.7214             1.14082
                   5             15.3703             13.2512             1.03031
                   6              13.168             13.2373            0.841356
                   7             12.5541             13.1397            0.717742
                   8             12.7669             13.0931            0.623328
                   9             13.1856             13.1034             0.54982
                  10              15.614             13.3545            0.552154
                  11             14.7046             13.4772            0.514304
                  12             14.6189             13.5723            0.479037
                  13             12.7883              13.512            0.444758
                  14             11.2522             13.3506            0.442273
                  15             12.8331             13.3161            0.413177
                  16             14.2152             13.3723            0.390555
                  17             14.1083             13.4156            0.369409
                  18                14.3             13.4647            0.351731
                  19              13.023             13.4415            0.333515
                  20             13.1185             13.4253            0.316812
                  21              13.546             13.4311            0.301404
                  22             11.8159             13.3577            0.296607
                  23              12.704             13.3292            0.284839
                  24             14.6627             13.3848            0.278315
                  25             12.5154               13.35            0.269206
                  26             12.6736              13.324             0.25995
                  27             11.5711             13.2591            0.258425
                  28             14.2676             13.2951            0.251616
                  29             12.5681               13.27            0.244076
                  30             14.6748             13.3169            0.240404
                  31             11.5792             13.2608             0.23918
                  32             12.6142             13.2406            0.232465
                  33             10.9915             13.1724            0.235393
                  34             16.4298             13.2683            0.247647
                  35             13.9806             13.2886            0.241327
                  36             12.9521             13.2793            0.234714
                  37              13.666             13.2897            0.228522
                  38             14.7529             13.3282            0.225735
                  39             12.1592             13.2982            0.221904
                  40             11.4539             13.2521            0.221146
