                   1             1.08433             1.08433                   0
                   2             1.14139             1.11286           0.0285291
                   3             1.10984             1.11185            0.016502
                   4             1.15147             1.12176           0.0153055
                   5             1.09204             1.11581           0.0132618
                   6             1.16826             1.12456           0.0139161
                   7             1.10973             1.12244           0.0119504
                   8             1.17593             1.12912           0.0123215
                   9             1.05778              1.1212           0.0134504
                  10             1.12065             1.12114           0.0120305
                  11             1.06023              1.1156           0.0122099
                  12             1.10329             1.11458           0.0111932
                  13             1.09224             1.11286           0.0104386
                  14             1.14323             1.11503          0.00990472
                  15             1.14347             1.11692          0.00941372
                  16             1.09313             1.11544          0.00893045
                  17             1.10835             1.11502          0.00839905
                  18             1.10175             1.11428          0.00795293
                  19             1.12626             1.11491          0.00754908
                  20             1.10529             1.11443          0.00717782
                  21             1.07114             1.11237          0.00713197
                  22             1.15854             1.11447          0.00711657
                  23             1.20326             1.11833          0.00781946
                  24             1.09242             1.11725          0.00756402
                  25             1.14733             1.11845          0.00735423
                  26              1.1639              1.1202          0.00727868
                  27             1.18383             1.12256          0.00738974
                  28             1.08711             1.12129          0.00723262
                  29             1.13655             1.12182          0.00699857
                  30             1.16717             1.12333          0.00692823
                  31             1.13038             1.12356          0.00670488
                  32             1.15253             1.12446          0.00655478
                  33              1.1637             1.12565          0.00646334
                  34             1.11575             1.12536          0.00627712
                  35              1.1362             1.12567          0.00610299
                  36             1.15011             1.12635          0.00596978
                  37              1.0909             1.12539           0.0058847
                  38               1.091             1.12449          0.00579882
                  39             1.14201             1.12494          0.00566603
                  40              1.1354              1.1252          0.00552875
                   1             1.09619             1.09619                   0
                   2             1.13926             1.11773           0.0215326
                   3              1.0982             1.11122           0.0140328
                   4             1.15661             1.12257           0.0150751
                   5             1.10298             1.11865           0.0123166
                   6             1.17619             1.12824           0.0138966
                   7             1.11055             1.12571           0.0120136
                   8             1.18442             1.13305           0.0127318
                   9             1.05827             1.12474           0.0139684
                  10             1.12887             1.12516           0.0125005
                  11             1.06327             1.11953           0.0126293
                  12             1.12426             1.11992           0.0115356
                  13             1.07687             1.11661           0.0111161
                  14             1.15401             1.11928           0.0106326
                  15             1.15694             1.12179           0.0102118
                  16             1.11464             1.12135          0.00956269
                  17             1.10135             1.12017          0.00905927
                  18             1.09465             1.11875          0.00865805
                  19             1.12437             1.11905          0.00819503
                  20             1.10521             1.11836          0.00780522
                  21             1.08172             1.11661          0.00762651
                  22             1.15113             1.11818          0.00743892
                  23             1.20452             1.12193          0.00803849
                  24             1.09006             1.12061          0.00781001
                  25             1.14084             1.12142          0.00753471
                  26             1.17341             1.12342          0.00751029
                  27             1.17108             1.12518          0.00743923
                  28             1.08122             1.12361          0.00733854
                  29             1.13295             1.12393          0.00708828
                  30             1.16043             1.12515          0.00695517
                  31             1.12644             1.12519          0.00672719
                  32             1.14578             1.12583          0.00654528
                  33             1.15438              1.1267          0.00640254
                  34             1.10951             1.12619          0.00623192
                  35             1.14039              1.1266          0.00606483
                  36             1.15156             1.12729          0.00593459
                  37              1.0815             1.12606          0.00590315
                  38             1.10039             1.12538          0.00578527
                  39             1.13388              1.1256          0.00563918
                  40             1.13418             1.12581          0.00550059
