                   1            0.461943            0.461943                   0
                   2             0.45444            0.458191          0.00375134
                   3            0.514563            0.476982           0.0189151
                   4            0.551501            0.495612           0.0229337
                   5             0.54993            0.506475           0.0208229
                   6            0.503728            0.506017            0.017008
                   7            0.481051            0.502451           0.0148102
                   8            0.534453            0.506451           0.0134354
                   9            0.462479            0.501565           0.0128167
                  10            0.499467            0.501355           0.0114655
                  11            0.471814             0.49867            0.010713
                  12             0.49706            0.498536          0.00978052
                  13            0.529315            0.500903           0.0093031
                  14            0.532378            0.503151          0.00890157
                  15             0.48277            0.501793          0.00839756
                  16            0.464842            0.499483          0.00818765
                  17            0.523948            0.500922          0.00782444
                  18            0.509646            0.501407          0.00739285
                  19            0.487958            0.500699          0.00702867
                  20            0.464999            0.498914          0.00690277
                  21            0.508748            0.499383          0.00658252
                  22            0.482582            0.498619          0.00632248
                  23             0.54531            0.500649          0.00637329
                  24            0.500096            0.500626          0.00610201
                  25            0.489914            0.500197           0.0058685
                  26            0.485892            0.499647          0.00566506
                  27            0.503775              0.4998          0.00545335
                  28            0.502388            0.499892          0.00525579
                  29            0.546071            0.501485          0.00531544
                  30            0.480131            0.500773           0.0051843
                  31            0.483764            0.500224           0.0050442
                  32            0.489078            0.499876          0.00489644
                  33            0.527144            0.500702          0.00481714
                  34            0.498366            0.500634          0.00467381
                  35            0.470505            0.499773          0.00461923
                  36            0.496133            0.499672          0.00449022
                  37            0.513613            0.500048           0.0043834
                  38            0.490225             0.49979          0.00427431
                  39             0.50569            0.499941          0.00416602
                  40            0.497546            0.499881          0.00406098
                   1            0.470738            0.470738                   0
                   2             0.45598            0.463359          0.00737871
                   3            0.518197            0.481638           0.0187691
                   4            0.552631            0.499386           0.0221616
                   5             0.55946            0.511401           0.0209532
                   6            0.504808            0.510302           0.0171435
                   7             0.47983            0.505949           0.0151287
                   8            0.530462            0.509013           0.0134554
                   9            0.460143            0.503583           0.0130499
                  10            0.497984            0.503023           0.0116856
                  11            0.466989            0.499747            0.011066
                  12            0.500675            0.499825           0.0101021
                  13            0.529433            0.502102          0.00956764
                  14            0.534799            0.504438          0.00916063
                  15            0.479454            0.502772          0.00868921
                  16            0.464396            0.500374          0.00847452
                  17            0.523341            0.501725          0.00807426
                  18            0.507895            0.502068           0.0076202
                  19            0.483288            0.501079          0.00727544
                  20            0.461264            0.499088          0.00718344
                  21            0.510496            0.499632          0.00685438
                  22            0.485423            0.498986          0.00656722
                  23            0.542455            0.500876          0.00655364
                  24            0.496139            0.500678          0.00627773
                  25             0.49595            0.500489          0.00602436
                  26             0.49079            0.500116          0.00580003
                  27            0.500208             0.50012          0.00558108
                  28            0.497572            0.500029          0.00537883
                  29             0.54144            0.501457           0.0053829
                  30            0.472593            0.500494          0.00528863
                  31            0.485544            0.500012          0.00513787
                  32            0.490341             0.49971          0.00498389
                  33            0.520815             0.50035          0.00487266
                  34            0.498701            0.500301          0.00472742
                  35            0.465338            0.499302           0.0046978
                  36            0.493792            0.499149          0.00456801
                  37            0.515968            0.499604          0.00446602
                  38            0.492341            0.499413          0.00435111
                  39             0.50777            0.499627          0.00424349
                  40            0.496332            0.499544          0.00413686
