                   1            0.170774            0.170774                   0
                   2             0.17002            0.170397         0.000376801
                   3            0.168272            0.169689          0.00074107
                   4            0.169823            0.169722         0.000525094
                   5             0.16943            0.169664         0.000410923
                   6             0.17001            0.169722          0.00034044
                   7            0.176229            0.170651         0.000973088
                   8             0.16802            0.170322         0.000904609
                   9             0.16729            0.169985         0.000866012
                  10            0.170959            0.170083         0.000780674
                  11            0.172868            0.170336         0.000750182
                  12            0.169629            0.170277         0.000687346
                  13            0.166439            0.169982         0.000697788
                  14            0.170489            0.170018         0.000647043
                  15             0.17101            0.170084         0.000605986
                  16            0.167045            0.169894         0.000597819
                  17            0.171456            0.169986         0.000569013
                  18            0.166648            0.169801         0.000567628
                  19            0.174166             0.17003         0.000584019
                  20            0.168617             0.16996         0.000558539
                  21            0.167226             0.16983         0.000546991
                  22            0.172346            0.169944         0.000533934
                  23            0.167431            0.169835         0.000521759
                  24            0.167801             0.16975         0.000506682
                  25            0.166558            0.169622         0.000502481
                  26            0.168687            0.169586         0.000484106
                  27            0.171458            0.169656         0.000470959
                  28            0.169557            0.169652         0.000453841
                  29             0.16695            0.169559         0.000447713
                  30            0.168001            0.169507         0.000435637
                  31            0.176737             0.16974         0.000481587
                  32            0.162747            0.169522         0.000514966
                  33            0.171343            0.169577         0.000502158
                  34            0.169978            0.169589         0.000487308
                  35              0.1674            0.169526         0.000477296
                  36            0.168421            0.169495         0.000464863
                  37            0.167216            0.169434         0.000456305
                  38            0.165267            0.169324         0.000457473
                  39             0.16925            0.169322         0.000445592
                  40            0.165084            0.169216         0.000447049
                   1            0.168823            0.168823                   0
                   2            0.169354            0.169089         0.000265188
                   3            0.169602             0.16926         0.000229628
                   4            0.170751            0.169633         0.000406754
                   5            0.168836            0.169473         0.000353103
                   6            0.173442            0.170135         0.000721606
                   7               0.173            0.170544         0.000734484
                   8            0.171509            0.170665          0.00064741
                   9            0.167494            0.170312         0.000670876
                  10            0.171386             0.17042         0.000609573
                  11            0.168959            0.170287         0.000567142
                  12             0.16987            0.170252          0.00051889
                  13            0.169318             0.17018         0.000482686
                  14            0.169271            0.170115         0.000451581
                  15            0.171735            0.170223         0.000434044
                  16               0.167            0.170022          0.00045325
                  17            0.170438            0.170046         0.000426459
                  18            0.170179            0.170054         0.000402137
                  19            0.172196            0.170167         0.000396736
                  20            0.170358            0.170176         0.000376499
                  21            0.167304            0.170039         0.000383356
                  22            0.169574            0.170018         0.000366126
                  23              0.1682            0.169939         0.000358667
                  24            0.164653            0.169719         0.000407959
                  25            0.166174            0.169577         0.000416205
                  26            0.171148            0.169638         0.000404418
                  27            0.171126            0.169693         0.000393036
                  28            0.175936            0.169916         0.000439505
                  29            0.171429            0.169968         0.000427277
                  30            0.172698            0.170059         0.000422702
                  31            0.174718            0.170209         0.000435592
                  32            0.165639            0.170066         0.000445283
                  33             0.17244            0.170138         0.000437531
                  34            0.170095            0.170137          0.00042447
                  35            0.168012            0.170076         0.000416611
                  36            0.167193            0.169996         0.000412717
                  37            0.168989            0.169969         0.000402329
                  38            0.168629            0.169934         0.000393183
                  39            0.169021             0.16991         0.000383683
                  40            0.161163            0.169692         0.000433216
