                   1             1.67581             1.67581                   0
                   2             1.77138              1.7236            0.047787
                   3             1.75498             1.73406           0.0295061
                   4             1.69679             1.72474           0.0228498
                   5             1.72042             1.72387           0.0177205
                   6             1.70019             1.71993           0.0149974
                   7             1.65755             1.71102           0.0154941
                   8             1.69699             1.70926           0.0135324
                   9             1.67511             1.70547           0.0125232
                  10             1.64806             1.69973           0.0125866
                  11             1.76995             1.70611           0.0130529
                  12             1.59366             1.69674           0.0151593
                  13             1.58521             1.68816           0.0163723
                  14             1.68982             1.68828           0.0151583
                  15             1.72071             1.69044           0.0142762
                  16             1.64693             1.68772           0.0136283
                  17             1.69251               1.688           0.0128047
                  18             1.73613             1.69068           0.0123649
                  19             1.57652             1.68467            0.013149
                  20             1.84138              1.6925           0.0147309
                  21             1.70441             1.69307           0.0140233
                  22             1.61923             1.68971           0.0137856
                  23             1.71967             1.69102           0.0132368
                  24             1.68286             1.69068           0.0126778
                  25             1.77774             1.69416           0.0126489
                  26             1.75792             1.69661           0.0123977
                  27             1.66793             1.69555           0.0119769
                  28             1.66167             1.69434           0.0116045
                  29             1.71801             1.69516           0.0112269
                  30             1.71736              1.6959           0.0108715
                  31             1.69018             1.69571           0.0105165
                  32              1.7192             1.69645            0.010209
                  33             1.70258             1.69663          0.00989656
                  34             1.62359             1.69448          0.00983851
                  35             1.63618             1.69282           0.0096974
                  36             1.69022             1.69275          0.00942446
                  37              1.6863             1.69257          0.00916786
                  38              1.7035             1.69286          0.00892797
                  39             1.61388             1.69083           0.0089287
                  40             1.68718             1.69074           0.0087031
                   1              1.6711              1.6711                   0
                   2             1.77664             1.72387           0.0527695
                   3             1.75823             1.73533           0.0325483
                   4             1.70489             1.72772           0.0242403
                   5             1.71918             1.72601           0.0188539
                   6             1.70479             1.72247           0.0157953
                   7             1.65945             1.71347           0.0161019
                   8             1.70655              1.7126           0.0139715
                   9             1.68619             1.70967           0.0126663
                  10             1.64067             1.70277            0.013265
                  11             1.75593              1.7076           0.0129354
                  12             1.59985             1.69862           0.0148344
                  13             1.57966             1.68947           0.0164302
                  14              1.6858             1.68921           0.0152137
                  15             1.73516             1.69227           0.0144906
                  16             1.65567             1.68999           0.0137464
                  17             1.68505              1.6897           0.0129158
                  18              1.7444             1.69273           0.0125507
                  19              1.5713             1.68634           0.0134829
                  20             1.86015             1.69503           0.0154638
                  21             1.70932             1.69571           0.0147247
                  22             1.62045             1.69229           0.0144503
                  23             1.71806             1.69341           0.0138531
                  24             1.68057             1.69288           0.0132741
                  25             1.76977             1.69595           0.0130983
                  26               1.761             1.69846           0.0128307
                  27             1.66567             1.69724            0.012406
                  28             1.67891             1.69659           0.0119726
                  29             1.71125             1.69709           0.0115634
                  30             1.72165             1.69791           0.0112013
                  31             1.66937             1.69699           0.0108729
                  32             1.72879             1.69798           0.0105745
                  33             1.71702             1.69856           0.0102653
                  34             1.62969             1.69654           0.0101627
                  35             1.63014             1.69464           0.0100487
                  36             1.66873             1.69392          0.00979208
                  37             1.69792             1.69403          0.00952437
                  38             1.71322             1.69453          0.00928409
                  39             1.62609             1.69278          0.00921164
                  40             1.68603             1.69261          0.00897998
