                   1             1.24104             1.24104                   0
                   2              1.2473             1.24417          0.00313127
                   3              1.2529             1.24708          0.00342535
                   4             1.23064             1.24297          0.00477035
                   5             1.23046             1.24047          0.00446213
                   6             1.27596             1.24638          0.00694697
                   7             1.17594             1.23632           0.0116502
                   8             1.18675             1.23012           0.0118399
                   9              1.2697             1.23452           0.0113298
                  10             1.22811             1.23388           0.0101539
                  11             1.21254             1.23194          0.00938718
                  12             1.27852             1.23582          0.00940754
                  13             1.21892             1.23452          0.00875084
                  14             1.24801             1.23549          0.00815876
                  15             1.28519              1.2388          0.00828666
                  16              1.2846             1.24166          0.00826318
                  17             1.28452             1.24418          0.00816107
                  18              1.2162             1.24263          0.00784985
                  19             1.20434             1.24061          0.00769375
                  20             1.18024             1.23759          0.00789855
                  21             1.21953             1.23673           0.0075621
                  22             1.20263             1.23518          0.00737498
                  23             1.22433             1.23471          0.00706283
                  24             1.22103             1.23414          0.00678613
                  25             1.23359             1.23412          0.00650906
                  26               1.186             1.23227          0.00652178
                  27             1.20967             1.23143          0.00633114
                  28             1.20524              1.2305          0.00617214
                  29             1.22409             1.23028           0.0059596
                  30             1.22312             1.23004          0.00576247
                  31             1.24672             1.23058           0.0055994
                  32             1.24165             1.23092          0.00543264
                  33             1.20274             1.23007          0.00533422
                  34             1.24062             1.23038          0.00518424
                  35             1.17463             1.22879          0.00527992
                  36             1.27062             1.22995          0.00526111
                  37             1.20309             1.22922          0.00516818
                  38             1.18993             1.22819          0.00513553
                  39              1.2754              1.2294          0.00514653
                  40             1.18275             1.22823          0.00514998
                   1             1.24915             1.24915                   0
                   2             1.25313             1.25114          0.00198896
                   3             1.24655             1.24961          0.00191382
                   4             1.25121             1.25001          0.00141116
                   5             1.24926             1.24986          0.00110325
                   6             1.27596             1.25421          0.00444223
                   7             1.16965             1.24213           0.0126494
                   8             1.18575             1.23508            0.013026
                   9             1.28153             1.24024           0.0125937
                  10             1.22953             1.23917            0.011315
                  11             1.20206              1.2358           0.0107766
                  12             1.28032             1.23951           0.0105142
                  13             1.22066             1.23806          0.00977977
                  14             1.24605             1.23863           0.0090723
                  15              1.2805             1.24142          0.00889526
                  16             1.28651             1.24424          0.00878497
                  17             1.28521             1.24665          0.00859683
                  18             1.22603              1.2455          0.00818568
                  19             1.21696               1.244          0.00788725
                  20             1.18797              1.2412          0.00798973
                  21             1.21591             1.23999          0.00769457
                  22             1.20246             1.23829          0.00753221
                  23             1.23351             1.23808          0.00720028
                  24             1.23708             1.23804          0.00689387
                  25               1.234             1.23788          0.00661434
                  26             1.17735             1.23555          0.00676787
                  27             1.20941             1.23458          0.00658394
                  28              1.2183               1.234          0.00637103
                  29             1.23307             1.23397           0.0061475
                  30             1.22845             1.23378          0.00594189
                  31             1.24677              1.2342          0.00576227
                  32             1.24225             1.23445          0.00558495
                  33             1.20662             1.23361          0.00547838
                  34              1.2365              1.2337          0.00531549
                  35             1.16869             1.23184          0.00548541
                  36             1.26936             1.23288          0.00543179
                  37             1.21051             1.23228          0.00531744
                  38             1.19527              1.2313          0.00526643
                  39              1.2857              1.2327          0.00531588
                  40             1.18958             1.23162          0.00529223
