                   1            0.113904            0.113904                   0
                   2            0.103076             0.10849            0.005414
                   3            0.074584            0.097188           0.0117263
                   4            0.113864            0.101357          0.00928081
                   5            0.124756            0.106037          0.00857791
                   6            0.087952            0.103023          0.00762487
                   7            0.102364            0.102929          0.00644488
                   8            0.136648            0.107144          0.00699414
                   9            0.135544            0.110299          0.00692858
                  10            0.076772            0.106946          0.00704591
                  11             0.11348             0.10754          0.00640088
                  12            0.078472            0.105118          0.00632539
                  13             0.09908            0.104654          0.00583702
                  14            0.116464            0.105497          0.00546948
                  15            0.132312            0.107285          0.00539651
                  16              0.1063            0.107223          0.00504834
                  17            0.099156            0.106749          0.00476578
                  18            0.159852            0.109699          0.00537518
                  19            0.069736            0.107596          0.00550229
                  20            0.112404            0.107836          0.00522546
                  21            0.068204            0.105949          0.00531664
                  22            0.111424            0.106198          0.00507532
                  23            0.156832            0.108399          0.00532593
                  24            0.110028            0.108467          0.00509964
                  25            0.135632            0.109554          0.00501064
                  26            0.130672            0.110366          0.00488211
                  27             0.13388            0.111237          0.00477786
                  28             0.13248            0.111995          0.00466615
                  29             0.11152            0.111979           0.0045024
                  30             0.10122             0.11162          0.00436449
                  31             0.14002            0.112537          0.00431962
                  32            0.118356            0.112718          0.00418641
                  33            0.115036            0.112789          0.00405817
                  34            0.092868            0.112203          0.00398036
                  35            0.115028            0.112283          0.00386581
                  36            0.124228            0.112615          0.00377151
                  37              0.0934            0.112096          0.00370474
                  38            0.092996            0.111593           0.0036408
                  39            0.144136            0.112428          0.00364306
                  40            0.140724            0.113135           0.0036206
                   1            0.115988            0.115988                   0
                   2            0.102336            0.109162            0.006826
                   3             0.07506           0.0977947           0.0120311
                   4             0.11374            0.101781          0.00939493
                   5            0.125016            0.106428          0.00863443
                   6              0.0863            0.103073          0.00780744
                   7             0.10254            0.102997          0.00659893
                   8             0.13724            0.107278          0.00714009
                   9            0.136348            0.110508          0.00707708
                  10            0.077368            0.107194          0.00714495
                  11            0.112512            0.107677          0.00648091
                  12               0.079            0.105287          0.00638066
                  13            0.098696             0.10478          0.00589121
                  14             0.11576            0.105565           0.0055103
                  15            0.132644             0.10737           0.0054382
                  16             0.10632            0.107304          0.00508739
                  17            0.099808            0.106863          0.00479907
                  18            0.159592            0.109793          0.00539011
                  19            0.068824            0.107636          0.00553575
                  20            0.111744            0.107842          0.00525568
                  21            0.068484            0.105968          0.00533892
                  22            0.111936            0.106239          0.00509769
                  23            0.157076            0.108449          0.00534903
                  24            0.111032            0.108557          0.00512244
                  25              0.1361            0.109659          0.00503528
                  26            0.130584            0.110463          0.00490423
                  27            0.134196            0.111342          0.00480026
                  28            0.132596            0.112101          0.00468751
                  29             0.11104            0.112065          0.00452314
                  30             0.10136            0.111708          0.00438431
                  31            0.140644            0.112641          0.00434204
                  32            0.118464            0.112823           0.0042081
                  33            0.114484            0.112874           0.0040789
                  34            0.092524            0.112275          0.00400212
                  35            0.115852            0.112377          0.00388743
                  36            0.123148            0.112677          0.00378973
                  37            0.093688            0.112163          0.00372144
                  38            0.092536            0.111647          0.00365883
                  39            0.144276            0.112483          0.00366067
                  40            0.140384            0.113181          0.00363552
