                   1             -0.7681             -0.7681                   0
                   2           -0.770409           -0.769255           0.0011544
                   3           -0.763963           -0.767491          0.00188551
                   4            -0.76686           -0.767333          0.00134257
                   5           -0.763285           -0.766523          0.00131799
                   6           -0.770771           -0.767231           0.0012881
                   7           -0.770161            -0.76765           0.0011663
                   8           -0.764469           -0.767252          0.00108546
                   9           -0.769662            -0.76752         0.000994032
                  10           -0.774446           -0.768213          0.00112699
                  11           -0.766801           -0.768084          0.00102745
                  12           -0.764946           -0.767823         0.000973706
                  13           -0.766255           -0.767702         0.000903762
                  14           -0.765658           -0.767556         0.000849366
                  15           -0.766617           -0.767493         0.000793193
                  16           -0.766682           -0.767443         0.000743694
                  17           -0.767655           -0.767455          0.00069869
                  18           -0.772204           -0.767719         0.000709599
                  19           -0.767985           -0.767733          0.00067136
                  20           -0.772071            -0.76795         0.000672828
                  21           -0.770143           -0.768054         0.000648454
                  22           -0.766142           -0.767967          0.00062436
                  23           -0.769912           -0.768052          0.00060256
                  24           -0.764011           -0.767884         0.000600977
                  25           -0.769131           -0.767933         0.000578591
                  26           -0.766656           -0.767884         0.000558059
                  27           -0.767937           -0.767886         0.000536996
                  28           -0.769038           -0.767927         0.000519094
                  29           -0.766937           -0.767893         0.000502038
                  30           -0.762135           -0.767701         0.000521617
                  31             -0.7694           -0.767756         0.000507476
                  32           -0.771763           -0.767881         0.000507068
                  33           -0.768647           -0.767905          0.00049201
                  34           -0.767475           -0.767892         0.000477487
                  35           -0.768462           -0.767908         0.000463929
                  36            -0.76752           -0.767897         0.000450988
                  37           -0.767499           -0.767887         0.000438761
                  38           -0.769216           -0.767922          0.00042849
                  39           -0.766433           -0.767883         0.000419102
                  40           -0.763786           -0.767781         0.000421137
                   1           -0.766862           -0.766862                   0
                   2           -0.770315           -0.768589          0.00172644
                   3           -0.763896           -0.767025          0.00185477
                   4           -0.767333           -0.767102          0.00131378
                   5           -0.763084           -0.766298          0.00129665
                   6           -0.770807            -0.76705          0.00129826
                   7           -0.769945           -0.767463          0.00117263
                   8            -0.76417           -0.767052          0.00109577
                   9           -0.769932           -0.767372          0.00101798
                  10            -0.77391           -0.768025          0.00112096
                  11           -0.766478           -0.767885          0.00102366
                  12           -0.764586            -0.76761         0.000974059
                  13            -0.76702           -0.767565          0.00089715
                  14           -0.765732           -0.767434          0.00084085
                  15           -0.766624            -0.76738          0.00078465
                  16           -0.767118           -0.767363         0.000734155
                  17           -0.767226           -0.767355         0.000689666
                  18           -0.772818           -0.767659         0.000717562
                  19           -0.768156           -0.767685          0.00067925
                  20           -0.772223           -0.767912         0.000683178
                  21           -0.769816           -0.768002         0.000656129
                  22           -0.765775           -0.767901         0.000633736
                  23           -0.769553           -0.767973         0.000609799
                  24           -0.764317           -0.767821         0.000603384
                  25           -0.769427           -0.767885         0.000582301
                  26           -0.766277           -0.767823         0.000562864
                  27           -0.768532           -0.767849         0.000542251
                  28           -0.769448           -0.767906         0.000525638
                  29           -0.767108           -0.767879         0.000507935
                  30           -0.762439           -0.767698         0.000523143
                  31           -0.769464           -0.767755         0.000509186
                  32           -0.771409           -0.767869         0.000506068
                  33           -0.769169           -0.767908         0.000492074
                  34           -0.767283            -0.76789         0.000477736
                  35           -0.768766           -0.767915          0.00046456
                  36           -0.767308           -0.767898         0.000451786
                  37           -0.767407           -0.767885         0.000439606
                  38           -0.769467           -0.767926         0.000429902
                  39           -0.766693           -0.767895         0.000419926
                  40           -0.762961           -0.767771         0.000427473
