                   1           -0.555535           -0.555535                   0
                   2           -0.556523           -0.556029          0.00049432
                   3           -0.558447           -0.556835         0.000854986
                   4           -0.555268           -0.556443         0.000720306
                   5           -0.553994           -0.555953         0.000742402
                   6           -0.555738           -0.555918          0.00060723
                   7           -0.558632           -0.556305           0.0006432
                   8           -0.558181            -0.55654         0.000604354
                   9           -0.557117           -0.556604         0.000536831
                  10           -0.560273           -0.556971         0.000604299
                  11           -0.553823           -0.556685         0.000617004
                  12           -0.553768           -0.556442         0.000613445
                  13           -0.554178           -0.556267         0.000590551
                  14           -0.550999           -0.555891         0.000663728
                  15           -0.557911           -0.556026         0.000632406
                  16           -0.558717           -0.556194         0.000615017
                  17            -0.55478           -0.556111         0.000583666
                  18           -0.557728           -0.556201         0.000557572
                  19           -0.556148           -0.556198         0.000527417
                  20           -0.557172           -0.556247         0.000502718
                  21           -0.552549           -0.556071          0.00050957
                  22           -0.552985            -0.55593         0.000505695
                  23           -0.556763           -0.555966         0.000484562
                  24           -0.553604           -0.555868         0.000474263
                  25           -0.555709           -0.555862         0.000454941
                  26           -0.554787            -0.55582         0.000439045
                  27           -0.554437           -0.555769         0.000425567
                  28           -0.557122           -0.555817         0.000412924
                  29           -0.555465           -0.555805         0.000398616
                  30            -0.55678           -0.555838         0.000386468
                  31           -0.558983           -0.555939         0.000387322
                  32           -0.555268           -0.555918          0.00037561
                  33           -0.553039           -0.555831          0.00037436
                  34            -0.55269           -0.555739         0.000374751
                  35           -0.554983           -0.555717         0.000364527
                  36           -0.559536           -0.555823         0.000369802
                  37           -0.553663           -0.555765         0.000364376
                  38           -0.558579           -0.555839         0.000362308
                  39           -0.557682           -0.555886         0.000356047
                  40           -0.553271           -0.555821         0.000353135
                   1           -0.554604           -0.554604                   0
                   2           -0.557559           -0.556081          0.00147764
                   3           -0.558792           -0.556985          0.00124271
                   4           -0.554234           -0.556297          0.00111578
                   5           -0.553513            -0.55574          0.00102811
                   6           -0.555138            -0.55564         0.000845435
                   7           -0.558078           -0.555988         0.000794918
                   8           -0.557733           -0.556206          0.00072215
                   9           -0.557212           -0.556318         0.000646605
                  10           -0.558469           -0.556533         0.000617038
                  11           -0.555046           -0.556398         0.000574275
                  12           -0.553619           -0.556166         0.000573127
                  13           -0.553784           -0.555983          0.00055815
                  14           -0.550781           -0.555612         0.000636478
                  15           -0.558036           -0.555773          0.00061418
                  16           -0.559291           -0.555993         0.000615146
                  17           -0.554745            -0.55592         0.000582472
                  18            -0.55945           -0.556116         0.000583124
                  19           -0.555517           -0.556084         0.000552481
                  20           -0.556227           -0.556091         0.000524178
                  21           -0.553278           -0.555957         0.000516273
                  22            -0.55111           -0.555737         0.000539311
                  23            -0.55682           -0.555784         0.000517476
                  24           -0.554825           -0.555744         0.000497056
                  25           -0.555294           -0.555726         0.000477099
                  26           -0.554776            -0.55569         0.000459836
                  27           -0.554715           -0.555654         0.000443947
                  28             -0.5579           -0.555734         0.000435257
                  29            -0.55531           -0.555719         0.000420234
                  30           -0.556796           -0.555755         0.000407567
                  31           -0.557864           -0.555823         0.000400028
                  32           -0.554836           -0.555792         0.000388553
                  33           -0.553305           -0.555717         0.000384064
                  34           -0.553367           -0.555648         0.000378952
                  35           -0.555119           -0.555633         0.000368276
                  36           -0.559137            -0.55573         0.000370902
                  37           -0.555278           -0.555718         0.000360946
                  38           -0.558841             -0.5558         0.000360806
                  39           -0.560033           -0.555909         0.000367815
                  40           -0.553552            -0.55585         0.000363309
