                   1             1.97236             1.97236                   0
                   2             1.90322             1.93779           0.0345739
                   3             1.89165             1.92241           0.0252001
                   4             1.90575             1.91824           0.0182994
                   5             1.89287             1.91317           0.0150559
                   6             1.95574             1.92026           0.0141934
                   7             1.98159             1.92902           0.0148541
                   8             1.95159             1.93184           0.0131698
                   9             1.98809             1.93809           0.0131891
                  10             1.83619              1.9279           0.0155888
                  11             1.90616             1.92593           0.0142385
                  12             1.98998             1.93127           0.0140513
                  13             1.99415              1.9361           0.0138009
                  14             1.80829             1.92697           0.0157035
                  15             2.01096             1.93257           0.0156547
                  16             1.85808             1.92792           0.0153659
                  17             1.86314             1.92411           0.0149282
                  18             1.98408             1.92744           0.0144635
                  19             1.90175             1.92609           0.0137477
                  20             1.89722             1.92464           0.0131218
                  21             1.84998             1.92109           0.0129778
                  22             1.94377             1.92212           0.0124168
                  23             1.84832             1.91891           0.0122909
                  24             1.89612             1.91796           0.0118058
                  25             1.98572             1.92067           0.0116436
                  26              1.9132             1.92038           0.0111905
                  27             1.79615             1.91578           0.0117099
                  28              1.8767             1.91439             0.01137
                  29             1.88816             1.91348           0.0110081
                  30              1.8407             1.91106           0.0109081
                  31               1.966             1.91283           0.0106982
                  32             1.83026             1.91025            0.010675
                  33             1.84713             1.90834           0.0105217
                  34             1.94208             1.90933           0.0102557
                  35             1.73681              1.9044           0.0111115
                  36             1.94803             1.90561           0.0108662
                  37             1.86744             1.90458           0.0106187
                  38             1.84097             1.90291           0.0104701
                  39             1.81889             1.90075           0.0104232
                  40             1.85509             1.89961           0.0102232
                   1              1.9747              1.9747                   0
                   2             1.90149             1.93809           0.0366038
                   3             1.88115             1.91911           0.0284056
                   4             1.90745              1.9162           0.0202964
                   5             1.88295             1.90955           0.0170699
                   6             1.94279             1.91509           0.0149983
                   7             1.98254             1.92472           0.0159225
                   8             1.95226             1.92817           0.0142124
                   9              1.9989             1.93603           0.0147945
                  10             1.83478              1.9259           0.0166616
                  11             1.89175              1.9228           0.0153874
                  12             1.97625             1.92725            0.014736
                  13             1.98684             1.93183           0.0143091
                  14             1.80761             1.92296           0.0159446
                  15             1.99817             1.92798           0.0156676
                  16             1.87198             1.92448           0.0150678
                  17             1.86236             1.92082           0.0146178
                  18             1.95769             1.92287           0.0139332
                  19             1.91019              1.9222           0.0131964
                  20              1.8885             1.92052           0.0126321
                  21             1.85315             1.91731           0.0124363
                  22             1.92704             1.91775           0.0118658
                  23             1.85095             1.91485           0.0117043
                  24             1.89602             1.91406           0.0112334
                  25             1.98455             1.91688           0.0111375
                  26             1.91966             1.91699           0.0107011
                  27             1.79776             1.91257           0.0112041
                  28             1.89185             1.91183           0.0108218
                  29             1.89516             1.91126           0.0104578
                  30             1.83897             1.90885           0.0103866
                  31             1.94065             1.90987           0.0100982
                  32             1.83253             1.90746           0.0100718
                  33              1.8543             1.90585          0.00989389
                  34             1.93901             1.90682          0.00964791
                  35             1.73636             1.90195           0.0105586
                  36             1.93692             1.90292            0.010307
                  37             1.89132             1.90261           0.0100295
                  38             1.83857             1.90092          0.00990637
                  39             1.84444             1.89948          0.00975713
                  40             1.86321             1.89857          0.00955319
