                   1           -0.810418           -0.810418                   0
                   2           -0.814232           -0.812325          0.00190712
                   3           -0.805291           -0.809981          0.00259033
                   4           -0.818515           -0.812114          0.00281191
                   5            -0.80738           -0.811167          0.00237498
                   6           -0.815682            -0.81192          0.00208005
                   7           -0.818181           -0.812814          0.00197244
                   8           -0.810486           -0.812523           0.0017328
                   9           -0.816645           -0.812981          0.00159535
                  10           -0.812275           -0.812911          0.00142867
                  11           -0.813886           -0.812999          0.00129532
                  12           -0.810186           -0.812765          0.00120548
                  13           -0.811694           -0.812683          0.00111194
                  14           -0.814062           -0.812781          0.00103416
                  15           -0.811741           -0.812712         0.000965247
                  16           -0.810101           -0.812549         0.000917537
                  17           -0.812605           -0.812552         0.000861883
                  18           -0.817509           -0.812827         0.000857994
                  19           -0.813459           -0.812861         0.000812262
                  20           -0.813061           -0.812871         0.000770645
                  21           -0.808471           -0.812661         0.000762376
                  22           -0.810176           -0.812548         0.000735619
                  23           -0.819563           -0.812853         0.000766219
                  24           -0.822126            -0.81324         0.000829116
                  25           -0.811508            -0.81317         0.000798271
                  26           -0.817424           -0.813334         0.000784213
                  27           -0.816068           -0.813435         0.000761373
                  28           -0.814131            -0.81346         0.000734098
                  29           -0.811106           -0.813379         0.000712968
                  30           -0.810262           -0.813275         0.000696586
                  31           -0.811194           -0.813208         0.000677076
                  32           -0.814339           -0.813243         0.000656528
                  33           -0.817185           -0.813363         0.000647437
                  34           -0.813901           -0.813378         0.000628306
                  35           -0.815991           -0.813453         0.000614641
                  36            -0.81009            -0.81336         0.000604586
                  37           -0.809497           -0.813255         0.000597217
                  38           -0.814257           -0.813282         0.000581885
                  39           -0.810698           -0.813215         0.000570627
                  40           -0.810713           -0.813153         0.000559686
                   1           -0.809859           -0.809859                   0
                   2           -0.814194           -0.812027          0.00216772
                   3           -0.805251           -0.809768          0.00258203
                   4           -0.818552           -0.811964          0.00285574
                   5           -0.807374           -0.811046          0.00239498
                   6           -0.815643           -0.811812          0.00210024
                   7           -0.818249           -0.812732          0.00199905
                   8           -0.810064           -0.812398          0.00176305
                   9           -0.816822            -0.81289          0.00163069
                  10           -0.812048           -0.812806          0.00146096
                  11           -0.813615           -0.812879          0.00132354
                  12           -0.810086           -0.812647          0.00123043
                  13           -0.812151           -0.812608          0.00113247
                  14           -0.814098           -0.812715          0.00105385
                  15           -0.812125           -0.812676         0.000981873
                  16           -0.810667            -0.81255         0.000926997
                  17           -0.812638           -0.812555         0.000870778
                  18           -0.817702           -0.812841         0.000869339
                  19           -0.813518           -0.812877         0.000823084
                  20           -0.812986           -0.812882         0.000780866
                  21           -0.808025           -0.812651         0.000777932
                  22           -0.810017           -0.812531          0.00075133
                  23           -0.819001           -0.812812         0.000771058
                  24           -0.822246           -0.813205         0.000836349
                  25           -0.811689           -0.813145         0.000804488
                  26           -0.817082           -0.813296          0.00078762
                  27           -0.816512           -0.813415          0.00076719
                  28           -0.814777           -0.813464          0.00074088
                  29           -0.811797           -0.813406         0.000717184
                  30           -0.809764           -0.813285         0.000703424
                  31           -0.810869           -0.813207         0.000684805
                  32           -0.814155           -0.813237         0.000663721
                  33           -0.817582           -0.813368         0.000656629
                  34           -0.813523           -0.813373          0.00063704
                  35           -0.817023           -0.813477         0.000627302
                  36           -0.809944           -0.813379         0.000617479
                  37           -0.809288           -0.813269          0.00061065
                  38            -0.81433           -0.813296         0.000595019
                  39           -0.810794           -0.813232         0.000583102
                  40           -0.810019           -0.813152         0.000573985
