                   1           -0.462628           -0.462628                   0
                   2           -0.463716           -0.463172          0.00054384
                   3           -0.462871           -0.463072         0.000329583
                   4            -0.46367           -0.463221          0.00027697
                   5           -0.459873           -0.462552          0.00070329
                   6           -0.463575           -0.462722         0.000599023
                   7           -0.463235           -0.462796         0.000511548
                   8           -0.462692           -0.462783         0.000443204
                   9           -0.463781           -0.462894         0.000406308
                  10           -0.463007           -0.462905         0.000363591
                  11           -0.462789           -0.462894          0.00032905
                  12           -0.461821           -0.462805         0.000313423
                  13           -0.463566           -0.462863         0.000294194
                  14           -0.461931           -0.462797         0.000280393
                  15           -0.465194           -0.462957         0.000306062
                  16           -0.462804           -0.462947         0.000286454
                  17           -0.463003            -0.46295         0.000269097
                  18           -0.462019           -0.462899          0.00025893
                  19           -0.465214            -0.46302         0.000273577
                  20           -0.461711           -0.462955          0.00026767
                  21           -0.460775           -0.462851         0.000274949
                  22           -0.462369           -0.462829         0.000263069
                  23           -0.464284           -0.462893         0.000259201
                  24           -0.462646           -0.462882         0.000248377
                  25           -0.462697           -0.462875          0.00023835
                  26           -0.464389           -0.462933         0.000236289
                  27           -0.464401           -0.462987         0.000233776
                  28           -0.463418           -0.463003         0.000225797
                  29            -0.46099           -0.462933         0.000228661
                  30            -0.46168           -0.462892         0.000224822
                  31           -0.459714           -0.462789         0.000240394
                  32           -0.463465            -0.46281         0.000233718
                  33            -0.46064           -0.462745         0.000235879
                  34           -0.459927           -0.462662          0.00024338
                  35           -0.461429           -0.462626         0.000238934
                  36           -0.463897           -0.462662         0.000234868
                  37           -0.461687           -0.462635         0.000229945
                  38            -0.46405           -0.462673         0.000226887
                  39            -0.46459           -0.462722         0.000226395
                  40             -0.4622           -0.462709         0.000221048
                   1           -0.461613           -0.461613                   0
                   2           -0.465952           -0.463783          0.00216984
                   3           -0.464983           -0.464183          0.00131512
                   4            -0.46479           -0.464335          0.00094226
                   5           -0.460048           -0.463477          0.00112602
                   6           -0.463004           -0.463398         0.000922765
                   7           -0.463611           -0.463429         0.000780469
                   8           -0.462269           -0.463284         0.000691278
                   9            -0.46438           -0.463406         0.000621689
                  10           -0.461787           -0.463244         0.000579137
                  11           -0.464455           -0.463354         0.000535295
                  12           -0.461831           -0.463227         0.000504874
                  13           -0.462798           -0.463194         0.000465588
                  14           -0.461079           -0.463043         0.000456748
                  15           -0.464818           -0.463161         0.000441375
                  16           -0.465003           -0.463276         0.000428623
                  17           -0.463484           -0.463289         0.000402807
                  18           -0.463883           -0.463322         0.000381203
                  19            -0.46285           -0.463297         0.000361434
                  20           -0.461015           -0.463183         0.000361373
                  21           -0.461026            -0.46308         0.000358746
                  22           -0.461267           -0.462998         0.000351835
                  23           -0.464335           -0.463056         0.000341182
                  24           -0.462857           -0.463047         0.000326762
                  25           -0.460849           -0.462959         0.000325525
                  26           -0.462976            -0.46296         0.000312755
                  27           -0.464963           -0.463034         0.000309957
                  28           -0.462647            -0.46302         0.000299002
                  29           -0.461893           -0.462982         0.000291114
                  30           -0.460681           -0.462905          0.00029151
                  31           -0.459266           -0.462788          0.00030541
                  32           -0.462126           -0.462767         0.000296433
                  33           -0.460233            -0.46269         0.000297396
                  34           -0.461137           -0.462644         0.000292109
                  35           -0.461349           -0.462607         0.000286044
                  36           -0.464136            -0.46265         0.000281211
                  37           -0.461932            -0.46263         0.000274191
                  38           -0.465448           -0.462705         0.000276985
                  39           -0.467886           -0.462837         0.000300732
                  40           -0.461946           -0.462815         0.000293964
