                   1            0.908337            0.908337                   0
                   2            0.869982             0.88916           0.0191774
                   3            0.886744            0.888355           0.0111013
                   4            0.895099            0.890041          0.00802885
                   5             0.89616            0.891264           0.0063384
                   6            0.908094            0.894069           0.0058865
                   7            0.896528            0.894421          0.00498739
                   8            0.869518            0.891308          0.00532402
                   9            0.917158             0.89418           0.0055042
                  10            0.888574             0.89362          0.00495492
                  11            0.909788            0.895089          0.00471677
                  12            0.888341            0.894527          0.00434237
                  13            0.881114            0.893495           0.0041255
                  14            0.889644             0.89322          0.00382937
                  15            0.896685            0.893451          0.00357243
                  16            0.884643            0.892901          0.00338674
                  17            0.874157            0.891798          0.00336693
                  18            0.891973            0.891808          0.00317439
                  19            0.907521            0.892635          0.00311448
                  20             0.88731            0.892369          0.00296663
                  21            0.904774            0.892959            0.002883
                  22            0.929165            0.894605          0.00320382
                  23            0.914955             0.89549          0.00318665
                  24            0.907584            0.895994          0.00309232
                  25              0.8867            0.895622          0.00298926
                  26            0.897744            0.895704          0.00287315
                  27            0.886316            0.895356          0.00278646
                  28            0.891204            0.895208          0.00268919
                  29            0.927627            0.896326          0.00282537
                  30             0.87586            0.895643          0.00281353
                  31            0.879913            0.895136          0.00276816
                  32            0.919852            0.895908          0.00278933
                  33            0.875102            0.895278          0.00277603
                  34            0.893293            0.895219          0.00269378
                  35            0.898192            0.895304          0.00261706
                  36            0.866587            0.894507          0.00266549
                  37            0.889952            0.894384          0.00259537
                  38            0.894718            0.894392          0.00252616
                  39            0.916357            0.894956          0.00252417
                  40            0.851037            0.893858          0.00269414
                   1            0.909191            0.909191                   0
                   2            0.870176            0.889683           0.0195076
                   3            0.886217            0.888528           0.0113218
                   4            0.892938             0.88963          0.00808133
                   5            0.890677             0.88984          0.00626327
                   6            0.903713            0.892152          0.00561234
                   7            0.891837            0.892107          0.00474351
                   8            0.875858            0.890076           0.0045827
                   9            0.919729            0.893371          0.00521438
                  10             0.88773            0.892806          0.00469788
                  11            0.898599            0.893333          0.00428189
                  12            0.899077            0.893812          0.00393801
                  13            0.875005            0.892365          0.00390064
                  14            0.891712            0.892318          0.00361159
                  15            0.899857            0.892821          0.00339957
                  16            0.883796            0.892257          0.00322964
                  17            0.875782            0.891288          0.00318475
                  18            0.889606            0.891194          0.00300406
                  19            0.908909            0.892127          0.00299062
                  20            0.883745            0.891708          0.00286793
                  21            0.891379            0.891692          0.00272799
                  22            0.929428            0.893407          0.00311569
                  23            0.914537            0.894326          0.00311566
                  24            0.898167            0.894486          0.00298731
                  25            0.882313            0.893999          0.00290641
                  26            0.905802            0.894453          0.00282905
                  27            0.885383            0.894117           0.0027429
                  28            0.880551            0.893633          0.00268717
                  29            0.936229            0.895101          0.00297999
                  30            0.864365            0.894077          0.00305582
                  31            0.885341            0.893795            0.002969
                  32            0.920124            0.894618          0.00299015
                  33            0.874995            0.894023           0.0029585
                  34            0.893728            0.894014          0.00287018
                  35            0.898744             0.89415          0.00279024
                  36            0.868665            0.893442          0.00280251
                  37            0.896514            0.893525          0.00272698
                  38            0.897765            0.893636          0.00265659
                  39            0.918573            0.894276           0.0026654
                  40            0.851964            0.893218          0.00280501
