                   1           -0.410644           -0.410644                   0
                   2           -0.411353           -0.410999          0.00035452
                   3           -0.409809           -0.410602         0.000446398
                   4           -0.409572           -0.410345         0.000407406
                   5           -0.405739           -0.409423         0.000973648
                   6            -0.40859           -0.409284         0.000807037
                   7           -0.409187           -0.409271         0.000682212
                   8           -0.408387            -0.40916         0.000601053
                   9           -0.409837           -0.409235         0.000535387
                  10           -0.410139           -0.409326         0.000487323
                  11           -0.412289           -0.409595         0.000516582
                  12           -0.409973           -0.409627          0.00047262
                  13           -0.411206           -0.409748         0.000451409
                  14           -0.410839           -0.409826         0.000425124
                  15           -0.410928           -0.409899         0.000402534
                  16           -0.407986            -0.40978         0.000395079
                  17           -0.408836           -0.409724         0.000375245
                  18           -0.407894           -0.409623          0.00036811
                  19           -0.412295           -0.409763         0.000375534
                  20            -0.40988           -0.409769         0.000356311
                  21           -0.408418           -0.409705         0.000344974
                  22           -0.410794           -0.409754         0.000332629
                  23           -0.409014           -0.409722         0.000319463
                  24           -0.408397           -0.409667         0.000310803
                  25           -0.410929           -0.409717         0.000302356
                  26            -0.40945           -0.409707         0.000290676
                  27           -0.411791           -0.409784         0.000290153
                  28           -0.410221             -0.4098         0.000280034
                  29           -0.411246            -0.40985         0.000274766
                  30           -0.411063            -0.40989          0.00026851
                  31           -0.409317           -0.409872         0.000260361
                  32           -0.411314           -0.409917         0.000256094
                  33           -0.407392            -0.40984         0.000259732
                  34           -0.408975           -0.409815         0.000253259
                  35           -0.408592            -0.40978         0.000248385
                  36           -0.410356           -0.409796         0.000241916
                  37           -0.410769           -0.409822         0.000236752
                  38           -0.409063           -0.409802         0.000231301
                  39           -0.410252           -0.409814         0.000225587
                  40           -0.409158           -0.409797         0.000220486
                   1           -0.409999           -0.409999                   0
                   2           -0.412743           -0.411371          0.00137204
                   3           -0.410047            -0.41093         0.000906747
                   4           -0.409437           -0.410556         0.000741862
                   5           -0.405732           -0.409592          0.00112312
                   6           -0.408299           -0.409376         0.000942001
                   7           -0.409355           -0.409373         0.000796142
                   8           -0.407179           -0.409099         0.000742043
                   9           -0.409922            -0.40919         0.000660785
                  10           -0.409824           -0.409254         0.000594413
                  11           -0.411059           -0.409418         0.000562156
                  12           -0.409647           -0.409437         0.000513533
                  13           -0.411644           -0.409607          0.00050197
                  14           -0.409934            -0.40963         0.000465321
                  15           -0.410528            -0.40969         0.000437308
                  16            -0.41025           -0.409725          0.00041056
                  17           -0.408176           -0.409634         0.000396276
                  18           -0.409923            -0.40965         0.000373958
                  19           -0.410959           -0.409719         0.000360375
                  20           -0.408099           -0.409638         0.000351346
                  21           -0.407025           -0.409513         0.000356599
                  22           -0.409249           -0.409501         0.000340215
                  23           -0.410479           -0.409544         0.000327857
                  24           -0.408112           -0.409484         0.000319519
                  25           -0.410869            -0.40954         0.000311436
                  26           -0.408969           -0.409518         0.000300023
                  27           -0.409986           -0.409535         0.000289218
                  28           -0.407585           -0.409465          0.00028727
                  29            -0.41076            -0.40951          0.00028076
                  30            -0.41006           -0.409528         0.000271859
                  31           -0.408448           -0.409493         0.000265243
                  32           -0.411647           -0.409561         0.000265494
                  33              -0.407           -0.409483         0.000268769
                  34           -0.408482           -0.409454         0.000262402
                  35           -0.409279           -0.409449         0.000254843
                  36           -0.409634           -0.409454         0.000247717
                  37           -0.410621           -0.409485         0.000242984
                  38           -0.410294           -0.409507         0.000237458
                  39           -0.413743           -0.409615         0.000255524
                  40           -0.409459           -0.409611         0.000249084
