                   1            -0.72539            -0.72539                   0
                   2           -0.724678           -0.725034          0.00035628
                   3           -0.722692           -0.724253          0.00080735
                   4           -0.722085           -0.723711          0.00078716
                   5           -0.722335           -0.723436         0.000668962
                   6           -0.724415           -0.723599          0.00057006
                   7           -0.727279           -0.724125         0.000713106
                   8           -0.726333           -0.724401         0.000676442
                   9           -0.728871           -0.724898         0.000776253
                  10           -0.722639           -0.724672           0.0007301
                  11           -0.726158           -0.724807         0.000674073
                  12           -0.720657           -0.724461          0.00070584
                  13            -0.72615           -0.724591         0.000662143
                  14           -0.729041           -0.724909         0.000690543
                  15           -0.727558           -0.725085         0.000666684
                  16           -0.723662           -0.724996          0.00062994
                  17           -0.725303           -0.725015            0.000592
                  18           -0.730493           -0.725319         0.000635736
                  19           -0.723107           -0.725202         0.000612514
                  20           -0.728416           -0.725363         0.000602888
                  21           -0.719148           -0.725067         0.000645327
                  22           -0.721036           -0.724884         0.000641993
                  23           -0.728321           -0.725033         0.000631381
                  24           -0.723265            -0.72496         0.000608978
                  25           -0.724385           -0.724937         0.000584563
                  26           -0.723725            -0.72489         0.000563559
                  27           -0.725342           -0.724907         0.000542543
                  28            -0.72353           -0.724858         0.000525116
                  29           -0.723334           -0.724805           0.0005094
                  30            -0.72364           -0.724766         0.000493656
                  31           -0.725984           -0.724806         0.000479081
                  32           -0.727999           -0.724905         0.000474482
                  33           -0.721229           -0.724794         0.000473183
                  34           -0.718153           -0.724599         0.000498876
                  35           -0.725637           -0.724628          0.00048532
                  36           -0.726573           -0.724682         0.000474728
                  37           -0.723156           -0.724641         0.000463559
                  38           -0.722108           -0.724574         0.000456093
                  39           -0.726523           -0.724624         0.000447044
                  40           -0.725126           -0.724637         0.000435906
                   1           -0.725616           -0.725616                   0
                   2           -0.724527           -0.725071          0.00054452
                   3           -0.722165           -0.724103          0.00101842
                   4           -0.722115           -0.723606          0.00087495
                   5           -0.723148           -0.723514         0.000683876
                   6           -0.724862           -0.723739         0.000601876
                   7           -0.727011           -0.724206         0.000690828
                   8           -0.726905           -0.724544         0.000686817
                   9           -0.729767           -0.725124         0.000838887
                  10           -0.722915           -0.724903         0.000782153
                  11            -0.72617           -0.725018         0.000716801
                  12           -0.720396           -0.724633         0.000759302
                  13            -0.72647           -0.724774         0.000712605
                  14           -0.729107           -0.725084         0.000728728
                  15           -0.727645           -0.725255         0.000699564
                  16           -0.723886           -0.725169         0.000659945
                  17           -0.724892           -0.725153         0.000620125
                  18           -0.730704           -0.725461         0.000661008
                  19            -0.72288           -0.725325         0.000639834
                  20           -0.728259           -0.725472          0.00062447
                  21           -0.718418           -0.725136         0.000682398
                  22           -0.720815            -0.72494         0.000679645
                  23           -0.728566           -0.725097         0.000668283
                  24           -0.724013           -0.725052         0.000641427
                  25           -0.724898           -0.725046         0.000615266
                  26           -0.723044           -0.724969         0.000596123
                  27           -0.726252           -0.725016         0.000575585
                  28           -0.724292           -0.724991         0.000555251
                  29           -0.723405           -0.724936         0.000538545
                  30           -0.723739           -0.724896         0.000521811
                  31           -0.725317            -0.72491         0.000504881
                  32           -0.728025           -0.725007          0.00049845
                  33           -0.721922           -0.724913         0.000492073
                  34            -0.71845           -0.724723         0.000513835
                  35           -0.726221           -0.724766          0.00050077
                  36           -0.726143           -0.724804         0.000488161
                  37           -0.723938           -0.724781         0.000475362
                  38           -0.722435           -0.724719         0.000466785
                  39            -0.72659           -0.724767          0.00045718
                  40           -0.725008           -0.724773         0.000445645
