                   1           -0.995333           -0.995333                   0
                   2            -1.00084           -0.998086          0.00275288
                   3           -0.990819           -0.995663          0.00289729
                   4            -1.00589            -0.99822          0.00327593
                   5            -1.00567            -0.99971          0.00294254
                   6            -1.00814            -1.00111          0.00278311
                   7            -1.00672            -1.00191          0.00248454
                   8            -1.00764            -1.00263          0.00226743
                   9            -1.00232             -1.0026          0.00199998
                  10            -1.00074            -1.00241          0.00179839
                  11             -1.0018            -1.00236          0.00162765
                  12            -1.00012            -1.00217          0.00149748
                  13            -1.00964            -1.00274          0.00149263
                  14            -1.00846            -1.00315          0.00144089
                  15            -1.00061            -1.00298          0.00135209
                  16            -1.00755            -1.00327          0.00129653
                  17            -1.00818            -1.00356          0.00125175
                  18            -1.00064            -1.00339          0.00119126
                  19            -1.01016            -1.00375          0.00118172
                  20             -1.0025            -1.00369          0.00112283
                  21            -1.00419            -1.00371          0.00106829
                  22            -1.00025            -1.00355          0.00103067
                  23            -1.00335            -1.00355         0.000984875
                  24            -1.00815            -1.00374         0.000962299
                  25            -1.01315            -1.00411         0.000996915
                  26           -0.998687            -1.00391         0.000980288
                  27             -1.0112            -1.00418         0.000981161
                  28            -1.00454            -1.00419         0.000945562
                  29            -1.00425            -1.00419         0.000912376
                  30            -1.00304            -1.00415         0.000882277
                  31            -1.00421            -1.00415         0.000853344
                  32           -0.997178            -1.00394         0.000854517
                  33            -1.00414            -1.00394         0.000828241
                  34            -1.00161            -1.00387         0.000806432
                  35            -1.00305            -1.00385         0.000783404
                  36            -1.00111            -1.00377         0.000765117
                  37            -1.00154            -1.00371         0.000746603
                  38            -1.00517            -1.00375         0.000727694
                  39            -1.00901            -1.00389         0.000721497
                  40            -1.00666            -1.00396         0.000706649
                   1           -0.999622           -0.999622                   0
                   2             -1.0008            -1.00021          0.00058752
                   3           -0.990918           -0.997113           0.0031158
                   4            -1.00588           -0.999305          0.00310797
                   5            -1.00564            -1.00057          0.00272024
                   6            -1.00813            -1.00183          0.00255372
                   7            -1.00673            -1.00253          0.00226872
                   8            -1.00773            -1.00318          0.00206939
                   9            -1.00242             -1.0031          0.00182697
                  10             -1.0007            -1.00286          0.00165152
                  11            -1.00186            -1.00277          0.00149659
                  12            -1.00023            -1.00256          0.00138244
                  13            -1.00978            -1.00311          0.00138795
                  14            -1.00833            -1.00348          0.00133805
                  15            -1.00064            -1.00329          0.00126004
                  16            -1.00749            -1.00356          0.00120748
                  17            -1.00825            -1.00383          0.00116738
                  18            -1.00066            -1.00366          0.00111468
                  19            -1.01021              -1.004          0.00110944
                  20            -1.00251            -1.00393          0.00105513
                  21            -1.00407            -1.00393          0.00100365
                  22             -1.0002            -1.00376         0.000971882
                  23            -1.00331            -1.00374         0.000928873
                  24             -1.0082            -1.00393           0.0009085
                  25            -1.01326             -1.0043         0.000947981
                  26           -0.998769            -1.00409         0.000935337
                  27            -1.01115            -1.00435         0.000937267
                  28             -1.0045            -1.00436         0.000903188
                  29            -1.00427            -1.00435         0.000871492
                  30            -1.00309            -1.00431         0.000842991
                  31            -1.00424            -1.00431         0.000815348
                  32           -0.997163            -1.00409         0.000820436
                  33            -1.00417            -1.00409          0.00079519
                  34            -1.00161            -1.00402         0.000774882
                  35            -1.00303            -1.00399         0.000752948
                  36            -1.00115            -1.00391         0.000735957
                  37             -1.0016            -1.00385         0.000718502
                  38            -1.00519            -1.00388         0.000700226
                  39            -1.00899            -1.00401         0.000694514
                  40            -1.00671            -1.00408         0.000680279
