                   1           -0.614343           -0.614343                   0
                   2            -0.61678           -0.615562           0.0012182
                   3           -0.614271           -0.615131         0.000824548
                   4           -0.613955           -0.614837         0.000652993
                   5           -0.614551            -0.61478         0.000509045
                   6           -0.617295           -0.615199         0.000590362
                   7           -0.619029           -0.615746         0.000740486
                   8            -0.61513           -0.615669         0.000645883
                   9            -0.62024           -0.616177         0.000763118
                  10           -0.620533           -0.616613         0.000809688
                  11           -0.614831           -0.616451         0.000750086
                  12           -0.615122            -0.61634         0.000693621
                  13           -0.612985           -0.616082         0.000688253
                  14           -0.610924           -0.615714         0.000736033
                  15           -0.611892           -0.615459         0.000731035
                  16           -0.619711           -0.615725         0.000733653
                  17           -0.614396           -0.615646         0.000693567
                  18           -0.617842           -0.615768         0.000665181
                  19           -0.615352           -0.615747         0.000629579
                  20           -0.614872           -0.615703         0.000598869
                  21           -0.614823           -0.615661         0.000571176
                  22           -0.611501           -0.615472         0.000576493
                  23           -0.616914           -0.615535         0.000554418
                  24           -0.612733           -0.615418         0.000543502
                  25            -0.61605           -0.615443         0.000521922
                  26           -0.614636           -0.615412         0.000502406
                  27            -0.61487           -0.615392         0.000483857
                  28           -0.616459            -0.61543         0.000467811
                  29           -0.615604           -0.615436         0.000451431
                  30           -0.617934           -0.615519         0.000444004
                  31           -0.614788           -0.615496          0.00043009
                  32           -0.620221           -0.615643         0.000441837
                  33           -0.612873           -0.615559          0.00043639
                  34           -0.616825           -0.615597         0.000424994
                  35           -0.616844           -0.615632         0.000414208
                  36           -0.617293           -0.615678         0.000405172
                  37           -0.612351           -0.615589         0.000404198
                  38           -0.617888           -0.615649         0.000398043
                  39           -0.613608           -0.615597          0.00039122
                  40           -0.614374           -0.615566         0.000382538
                   1           -0.614695           -0.614695                   0
                   2            -0.61843           -0.616563          0.00186756
                   3           -0.614563           -0.615896          0.00126763
                   4            -0.61391             -0.6154          0.00102468
                   5           -0.614386           -0.615197         0.000819172
                   6           -0.616993           -0.615496         0.000732814
                   7           -0.619148           -0.616018          0.00080973
                   8            -0.61608           -0.616026         0.000701289
                   9           -0.620667           -0.616541         0.000805261
                  10           -0.617938           -0.616681         0.000733656
                  11           -0.615995           -0.616619         0.000666538
                  12           -0.615094           -0.616492         0.000621583
                  13           -0.612985           -0.616222         0.000632201
                  14           -0.610352           -0.615803         0.000719965
                  15           -0.612648           -0.615592         0.000702473
                  16           -0.620479           -0.615898         0.000724612
                  17           -0.614738           -0.615829         0.000684067
                  18            -0.61801           -0.615951         0.000656226
                  19           -0.614886           -0.615895          0.00062325
                  20           -0.614603            -0.61583         0.000594786
                  21            -0.61449           -0.615766         0.000569341
                  22           -0.611025           -0.615551         0.000584052
                  23           -0.617291           -0.615626         0.000563187
                  24            -0.61428            -0.61557         0.000542121
                  25           -0.615489           -0.615567         0.000519994
                  26           -0.615482           -0.615564         0.000499605
                  27           -0.615416           -0.615558         0.000480777
                  28           -0.616708           -0.615599         0.000465106
                  29           -0.615819           -0.615607         0.000448845
                  30           -0.616498           -0.615637         0.000434641
                  31           -0.614188            -0.61559         0.000422975
                  32           -0.619058           -0.615698         0.000423639
                  33            -0.61267           -0.615606         0.000420732
                  34           -0.617767            -0.61567         0.000413085
                  35           -0.616765           -0.615701         0.000402328
                  36           -0.617542           -0.615752         0.000394323
                  37           -0.612964           -0.615677         0.000390854
                  38           -0.617837           -0.615734         0.000384653
                  39           -0.613857           -0.615686         0.000377738
                  40           -0.614438           -0.615655         0.000369494
