                   1             8.09248             8.09248                   0
                   2             9.85441             8.97344            0.880967
                   3             49.8736             22.6068             13.6429
                   4             4.04065             17.9653             10.7055
                   5             6.61498             15.6952             8.59755
                   6             5.12914             13.9342             7.23738
                   7             1.72995             12.1907             6.36033
                   8             2.33494             10.9588              5.6443
                   9             3.89551              10.174             5.03929
                  10             4.49091             9.60565             4.54296
                  11             9.04022             9.55425             4.10959
                  12             7.83879             9.41129             3.75424
                  13             2.24023             8.85967             3.49718
                  14             1.26351             8.31709             3.28291
                  15             9.23186             8.37808             3.05683
                  16             3.17235             8.05272             2.87785
                  17             6.34854             7.95247             2.70513
                  18             5.25974             7.80288             2.55481
                  19             1.52556             7.47249             2.43908
                  20             6.23709             7.41072             2.31474
                  21             3.39935              7.2197             2.21003
                  22             21.6271             7.87459              2.2066
                  23             5.79676             7.78425             2.11041
                  24             1.89632             7.53891             2.03541
                  25            0.550717             7.25939              1.9722
                  26             8.72104              7.3156             1.89566
                  27            0.692289              7.0703             1.84052
                  28             3.25306             6.93397             1.77881
                  29             5.58086             6.88731             1.71701
                  30              5.4394             6.83904             1.65949
                  31              2.4781             6.69837             1.61122
                  32             11.0075             6.83303             1.56585
                  33             17.8547             7.16702             1.55398
                  34             25.0385             7.69265             1.59659
                  35             34.6287             8.46225             1.73081
                  36             3.68446             8.32953             1.68727
                  37             5.74607             8.25971             1.64252
                  38             3.13666             8.12489             1.60439
                  39             2.65756              7.9847             1.56899
                  40             3.93641              7.8835              1.5326
                   1             6.55126             6.55126                   0
                   2             9.84791             8.19958             1.64833
                   3             49.8753             22.0915             13.9245
                   4             4.04762             17.5805             10.8302
                   5             6.61278              15.387             8.67111
                   6             5.15503             13.6816             7.28241
                   7             1.72518             11.9736             6.38738
                   8               2.323             10.7673             5.66164
                   9             3.90886             10.0052             5.05091
                  10             4.49435             9.45413             4.55116
                  11             9.06356             9.41862             4.11683
                  12             7.83882             9.28697             3.76044
                  13             2.25064             8.74572             3.50119
                  14             1.26293             8.21123             3.28525
                  15             9.24054             8.27985             3.05917
                  16             3.17282             7.96066             2.87934
                  17             6.37736             7.86753             2.70627
                  18             5.24507             7.72184             2.55565
                  19             1.53537             7.39623             2.43923
                  20             6.24331             7.33859             2.31478
                  21             3.40548             7.15129             2.20974
                  22             21.6426             7.80999             2.20747
                  23             5.79661             7.72245             2.11113
                  24              1.9104             7.48028             2.03571
                  25            0.545641              7.2029             1.97219
                  26             8.70191             7.26055             1.89569
                  27            0.692252             7.01728             1.84028
                  28             3.24945             6.88272             1.77844
                  29             5.55774             6.83703             1.71663
                  30             5.43878             6.79042             1.65907
                  31             2.47825             6.65132             1.61068
                  32             11.0159             6.78771             1.56549
                  33             17.8442             7.12276             1.55386
                  34             25.0346             7.64958             1.59687
                  35             34.6404             8.42074             1.73175
                  36             3.68989             8.28933             1.68808
                  37             5.71331             8.21971              1.6433
                  38             3.16221             8.08661               1.605
                  39             2.66351             7.94756             1.56948
                  40             3.94661             7.84754               1.533
