                   1            0.023332            0.023332                   0
                   2            0.022244            0.022788            0.000544
                   3            0.035032           0.0268693           0.0040934
                   4            0.015252            0.023965          0.00410038
                   5            0.023288           0.0238296          0.00317903
                   6            0.028864           0.0246687          0.00272791
                   7            0.027904           0.0251309          0.00235138
                   8            0.023812            0.024966          0.00204302
                   9            0.029864           0.0255102          0.00188217
                  10            0.035788            0.026538           0.0019724
                  11             0.03282           0.0271091          0.00187328
                  12            0.014352            0.026046          0.00201357
                  13            0.033764           0.0266397          0.00194504
                  14               0.024           0.0264511           0.0018106
                  15            0.022948           0.0262176          0.00170168
                  16            0.028652           0.0263698          0.00159903
                  17            0.023472           0.0261993          0.00151167
                  18            0.026176            0.026198          0.00142522
                  19            0.015928           0.0256575          0.00145244
                  20             0.02934           0.0258416          0.00139016
                  21            0.024436           0.0257747            0.001324
                  22             0.02494           0.0257367          0.00126295
                  23            0.019872           0.0254817          0.00123344
                  24            0.021448           0.0253137          0.00119283
                  25            0.017604           0.0250053          0.00118495
                  26               0.024           0.0249666          0.00113912
                  27            0.033172           0.0252705          0.00113747
                  28            0.014332           0.0248799          0.00116363
                  29            0.018508           0.0246601          0.00114408
                  30            0.032304           0.0249149          0.00113428
                  31            0.013728           0.0245541          0.00115491
                  32            0.018108           0.0243526          0.00113623
                  33            0.033784           0.0246384          0.00113774
                  34            0.032252           0.0248624          0.00112626
                  35            0.022316           0.0247896          0.00109602
                  36            0.020016            0.024657          0.00107337
                  37            0.030084           0.0248037          0.00105421
                  38            0.023264           0.0247632          0.00102689
                  39            0.037912           0.0251003          0.00105551
                  40            0.036236           0.0253787          0.00106578
                   1            0.024044            0.024044                   0
                   2             0.02404            0.024042               2e-06
                   3            0.034912           0.0276653          0.00362333
                   4               0.016            0.024749          0.00388192
                   5            0.023736           0.0245464          0.00301374
                   6            0.028552            0.025214          0.00254966
                   7            0.026792           0.0254394          0.00216661
                   8            0.023788            0.025233          0.00188766
                   9            0.029892           0.0257507          0.00174339
                  10            0.035964            0.026772          0.00186404
                  11            0.033472           0.0273811          0.00179273
                  12            0.015088           0.0263567          0.00193072
                  13            0.034508           0.0269837          0.00188344
                  14             0.02352           0.0267363          0.00176119
                  15             0.02212           0.0264285          0.00166821
                  16             0.02806           0.0265305           0.0015638
                  17            0.023624           0.0263595          0.00147885
                  18            0.025832           0.0263302          0.00139458
                  19            0.013992           0.0256808          0.00147032
                  20            0.030272           0.0259104          0.00141363
                  21             0.02366           0.0258032          0.00134889
                  22            0.025356           0.0257829          0.00128628
                  23            0.019916           0.0255278          0.00125527
                  24             0.02134           0.0253533          0.00121443
                  25            0.017064           0.0250218          0.00121112
                  26            0.024564           0.0250042          0.00116374
                  27            0.032428           0.0252791          0.00115307
                  28             0.01396           0.0248749          0.00118238
                  29            0.018172           0.0246437          0.00116406
                  30            0.031728           0.0248799          0.00114911
                  31            0.013968           0.0245279          0.00116583
                  32            0.016644           0.0242815          0.00115538
                  33            0.034544           0.0245925          0.00116221
                  34            0.031312           0.0247901          0.00114469
                  35            0.021588           0.0246986          0.00111527
                  36            0.019272           0.0245479          0.00109428
                  37            0.030924           0.0247202          0.00107815
                  38            0.023696           0.0246933          0.00104974
                  39            0.039132           0.0250635          0.00108743
                  40              0.0374           0.0253719          0.00110386
