                   1           -0.426606           -0.426606                   0
                   2           -0.425705           -0.426155          0.00045056
                   3           -0.427147           -0.426486         0.000420598
                   4           -0.426109           -0.426391         0.000311966
                   5           -0.422802           -0.425673         0.000757558
                   6           -0.425148           -0.425586         0.000624715
                   7           -0.425612            -0.42559         0.000527993
                   8           -0.425394           -0.425565         0.000457907
                   9           -0.426494           -0.425668         0.000416809
                  10           -0.426667           -0.425768         0.000385952
                  11           -0.428696           -0.426034         0.000439025
                  12           -0.424318           -0.425891         0.000425543
                  13           -0.425782           -0.425883         0.000391533
                  14           -0.427757           -0.426017         0.000386428
                  15            -0.42644           -0.426045         0.000360849
                  16           -0.425179           -0.425991         0.000341855
                  17           -0.425154           -0.425942         0.000324869
                  18           -0.423696           -0.425817         0.000330733
                  19           -0.430044           -0.426039         0.000383871
                  20           -0.426824           -0.426079         0.000366281
                  21           -0.424012            -0.42598          0.00036204
                  22           -0.427312           -0.426041          0.00035046
                  23           -0.426246            -0.42605         0.000334994
                  24           -0.426665           -0.426075         0.000321756
                  25           -0.426692             -0.4261         0.000309601
                  26           -0.423945           -0.426017         0.000308784
                  27           -0.430862           -0.426196         0.000347109
                  28           -0.425215           -0.426161         0.000336313
                  29            -0.42753           -0.426209          0.00032792
                  30           -0.426043           -0.426203         0.000316849
                  31           -0.424821           -0.426158         0.000309685
                  32           -0.427122           -0.426189         0.000301359
                  33           -0.425726           -0.426175          0.00029242
                  34           -0.426036           -0.426171         0.000283718
                  35           -0.425301           -0.426146         0.000276611
                  36           -0.427867           -0.426193         0.000273034
                  37           -0.427246           -0.426222         0.000267072
                  38           -0.425693           -0.426208         0.000260321
                  39           -0.426786           -0.426223         0.000253991
                  40           -0.426715           -0.426235         0.000247865
                   1           -0.426309           -0.426309                   0
                   2           -0.426892           -0.426601          0.00029176
                   3           -0.428489            -0.42723          0.00065159
                   4           -0.426643           -0.427083         0.000483559
                   5            -0.42357           -0.426381         0.000796245
                   6            -0.42493           -0.426139         0.000693614
                   7           -0.425643           -0.426068         0.000590475
                   8           -0.424071           -0.425818         0.000569027
                   9           -0.427046           -0.425955         0.000520031
                  10           -0.426836           -0.426043          0.00047341
                  11           -0.428274           -0.426246         0.000473811
                  12           -0.423362           -0.426005         0.000494787
                  13           -0.426597           -0.426051          0.00045741
                  14           -0.425988           -0.426047         0.000423503
                  15           -0.426901           -0.426103         0.000398355
                  16           -0.426869           -0.426151         0.000375682
                  17           -0.424906           -0.426078          0.00036041
                  18           -0.424487            -0.42599         0.000351106
                  19           -0.427833           -0.426087         0.000345992
                  20           -0.425602           -0.426062         0.000329128
                  21           -0.423418           -0.425937         0.000337441
                  22           -0.424613           -0.425876         0.000327315
                  23           -0.427961           -0.425967         0.000325633
                  24           -0.426152           -0.425975         0.000311865
                  25           -0.425585           -0.425959         0.000299537
                  26           -0.423906            -0.42588         0.000298421
                  27           -0.429265           -0.426006         0.000313321
                  28           -0.423122           -0.425903         0.000319009
                  29           -0.426354           -0.425918         0.000308207
                  30           -0.424699           -0.425877         0.000300518
                  31           -0.424222           -0.425824         0.000295529
                  32           -0.426181           -0.425835         0.000286362
                  33           -0.424465           -0.425794         0.000280637
                  34           -0.425575           -0.425787         0.000272334
                  35           -0.426367           -0.425804         0.000264957
                  36           -0.427156           -0.425841         0.000260217
                  37           -0.426219           -0.425852         0.000253292
                  38           -0.426923            -0.42588         0.000248143
                  39           -0.429918           -0.425983         0.000262941
                  40           -0.426009           -0.425984         0.000256284
