                   1            0.032684            0.032684                   0
                   2            0.027228            0.029956            0.002728
                   3            0.020532           0.0268147          0.00351406
                   4            0.022244            0.025672          0.00273496
                   5            0.005676           0.0216728          0.00452566
                   6            0.018996           0.0212267          0.00372202
                   7             0.03338           0.0229629            0.003593
                   8            0.015308            0.022006          0.00325543
                   9            0.010288            0.020704          0.00315245
                  10            0.019752           0.0206088          0.00282125
                  11            0.030424           0.0215011          0.00270341
                  12             0.02108            0.021466          0.00246812
                  13            0.019088           0.0212831          0.00227769
                  14            0.020672           0.0212394          0.00210919
                  15            0.024796           0.0214765          0.00197781
                  16            0.017352           0.0212187          0.00186795
                  17              0.0185           0.0210588           0.0017619
                  18            0.015176            0.020732          0.00169298
                  19            0.012976           0.0203238          0.00165261
                  20             0.02442           0.0205286          0.00158113
                  21            0.022976           0.0206451          0.00150846
                  22            0.029996           0.0210702          0.00149975
                  23             0.02988           0.0214532          0.00148337
                  24            0.026444           0.0216612          0.00143536
                  25            0.008596           0.0211386           0.0014726
                  26             0.01646           0.0209586          0.00142623
                  27              0.0271           0.0211861          0.00139111
                  28            0.019972           0.0211427          0.00134121
                  29            0.018076            0.021037          0.00129845
                  30            0.017772           0.0209281          0.00125913
                  31            0.009828           0.0205701          0.00126938
                  32            0.017684           0.0204799          0.00123238
                  33              0.0223            0.020535          0.00119572
                  34               0.025           0.0206664          0.00116743
                  35            0.026252           0.0208259          0.00114477
                  36            0.035328           0.0212288           0.0011832
                  37            0.022696           0.0212684          0.00115146
                  38            0.016648           0.0211468          0.00112732
                  39            0.024904           0.0212432          0.00110226
                  40            0.025744           0.0213557          0.00108022
                   1             0.03304             0.03304                   0
                   2            0.027816            0.030428            0.002612
                   3            0.020444              0.0271          0.00365373
                   4            0.024144            0.026361          0.00268719
                   5              0.0057           0.0222288          0.00462684
                   6            0.019712           0.0218093          0.00380102
                   7            0.033352           0.0234583          0.00361094
                   8            0.015164           0.0224215          0.00329455
                   9            0.009884           0.0210284          0.00322221
                  10            0.020216           0.0209472          0.00288318
                  11            0.030488           0.0218145          0.00274838
                  12             0.02092             0.02174          0.00251003
                  13            0.018668           0.0215037          0.00232095
                  14             0.02102           0.0214691          0.00214906
                  15            0.024656           0.0216816          0.00201191
                  16            0.017828           0.0214408          0.00189732
                  17             0.01772           0.0212219          0.00179561
                  18            0.015552           0.0209069          0.00172198
                  19            0.014044           0.0205457           0.0016684
                  20             0.02532           0.0207844          0.00160068
                  21              0.0233           0.0209042          0.00152725
                  22            0.030244           0.0213287           0.0015168
                  23            0.029268           0.0216739          0.00148989
                  24              0.0252           0.0218208          0.00143401
                  25            0.008844           0.0213018          0.00147014
                  26            0.017312           0.0211483          0.00142078
                  27            0.026428           0.0213439          0.00138106
                  28            0.019676           0.0212843          0.00133215
                  29            0.018124           0.0211753          0.00129001
                  30            0.018928           0.0211004          0.00124851
                  31            0.009092            0.020713          0.00126818
                  32            0.017452           0.0206111          0.00123213
                  33            0.022448           0.0206668           0.0011955
                  34            0.025144           0.0207985          0.00116726
                  35            0.026356           0.0209573          0.00114449
                  36            0.034596           0.0213361            0.001175
                  37            0.022956           0.0213799          0.00114364
                  38            0.016136           0.0212419          0.00112166
                  39            0.025096           0.0213407          0.00109698
                  40             0.02644           0.0214682          0.00107677
