                   1            0.158591            0.158591                   0
                   2            0.158123            0.158357         0.000234127
                   3             0.15593            0.157548         0.000820216
                   4            0.157592            0.157559         0.000580086
                   5            0.158094            0.157666         0.000461879
                   6            0.156948            0.157546         0.000395676
                   7            0.160708            0.157998         0.000561997
                   8            0.158044            0.158004         0.000486738
                   9            0.154249            0.157587         0.000598554
                  10            0.159319             0.15776         0.000562696
                  11            0.162023            0.158147         0.000639753
                  12            0.159017             0.15822         0.000588487
                  13            0.154872            0.157962         0.000599464
                  14            0.158027            0.157967         0.000555015
                  15            0.158652            0.158013         0.000518707
                  16            0.157398            0.157974         0.000486725
                  17            0.159372            0.158056         0.000464532
                  18            0.158904            0.158104         0.000440487
                  19            0.159952            0.158201         0.000427866
                  20            0.156689            0.158125          0.00041289
                  21            0.159882            0.158209          0.00040155
                  22            0.157705            0.158186         0.000383549
                  23             0.15707            0.158137          0.00036969
                  24            0.159479            0.158193         0.000358338
                  25            0.155037            0.158067         0.000366167
                  26               0.156            0.157988         0.000360676
                  27            0.160922            0.158096          0.00036368
                  28            0.158121            0.158097         0.000350452
                  29            0.160009            0.158163         0.000344519
                  30            0.161127            0.158262         0.000347194
                  31            0.159274            0.158295         0.000337392
                  32            0.153169            0.158134         0.000363832
                  33            0.160758            0.158214         0.000361489
                  34            0.158598            0.158225         0.000350878
                  35            0.158557            0.158235         0.000340837
                  36            0.156943            0.158199         0.000333173
                  37            0.159109            0.158223         0.000324975
                  38             0.15478            0.158133         0.000329028
                  39            0.158379            0.158139         0.000320543
                  40            0.159721            0.158179         0.000314921
                   1            0.158398            0.158398                   0
                   2            0.157548            0.157973         0.000425195
                   3             0.15828            0.158075         0.000265907
                   4            0.159472            0.158425         0.000396664
                   5            0.157694            0.158278           0.0003402
                   6             0.15859             0.15833         0.000282583
                   7             0.16061            0.158656         0.000403826
                   8            0.158341            0.158617         0.000351932
                   9            0.153969              0.1581         0.000602477
                  10            0.158265            0.158117         0.000539123
                  11            0.158072            0.158113         0.000487671
                  12            0.158036            0.158106         0.000445227
                  13            0.156022            0.157946         0.000439806
                  14            0.156494            0.157842         0.000420189
                  15            0.158243            0.157869         0.000392085
                  16            0.158439            0.157905         0.000368489
                  17             0.15983            0.158018         0.000364196
                  18             0.16191            0.158234         0.000405788
                  19            0.157083            0.158174         0.000388588
                  20            0.158756            0.158203         0.000369795
                  21            0.153548            0.157981         0.000415768
                  22            0.157177            0.157944           0.0003981
                  23            0.158654            0.157975         0.000381647
                  24            0.154584            0.157834         0.000391767
                  25            0.159571            0.157903         0.000382141
                  26            0.160314            0.157996          0.00037867
                  27            0.161495            0.158126         0.000386727
                  28            0.163797            0.158328         0.000424147
                  29            0.160991             0.15842         0.000419431
                  30            0.162406            0.158553         0.000426438
                  31            0.158049            0.158537         0.000412773
                  32            0.155374            0.158438         0.000411703
                  33            0.159342            0.158465         0.000399971
                  34            0.155325            0.158373         0.000398871
                  35            0.157078            0.158336         0.000389071
                  36            0.156355            0.158281         0.000382091
                  37            0.160558            0.158342         0.000376681
                  38            0.156735              0.1583         0.000369067
                  39            0.158148            0.158296           0.0003595
                  40            0.156274            0.158246         0.000354026
