                   1            0.259388            0.259388                   0
                   2            0.159048            0.209218             0.05017
                   3            0.313036            0.243824           0.0451285
                   4            0.316964            0.262109           0.0367782
                   5            0.281344            0.265956           0.0287468
                   6            0.369448            0.283205           0.0291279
                   7            0.329436            0.289809           0.0254881
                   8             0.37738            0.300756           0.0246385
                   9             0.19044            0.288498           0.0249479
                  10            0.246228            0.284271           0.0227109
                  11            0.239004            0.280156           0.0209509
                  12            0.317868            0.283299           0.0193819
                  13            0.353924            0.288731           0.0186381
                  14              0.3723            0.294701           0.0182589
                  15            0.261404            0.292481           0.0171424
                  16            0.178572            0.285361           0.0175446
                  17            0.321708              0.2875           0.0166184
                  18            0.309176            0.288704           0.0157142
                  19            0.291012            0.288825           0.0148646
                  20            0.274472            0.288108           0.0141201
                  21            0.323168            0.289777           0.0135342
                  22            0.292824            0.289916           0.0129051
                  23             0.41704            0.295443           0.0135133
                  24            0.322104            0.296554           0.0129856
                  25            0.354664            0.298878           0.0126704
                  26            0.324356            0.299858           0.0122127
                  27            0.311952            0.300306           0.0117602
                  28            0.277032            0.299475           0.0113629
                  29              0.3499            0.301214           0.0111011
                  30            0.220864            0.298535            0.011054
                  31            0.347356             0.30011           0.0108069
                  32            0.293192            0.299894           0.0104659
                  33             0.43598            0.304018             0.01095
                  34            0.218268            0.301496           0.0109184
                  35             0.28754            0.301097           0.0106093
                  36            0.305696            0.301225           0.0103112
                  37            0.261976            0.300164           0.0100846
                  38            0.285184             0.29977          0.00982354
                  39            0.288028            0.299469          0.00957308
                  40             0.40372            0.302075          0.00968785
                   1            0.286628            0.286628                   0
                   2             0.15904            0.222834            0.063794
                   3            0.313284            0.252984           0.0475981
                   4            0.317108            0.269015           0.0372798
                   5            0.281436            0.271499           0.0289835
                   6            0.369476            0.287829            0.028752
                   7            0.329636            0.293801           0.0250231
                   8             0.37686            0.304183           0.0240294
                   9             0.19124            0.291634           0.0246289
                  10             0.24652            0.287123           0.0224859
                  11            0.238964            0.282745           0.0208052
                  12             0.31776            0.285663           0.0192153
                  13             0.35362             0.29089           0.0184323
                  14            0.372636            0.296729           0.0180363
                  15             0.26138            0.294373           0.0169554
                  16            0.178264            0.287116           0.0174417
                  17            0.321324            0.289128           0.0165067
                  18            0.308668            0.290214           0.0156005
                  19             0.29118            0.290264           0.0147567
                  20             0.27456            0.289479           0.0140214
                  21            0.323324            0.291091            0.013434
                  22              0.2924             0.29115            0.012809
                  23            0.417584            0.296647           0.0134172
                  24            0.321716            0.297692           0.0128884
                  25            0.355108            0.299989           0.0125736
                  26            0.324268            0.300922           0.0121164
                  27            0.311736            0.301323           0.0116659
                  28            0.277196            0.300461           0.0112745
                  29            0.349912            0.302166           0.0110116
                  30            0.221068            0.299463           0.0109763
                  31            0.347432            0.301011           0.0107285
                  32             0.29236             0.30074           0.0103914
                  33            0.435872            0.304835           0.0108722
                  34            0.218184            0.302287           0.0108511
                  35            0.287924            0.301876           0.0105445
                  36             0.30548            0.301976           0.0102479
                  37            0.261356            0.300878           0.0100274
                  38            0.284924            0.300459          0.00976895
                  39            0.287372            0.300123          0.00952108
                  40            0.403552            0.302709           0.0096335
