                   1            0.396488            0.396488                   0
                   2            0.548132             0.47231            0.075822
                   3            0.367996            0.437539            0.055905
                   4            0.339948            0.413141           0.0464535
                   5            0.407832            0.412079           0.0359984
                   6            0.597528            0.442987           0.0426525
                   7            0.450612            0.444077           0.0360644
                   8            0.594148            0.462836           0.0364332
                   9            0.454272            0.461884           0.0321452
                  10            0.370348             0.45273           0.0301734
                  11            0.393448            0.447341           0.0278199
                  12             0.31732            0.436506           0.0276108
                  13            0.440728            0.436831           0.0254003
                  14            0.579644            0.447032           0.0256333
                  15            0.327672            0.439074           0.0251551
                  16             0.43788               0.439           0.0235305
                  17            0.280612            0.429683           0.0239865
                  18            0.480648            0.432514           0.0227912
                  19            0.473968            0.434696           0.0216685
                  20            0.517244            0.438823           0.0209668
                  21            0.496016            0.441547           0.0201285
                  22            0.285672            0.434462           0.0204578
                  23             0.52642             0.43846           0.0199528
                  24            0.459192            0.439324           0.0191229
                  25             0.43102            0.438992           0.0183451
                  26             0.48454            0.440743           0.0177122
                  27            0.512628            0.443406           0.0172503
                  28             0.46786            0.444279           0.0166457
                  29             0.52498            0.447062           0.0163008
                  30            0.526244            0.449701           0.0159677
                  31            0.445272            0.449558           0.0154447
                  32            0.379288            0.447362           0.0151146
                  33            0.544268            0.450299           0.0149408
                  34            0.381488            0.448275           0.0146354
                  35            0.489088            0.449441           0.0142588
                  36            0.517908            0.451343            0.013987
                  37            0.329816            0.448059           0.0139946
                  38            0.323944            0.444792           0.0140075
                  39              0.4635            0.445272            0.013652
                  40            0.388468            0.443852           0.0133819
                   1            0.453172            0.453172                   0
                   2            0.548036            0.500604            0.047432
                   3            0.368164            0.456457           0.0519506
                   4              0.3399            0.427318           0.0468885
                   5             0.40792            0.423438           0.0365263
                   6            0.597504            0.452449           0.0416063
                   7            0.450736            0.452205           0.0351646
                   8            0.594424            0.469982           0.0352625
                   9             0.45366            0.468168           0.0311515
                  10            0.370564            0.458408           0.0295228
                  11            0.393816            0.452536           0.0273424
                  12            0.317416            0.441276           0.0273823
                  13             0.44082            0.441241           0.0251881
                  14            0.579536            0.451119           0.0253256
                  15             0.32742            0.442873           0.0249775
                  16            0.437988            0.442567           0.0233663
                  17            0.280308            0.433023           0.0239343
                  18            0.480908            0.435683           0.0227217
                  19             0.47456            0.437729           0.0215898
                  20             0.51684            0.441685           0.0208603
                  21            0.496184             0.44428           0.0200111
                  22            0.285492            0.437062           0.0203994
                  23            0.526648            0.440957           0.0198777
                  24             0.45898            0.441708           0.0190462
                  25            0.430784            0.441271           0.0182737
                  26            0.484772            0.442944           0.0176364
                  27            0.512224             0.44551           0.0171635
                  28            0.468172             0.44632           0.0165589
                  29             0.52536            0.449045           0.0162085
                  30            0.526224            0.451618           0.0158689
                  31            0.445576            0.451423           0.0153497
                  32            0.378576            0.449146           0.0150356
                  33            0.543912            0.452018           0.0148531
                  34            0.381368             0.44994           0.0145587
                  35            0.489296            0.451065           0.0141812
                  36            0.517624            0.452913           0.0139051
                  37            0.329736            0.449584           0.0139278
                  38            0.324132            0.446283           0.0139526
                  39            0.463948            0.446736           0.0135976
                  40            0.388168            0.445272            0.013334
