                   1           -0.381412           -0.381412                   0
                   2           -0.381327            -0.38137            4.22e-05
                   3           -0.381377           -0.381372         2.44969e-05
                   4           -0.382385           -0.381625         0.000253705
                   5           -0.379755           -0.381251         0.000422576
                   6           -0.381607            -0.38131         0.000350081
                   7           -0.379582           -0.381064         0.000385318
                   8             -0.3796           -0.380881         0.000380533
                   9           -0.381145            -0.38091         0.000336885
                  10           -0.383892           -0.381208         0.000423905
                  11            -0.38191           -0.381272         0.000388707
                  12            -0.38129           -0.381274         0.000354842
                  13           -0.379552           -0.381141         0.000352243
                  14           -0.378163           -0.380928          0.00038937
                  15            -0.38203           -0.381002         0.000369856
                  16           -0.380419           -0.380965         0.000347879
                  17           -0.379526           -0.380881         0.000337574
                  18           -0.376365            -0.38063         0.000405244
                  19           -0.384192           -0.380817         0.000426704
                  20            -0.38151           -0.380852         0.000406287
                  21            -0.38123            -0.38087         0.000386875
                  22           -0.382876           -0.380961         0.000379977
                  23           -0.379969           -0.380918         0.000365633
                  24           -0.380769           -0.380912         0.000350122
                  25           -0.381397           -0.380931         0.000336386
                  26           -0.380165           -0.380902         0.000324532
                  27           -0.382865           -0.380974         0.000320636
                  28           -0.381411            -0.38099         0.000309367
                  29           -0.379993           -0.380956         0.000300481
                  30           -0.379872            -0.38092         0.000292531
                  31           -0.377126           -0.380797         0.000308267
                  32           -0.379966           -0.380771         0.000299606
                  33           -0.378651           -0.380707         0.000297409
                  34           -0.380257           -0.380694         0.000288832
                  35           -0.379166            -0.38065         0.000283833
                  36           -0.379906           -0.380629          0.00027661
                  37           -0.381048           -0.380641         0.000269268
                  38           -0.381272           -0.380657         0.000262612
                  39           -0.379282           -0.380622         0.000258208
                  40           -0.378831           -0.380577         0.000255622
                   1           -0.380774           -0.380774                   0
                   2           -0.382028           -0.381401          0.00062728
                   3           -0.380916           -0.381239         0.000396568
                   4            -0.38097           -0.381172         0.000288404
                   5            -0.38049           -0.381036         0.000261744
                   6            -0.37984           -0.380836          0.00029217
                   7           -0.379319            -0.38062         0.000328541
                   8           -0.378499           -0.380355         0.000388897
                   9           -0.380313            -0.38035         0.000343006
                  10           -0.383876           -0.380703         0.000467356
                  11           -0.381283           -0.380755         0.000426019
                  12           -0.380512           -0.380735          0.00038943
                  13           -0.380326           -0.380704         0.000359602
                  14           -0.378018           -0.380512         0.000384236
                  15           -0.382834           -0.380667         0.000389783
                  16           -0.381698           -0.380731         0.000370267
                  17           -0.379014            -0.38063         0.000362171
                  18           -0.376692           -0.380411         0.000405535
                  19           -0.381964           -0.380493         0.000392203
                  20           -0.379467           -0.380442         0.000375593
                  21           -0.380176           -0.380429         0.000357484
                  22           -0.380955           -0.380453         0.000341685
                  23           -0.380434           -0.380452         0.000326492
                  24           -0.380633            -0.38046         0.000312684
                  25           -0.380638           -0.380467         0.000300001
                  26           -0.379725           -0.380438         0.000289639
                  27           -0.381515           -0.380478         0.000281541
                  28           -0.379268           -0.380435          0.00027472
                  29           -0.379473           -0.380402         0.000267145
                  30           -0.378998           -0.380355         0.000262297
                  31           -0.375617           -0.380202         0.000296179
                  32           -0.378696           -0.380155         0.000290609
                  33           -0.378344             -0.3801         0.000286962
                  34            -0.38145            -0.38014         0.000281212
                  35           -0.379694           -0.380127         0.000273356
                  36            -0.38019           -0.380129          0.00026566
                  37           -0.381178           -0.380157         0.000259933
                  38            -0.38169           -0.380198         0.000256196
                  39           -0.381751           -0.380237         0.000252698
                  40           -0.379488           -0.380219         0.000247011
