                   1            0.439286            0.439286                   0
                   2            0.444838            0.442062          0.00277571
                   3            0.446102            0.443409           0.0020933
                   4            0.437664            0.441973          0.00206246
                   5            0.451969            0.443972           0.0025592
                   6            0.457435            0.446216          0.00306619
                   7            0.420399            0.442528          0.00450748
                   8            0.423643            0.440167          0.00456184
                   9            0.433728            0.439452          0.00408629
                  10            0.466165            0.442123          0.00452706
                  11            0.451809            0.443004          0.00418849
                  12             0.41835            0.440949          0.00434053
                  13            0.435748            0.440549           0.0040127
                  14            0.447242            0.441027          0.00374567
                  15            0.435977             0.44069          0.00350325
                  16            0.417663            0.439251          0.00357911
                  17            0.441359            0.439375          0.00336427
                  18            0.417983            0.438187          0.00338719
                  19            0.441048            0.438337           0.0032075
                  20            0.459387             0.43939          0.00321978
                  21             0.46733             0.44072          0.00333913
                  22            0.404748            0.439085          0.00357908
                  23            0.456333            0.439835          0.00350118
                  24            0.443714            0.439997          0.00335602
                  25             0.43909             0.43996          0.00321919
                  26            0.436961            0.439845          0.00309505
                  27            0.442221            0.439933          0.00297951
                  28            0.440399             0.43995          0.00287117
                  29            0.424701            0.439424          0.00281986
                  30            0.452544            0.439861          0.00275913
                  31            0.449842            0.440183          0.00268799
                  32            0.436401            0.440065          0.00260532
                  33            0.430138            0.439764          0.00254299
                  34            0.445604            0.439936          0.00247303
                  35            0.462075            0.440568          0.00248325
                  36            0.429057            0.440249          0.00243438
                  37            0.430162            0.439976          0.00238331
                  38            0.465222             0.44064            0.002413
                  39            0.460311            0.441145          0.00240383
                  40            0.430212            0.440872          0.00235885
                   1            0.438908            0.438908                   0
                   2            0.446414            0.442661          0.00375329
                   3            0.452275            0.445866          0.00386849
                   4            0.431783            0.442345          0.00445836
                   5             0.45486            0.444848          0.00426509
                   6            0.454911            0.446525          0.00386525
                   7            0.425713            0.443552          0.00441714
                   8             0.42008            0.440618          0.00482095
                   9            0.434114            0.439895          0.00431265
                  10            0.466005            0.442506          0.00465794
                  11            0.457557            0.443875          0.00442987
                  12            0.416941             0.44163          0.00462499
                  13             0.43526             0.44114           0.0042825
                  14            0.449438            0.441733          0.00400889
                  15            0.447097             0.44209          0.00374916
                  16            0.418091             0.44059          0.00381432
                  17            0.446806            0.440956          0.00360153
                  18            0.415949            0.439567          0.00366877
                  19            0.440126            0.439596          0.00347043
                  20              0.4631            0.440771           0.0034958
                  21            0.467176            0.442029          0.00355496
                  22             0.40113             0.44017          0.00386585
                  23             0.45785            0.440939          0.00377308
                  24            0.440612            0.440925          0.00361248
                  25            0.436732            0.440757          0.00346902
                  26             0.43919            0.440697          0.00333347
                  27             0.43584            0.440517          0.00321268
                  28            0.441175            0.440541           0.0030959
                  29            0.424602            0.439991          0.00303738
                  30            0.452224            0.440399          0.00296258
                  31            0.448373            0.440656          0.00287694
                  32            0.446221             0.44083          0.00279101
                  33            0.427888            0.440438          0.00273339
                  34             0.44781            0.440655          0.00266063
                  35            0.454328            0.441045          0.00261287
                  36            0.429037            0.440712          0.00256107
                  37            0.427127            0.440344           0.0025178
                  38            0.462884            0.440938           0.0025214
                  39            0.452525            0.441235          0.00247381
                  40            0.429555            0.440943          0.00242879
