                   1           -0.586308           -0.586308                   0
                   2           -0.587435           -0.586871          0.00056356
                   3           -0.583781           -0.585841          0.00108013
                   4           -0.584654           -0.585545         0.000819388
                   5             -0.5841           -0.585256         0.000697363
                   6           -0.585754           -0.585339         0.000575417
                   7           -0.587024           -0.585579         0.000542621
                   8           -0.585448           -0.585563          0.00047021
                   9           -0.585976           -0.585609         0.000417223
                  10           -0.585898           -0.585638         0.000374296
                  11           -0.581249           -0.585239          0.00052331
                  12           -0.582118           -0.584979          0.00054393
                  13           -0.585279           -0.585002         0.000500875
                  14           -0.582238           -0.584804         0.000503997
                  15           -0.587051           -0.584954         0.000492517
                  16            -0.58771           -0.585126         0.000491847
                  17           -0.582301            -0.58496         0.000490991
                  18           -0.587858           -0.585121         0.000490114
                  19           -0.586945           -0.585217         0.000473435
                  20           -0.586331           -0.585273         0.000452577
                  21           -0.582526           -0.585142         0.000449923
                  22           -0.583194           -0.585054         0.000438032
                  23             -0.5845           -0.585029         0.000419245
                  24           -0.582153            -0.58491         0.000418903
                  25           -0.582504           -0.584813          0.00041316
                  26           -0.582642            -0.58473         0.000405641
                  27           -0.582618           -0.584652         0.000398087
                  28            -0.58518           -0.584671         0.000384071
                  29           -0.584627           -0.584669         0.000370593
                  30           -0.584349           -0.584658         0.000358186
                  31           -0.585766           -0.584694         0.000348276
                  32           -0.584224           -0.584679         0.000337536
                  33           -0.581455           -0.584582         0.000341429
                  34           -0.581545           -0.584492         0.000343066
                  35           -0.585214           -0.584513         0.000333757
                  36            -0.58816           -0.584614         0.000339806
                  37            -0.58131           -0.584525         0.000342345
                  38           -0.584913           -0.584535          0.00033337
                  39           -0.582947           -0.584495         0.000327252
                  40           -0.583504            -0.58447         0.000319927
                   1            -0.58437            -0.58437                   0
                   2           -0.588419           -0.586395          0.00202444
                   3           -0.583952            -0.58558          0.00142457
                   4           -0.584098            -0.58521           0.0010733
                   5           -0.582833           -0.584734         0.000957695
                   6           -0.585315           -0.584831         0.000787912
                   7           -0.587254           -0.585177         0.000750482
                   8           -0.586091           -0.585291         0.000659892
                   9           -0.586002            -0.58537         0.000587294
                  10           -0.584417           -0.585275         0.000533873
                  11           -0.581974           -0.584975         0.000568554
                  12            -0.58234           -0.584755         0.000563559
                  13           -0.584657           -0.584748         0.000518454
                  14           -0.582272           -0.584571         0.000511541
                  15           -0.587599           -0.584773         0.000517238
                  16           -0.588318           -0.584994         0.000532158
                  17           -0.583197           -0.584889         0.000510928
                  18           -0.587922           -0.585057         0.000510327
                  19           -0.585898           -0.585101         0.000484743
                  20           -0.585173           -0.585105         0.000459882
                  21           -0.583055           -0.585007         0.000448196
                  22           -0.581097            -0.58483         0.000462828
                  23           -0.584662           -0.584822         0.000442308
                  24           -0.583541           -0.584769         0.000426829
                  25           -0.582085           -0.584662         0.000423244
                  26           -0.582918           -0.584595         0.000412131
                  27           -0.583558           -0.584556         0.000398428
                  28           -0.585465           -0.584589         0.000385306
                  29            -0.58482           -0.584597         0.000371868
                  30           -0.583581           -0.584563         0.000360849
                  31           -0.585261           -0.584585         0.000349742
                  32           -0.582922           -0.584533           0.0003426
                  33           -0.582562           -0.584474         0.000337385
                  34           -0.582176           -0.584406         0.000334213
                  35           -0.585698           -0.584443         0.000326616
                  36            -0.58817           -0.584546         0.000333867
                  37           -0.582525           -0.584492         0.000329283
                  38           -0.585328           -0.584514         0.000321256
                  39           -0.584547           -0.584515         0.000312912
                  40           -0.583139            -0.58448         0.000306923
