                   1           -0.444467           -0.444467                   0
                   2           -0.444805           -0.444636          0.00016912
                   3           -0.445445           -0.444905         0.000286762
                   4           -0.442969           -0.444421         0.000524839
                   5            -0.44217           -0.443971         0.000606672
                   6           -0.444545           -0.444067         0.000504508
                   7           -0.442574           -0.443853         0.000476733
                   8            -0.44358           -0.443819         0.000414273
                   9           -0.448197           -0.444306         0.000608365
                  10           -0.445036           -0.444379         0.000549013
                  11           -0.443928           -0.444338         0.000498286
                  12           -0.442879           -0.444216         0.000470835
                  13           -0.445059           -0.444281         0.000437933
                  14            -0.44476           -0.444315         0.000406887
                  15           -0.445307           -0.444381         0.000384517
                  16           -0.442541           -0.444266         0.000377627
                  17           -0.444349           -0.444271         0.000354753
                  18           -0.441412           -0.444112          0.00037028
                  19           -0.447655           -0.444299         0.000396776
                  20           -0.441555           -0.444162          0.00040064
                  21           -0.442337           -0.444075         0.000390867
                  22           -0.444187            -0.44408         0.000372712
                  23           -0.445005            -0.44412         0.000358405
                  24           -0.442749           -0.444063          0.00034787
                  25           -0.444456           -0.444079         0.000334036
                  26            -0.44524           -0.444123         0.000324024
                  27           -0.444951           -0.444154         0.000313298
                  28           -0.442791           -0.444105         0.000305802
                  29           -0.443018           -0.444068         0.000297441
                  30           -0.442654           -0.444021         0.000291194
                  31           -0.442411           -0.443969         0.000286393
                  32           -0.444874           -0.443997         0.000278739
                  33           -0.443156           -0.443972          0.00027136
                  34           -0.442333           -0.443923         0.000267633
                  35           -0.443862           -0.443922          0.00025988
                  36            -0.44572           -0.443972         0.000257452
                  37           -0.444642            -0.44399         0.000251052
                  38           -0.441913           -0.443935         0.000250391
                  39           -0.446246           -0.443994         0.000250983
                  40           -0.442221            -0.44395         0.000248614
                   1           -0.444593           -0.444593                   0
                   2           -0.446049           -0.445321          0.00072796
                   3           -0.445938           -0.445527          0.00046797
                   4           -0.444088           -0.445167         0.000488726
                   5           -0.443451           -0.444824         0.000511013
                   6           -0.443067           -0.444531         0.000509716
                   7           -0.441984           -0.444167         0.000563899
                   8            -0.44194           -0.443889          0.00056214
                   9           -0.448966           -0.444453         0.000751014
                  10           -0.443871           -0.444395          0.00067424
                  11           -0.444453             -0.4444         0.000609896
                  12            -0.44263           -0.444252         0.000575969
                  13           -0.446002           -0.444387         0.000546642
                  14           -0.443478           -0.444322         0.000510237
                  15           -0.445314           -0.444388         0.000479589
                  16           -0.444281           -0.444382         0.000448664
                  17           -0.443992           -0.444359         0.000422068
                  18           -0.442485           -0.444255         0.000411325
                  19           -0.445224           -0.444306         0.000392404
                  20           -0.440845           -0.444133         0.000410506
                  21           -0.442841           -0.444071         0.000395282
                  22           -0.443715           -0.444055         0.000377233
                  23           -0.445182           -0.444104         0.000363777
                  24           -0.443763            -0.44409         0.000348579
                  25           -0.443613           -0.444071         0.000334888
                  26           -0.443483           -0.444048         0.000322543
                  27           -0.445289           -0.444094         0.000313749
                  28           -0.441359           -0.443996         0.000317721
                  29           -0.443459           -0.443978         0.000307128
                  30           -0.441691           -0.443902         0.000306353
                  31           -0.440983           -0.443807           0.0003109
                  32           -0.444389           -0.443826         0.000301576
                  33           -0.442259           -0.443778         0.000296125
                  34           -0.443498            -0.44377         0.000287401
                  35           -0.443096           -0.443751         0.000279733
                  36           -0.444537           -0.443773         0.000272729
                  37           -0.444866           -0.443802         0.000266898
                  38           -0.442386           -0.443765         0.000262439
                  39           -0.448599           -0.443889         0.000284085
                  40            -0.44202           -0.443842         0.000280806
