                   1            0.306716            0.306716                   0
                   2            0.293743            0.300229          0.00648672
                   3            0.296739            0.299066          0.00392166
                   4             0.29491            0.298027          0.00296133
                   5             0.30089            0.298599           0.0023642
                   6            0.292677            0.297612          0.00216806
                   7            0.281539            0.295316           0.0029377
                   8            0.302335            0.296194          0.00269116
                   9            0.290779            0.295592          0.00244845
                  10            0.299424            0.295975          0.00222324
                  11            0.297287            0.296094          0.00201453
                  12            0.303175            0.296684          0.00193135
                  13            0.297427            0.296742           0.0017775
                  14            0.292812            0.296461          0.00166942
                  15            0.297516            0.296531          0.00155573
                  16            0.298044            0.296626          0.00145832
                  17            0.294103            0.296477          0.00137787
                  18            0.303262            0.296854          0.00135265
                  19            0.298269            0.296929          0.00128164
                  20            0.294765            0.296821          0.00122068
                  21            0.295026            0.296735          0.00116424
                  22            0.288143            0.296345          0.00117676
                  23            0.290976            0.296111           0.0011484
                  24            0.300938            0.296312          0.00111775
                  25            0.289317            0.296033          0.00110802
                  26            0.299979            0.296184          0.00107532
                  27            0.294519            0.296123          0.00103656
                  28              0.2948            0.296075          0.00099997
                  29            0.299355            0.296188         0.000971477
                  30            0.291777            0.296041         0.000949984
                  31            0.298581            0.296123         0.000922474
                  32             0.28174            0.295674         0.000999898
                  33            0.301652            0.295855         0.000985909
                  34            0.303269            0.296073         0.000981016
                  35            0.296438            0.296084         0.000952631
                  36            0.294314            0.296034         0.000927096
                  37            0.291024            0.295899         0.000911804
                  38            0.288301            0.295699         0.000909727
                  39            0.293912            0.295653         0.000887277
                  40            0.296126            0.295665         0.000864892
                   1            0.300461            0.300461                   0
                   2            0.292844            0.296652          0.00380877
                   3             0.29321            0.295505          0.00248041
                   4            0.299977            0.296623          0.00207996
                   5            0.300433            0.297385          0.00178227
                   6            0.298273            0.297533          0.00146273
                   7            0.279195            0.294913          0.00289679
                   8            0.296421            0.295102          0.00251576
                   9            0.295765            0.295175          0.00221992
                  10            0.304308            0.296089          0.00218552
                  11            0.303965            0.296805          0.00210255
                  12            0.300185            0.297086          0.00193991
                  13            0.295874            0.296993           0.0017869
                  14            0.292248            0.296654          0.00168871
                  15            0.303142            0.297087          0.00163052
                  16            0.295155            0.296966          0.00152998
                  17            0.292241            0.296688           0.0014638
                  18            0.302889            0.297033          0.00142243
                  19            0.293615            0.296853          0.00135746
                  20            0.301032            0.297062          0.00130464
                  21            0.293664              0.2969          0.00125147
                  22            0.295648            0.296843          0.00119458
                  23            0.287533            0.296438           0.0012111
                  24            0.295715            0.296408          0.00115993
                  25            0.294407            0.296328          0.00111544
                  26            0.296087            0.296319          0.00107172
                  27            0.288594            0.296033          0.00107022
                  28            0.296715            0.296057          0.00103157
                  29            0.303024            0.296297          0.00102395
                  30            0.302359            0.296499          0.00100966
                  31            0.296532              0.2965         0.000976544
                  32            0.286148            0.296177         0.000999351
                  33            0.297904            0.296229         0.000970008
                  34             0.29901            0.296311         0.000944594
                  35            0.295607            0.296291         0.000917429
                  36            0.286169             0.29601         0.000934865
                  37            0.288568            0.295809         0.000931224
                  38            0.293081            0.295737         0.000909224
                  39              0.2887            0.295556         0.000903799
                  40            0.299301             0.29565         0.000885876
