                   1           -0.532135           -0.532135                   0
                   2           -0.529822           -0.530979           0.0011564
                   3           -0.530708           -0.530888         0.000673729
                   4           -0.528789           -0.530364         0.000708752
                   5           -0.530804           -0.530452         0.000556009
                   6            -0.53102           -0.530546         0.000463769
                   7           -0.530588           -0.530552         0.000392001
                   8           -0.529371           -0.530405         0.000370223
                   9           -0.530796           -0.530448         0.000329387
                  10           -0.535703           -0.530974         0.000602458
                  11           -0.530053            -0.53089         0.000551327
                  12           -0.528511           -0.530692         0.000540927
                  13           -0.527731           -0.530464         0.000547211
                  14           -0.527494           -0.530252         0.000549234
                  15           -0.529479             -0.5302         0.000513898
                  16           -0.529613           -0.530164         0.000482106
                  17           -0.528633           -0.530074          0.00046172
                  18            -0.52972           -0.530054         0.000435757
                  19           -0.527994           -0.529946         0.000426209
                  20           -0.530974           -0.529997         0.000407596
                  21           -0.527517           -0.529879         0.000405284
                  22           -0.529821           -0.529876         0.000386432
                  23           -0.531898           -0.529964         0.000379572
                  24           -0.527512           -0.529862           0.0003775
                  25           -0.532304            -0.52996         0.000375028
                  26           -0.531251           -0.530009          0.00036372
                  27           -0.527555           -0.529918         0.000361606
                  28           -0.530172           -0.529928         0.000348571
                  29           -0.527632           -0.529848         0.000345527
                  30           -0.526076           -0.529723         0.000356708
                  31           -0.532476           -0.529811         0.000356261
                  32           -0.529636           -0.529806         0.000344991
                  33           -0.526758           -0.529714         0.000346899
                  34           -0.526947           -0.529632         0.000346241
                  35           -0.531566           -0.529687         0.000340713
                  36           -0.530181           -0.529701         0.000331397
                  37           -0.528107           -0.529658         0.000325182
                  38           -0.531884           -0.529717         0.000321886
                  39           -0.528212           -0.529678          0.00031589
                  40           -0.526732           -0.529604         0.000316578
                   1           -0.531143           -0.531143                   0
                   2           -0.530888           -0.531016          0.00012752
                   3           -0.530859           -0.530964         9.03053e-05
                   4           -0.528766           -0.530414         0.000553045
                   5           -0.529391            -0.53021         0.000474794
                   6           -0.530775           -0.530304         0.000398953
                   7            -0.53014            -0.53028          0.00033799
                   8           -0.529193           -0.530144         0.000322711
                   9            -0.53143           -0.530287         0.000318417
                  10           -0.534662           -0.530725         0.000521998
                  11           -0.530845           -0.530736         0.000472291
                  12           -0.528038           -0.530511         0.000486236
                  13           -0.526995            -0.53024         0.000522673
                  14           -0.526381           -0.529965         0.000556908
                  15            -0.52951           -0.529934         0.000519339
                  16           -0.529491           -0.529907         0.000486588
                  17           -0.528495           -0.529824         0.000464549
                  18           -0.530251           -0.529847         0.000438623
                  19           -0.527251           -0.529711         0.000436825
                  20           -0.530734           -0.529762         0.000417557
                  21           -0.528786           -0.529715         0.000399885
                  22           -0.528451           -0.529658         0.000385583
                  23           -0.531324            -0.52973         0.000375488
                  24           -0.529249            -0.52971         0.000360061
                  25           -0.531682           -0.529789          0.00035425
                  26           -0.530669           -0.529823          0.00034203
                  27           -0.528353           -0.529769         0.000333591
                  28           -0.530049           -0.529779         0.000321612
                  29           -0.528286           -0.529727         0.000314566
                  30           -0.525785           -0.529596         0.000331096
                  31           -0.530474           -0.529624         0.000321489
                  32           -0.527675           -0.529563         0.000317186
                  33           -0.527054           -0.529487         0.000316687
                  34           -0.526669           -0.529404         0.000318214
                  35           -0.532292           -0.529487         0.000319814
                  36            -0.53018           -0.529506         0.000311399
                  37           -0.529145           -0.529496         0.000303023
                  38           -0.531572           -0.529551         0.000299957
                  39           -0.530668            -0.52958         0.000293567
                  40            -0.52718            -0.52952         0.000292353
