                   1            0.382594            0.382594                   0
                   2            0.380141            0.381367          0.00122624
                   3            0.382735            0.381823         0.000841957
                   4            0.384001            0.382368         0.000806841
                   5             0.37464            0.380822          0.00166719
                   6            0.381518            0.380938          0.00136618
                   7              0.3681            0.379104          0.00216726
                   8            0.378726            0.379057          0.00187749
                   9            0.377701            0.378906          0.00166263
                  10            0.374264            0.378442          0.00155786
                  11            0.386427            0.379168          0.00158514
                  12            0.373799             0.37872          0.00151461
                  13            0.399191            0.380295          0.00210255
                  14            0.371096            0.379638           0.0020545
                  15            0.368519            0.378897          0.00205126
                  16            0.372077             0.37847          0.00196556
                  17            0.372662            0.378129          0.00187767
                  18            0.380615            0.378267          0.00177567
                  19            0.397264            0.379267           0.0019547
                  20            0.384105            0.379509           0.0018701
                  21             0.38173            0.379615          0.00178197
                  22            0.372812            0.379305          0.00172694
                  23            0.386679            0.379626          0.00168101
                  24            0.375469            0.379453          0.00161873
                  25            0.381652            0.379541          0.00155512
                  26             0.37981            0.379551          0.00149415
                  27            0.380275            0.379578            0.001438
                  28            0.381958            0.379663          0.00138829
                  29            0.368185            0.379267          0.00139682
                  30            0.382875            0.379387           0.0013548
                  31            0.386273            0.379609          0.00132906
                  32            0.377357            0.379539          0.00128878
                  33            0.394835            0.380003          0.00133235
                  34            0.378691            0.379964          0.00129314
                  35             0.37586            0.379847          0.00126111
                  36            0.372659            0.379647          0.00124174
                  37            0.385308              0.3798          0.00121737
                  38            0.381354            0.379841           0.0011856
                  39            0.377082             0.37977          0.00115697
                  40            0.372706            0.379594          0.00114142
                   1            0.376402            0.376402                   0
                   2            0.386172            0.381287          0.00488502
                   3            0.387906            0.383493          0.00358083
                   4            0.381339            0.382955          0.00258867
                   5            0.372728            0.380909          0.00286424
                   6             0.38406            0.381435          0.00239687
                   7            0.367223            0.379404          0.00286797
                   8            0.376523            0.379044           0.0025097
                   9            0.373993            0.378483           0.0022834
                  10            0.367962            0.377431          0.00229738
                  11            0.382962            0.377934          0.00213803
                  12            0.371065            0.377361          0.00203395
                  13            0.388706            0.378234          0.00206448
                  14            0.380073            0.378365          0.00191584
                  15             0.37112            0.377882           0.0018478
                  16            0.377535            0.377861          0.00172859
                  17            0.371321            0.377476          0.00166868
                  18            0.380176            0.377626          0.00158038
                  19            0.390251             0.37829          0.00163592
                  20             0.38858            0.378805          0.00163503
                  21            0.377172            0.378727          0.00155716
                  22            0.367173            0.378202          0.00157485
                  23            0.381739            0.378356          0.00151266
                  24            0.378249            0.378351          0.00144827
                  25            0.381718            0.378486          0.00139565
                  26             0.38738            0.378828          0.00138384
                  27            0.373448            0.378629          0.00134643
                  28            0.382558            0.378769          0.00130502
                  29            0.375855            0.378669          0.00126321
                  30            0.388847            0.379008          0.00126666
                  31              0.3871            0.379269          0.00125262
                  32            0.384668            0.379438          0.00122452
                  33            0.385211            0.379613          0.00119966
                  34            0.377378            0.379547          0.00116569
                  35            0.368912            0.379243          0.00117197
                  36            0.376504            0.379167          0.00114149
                  37            0.372836            0.378996          0.00112332
                  38            0.380351            0.379032          0.00109394
                  39             0.37612            0.378957          0.00106813
                  40            0.372119            0.378786          0.00105503
