                   1            0.530427            0.530427                   0
                   2             0.48004            0.505233           0.0251935
                   3            0.543612            0.518026            0.019371
                   4            0.486162             0.51006           0.0158453
                   5            0.522971            0.512642           0.0125424
                   6            0.531011            0.515704           0.0106887
                   7            0.513521            0.515392          0.00903894
                   8            0.522105            0.516231           0.0078728
                   9            0.544556            0.519378          0.00762317
                  10            0.563227            0.523763          0.00810659
                  11            0.524719             0.52385           0.0073332
                  12             0.51792            0.523356          0.00671248
                  13            0.521269            0.523195          0.00617667
                  14            0.536318            0.524133           0.0057948
                  15            0.496055            0.522261          0.00571019
                  16            0.509199            0.521444          0.00540342
                  17            0.523599            0.521571          0.00507721
                  18            0.530091            0.522045          0.00481019
                  19             0.53692            0.522827          0.00461685
                  20            0.512346            0.522303          0.00441117
                  21            0.489997            0.520765            0.004469
                  22            0.444842            0.517314          0.00548326
                  23            0.580149            0.520046          0.00590893
                  24            0.485114             0.51859           0.0058416
                  25            0.507533            0.518148          0.00562049
                  26            0.547929            0.519294          0.00552014
                  27            0.507557            0.518859          0.00532951
                  28            0.533006            0.519364          0.00516044
                  29            0.552624            0.520511          0.00510969
                  30            0.530569            0.520846           0.0049478
                  31             0.48227            0.519602          0.00494468
                  32            0.465505            0.517911          0.00507736
                  33            0.537143            0.518494          0.00495548
                  34            0.510878             0.51827          0.00481274
                  35            0.534042            0.518721          0.00469489
                  36            0.510918            0.518504          0.00456776
                  37            0.522828            0.518621          0.00444412
                  38            0.504604            0.518252          0.00434129
                  39            0.486049            0.517426          0.00430838
                  40            0.462825            0.516061          0.00441558
                   1            0.547361            0.547361                   0
                   2            0.484749            0.516055            0.031306
                   3            0.541649            0.524586           0.0199869
                   4            0.481702            0.513865           0.0177391
                   5            0.525687             0.51623           0.0139426
                   6            0.529285            0.518406           0.0115902
                   7            0.512447            0.517554          0.00983241
                   8            0.519156            0.517754          0.00851747
                   9            0.543626            0.520629          0.00804293
                  10            0.565395            0.525106          0.00847298
                  11            0.525531            0.525144          0.00766419
                  12            0.518134             0.52456          0.00702076
                  13            0.519813            0.524195          0.00646848
                  14            0.538202            0.525196          0.00607165
                  15             0.49535            0.523206          0.00599237
                  16            0.510169            0.522391          0.00566426
                  17            0.523008            0.522427          0.00532077
                  18            0.526464            0.522652          0.00502148
                  19            0.535352             0.52332          0.00479665
                  20            0.511722             0.52274           0.0045873
                  21            0.493358            0.521341          0.00458223
                  22            0.446825            0.517954          0.00552816
                  23            0.572911            0.520343          0.00579762
                  24            0.484199            0.518837          0.00575147
                  25            0.505308            0.518296           0.0055431
                  26            0.550305            0.519527          0.00546609
                  27            0.504504            0.518971          0.00528909
                  28            0.532425            0.519451           0.0051193
                  29            0.552668            0.520597          0.00507068
                  30            0.533171            0.521016          0.00491664
                  31            0.482052            0.519759           0.0049187
                  32            0.469174            0.518178          0.00501801
                  33              0.5386            0.518797          0.00490278
                  34            0.510764            0.518561          0.00476226
                  35            0.532859            0.518969           0.0046422
                  36            0.519661            0.518988          0.00451145
                  37             0.52024            0.519022          0.00438796
                  38            0.502882            0.518598          0.00429199
                  39            0.486767            0.517781          0.00425942
                  40             0.46322            0.516417          0.00436991
