                   1            0.017788            0.017788                   0
                   2            0.008768            0.013278             0.00451
                   3             0.01526           0.0139387          0.00268636
                   4            0.022028            0.015961          0.00277454
                   5            0.017736            0.016316          0.00217827
                   6            0.020328           0.0169847           0.0019001
                   7            0.017924           0.0171189          0.00161147
                   8            0.028016            0.018481          0.00195014
                   9            0.020068           0.0186573          0.00172888
                  10            0.018584             0.01865          0.00154638
                  11            0.017496           0.0185451          0.00140268
                  12             0.01492            0.018243          0.00131562
                  13            0.009208            0.017548          0.00139556
                  14            0.017336           0.0175329          0.00129213
                  15            0.015924           0.0174256          0.00120768
                  16            0.018164           0.0174717          0.00113062
                  17            0.017476            0.017472          0.00106203
                  18            0.017868            0.017494          0.00100154
                  19             0.02158           0.0177091          0.00097146
                  20            0.021108            0.017879         0.000937147
                  21            0.011496            0.017575         0.000941801
                  22            0.028216           0.0180587          0.00101995
                  23             0.01406           0.0178849         0.000989982
                  24            0.020052           0.0179752         0.000952127
                  25            0.015468           0.0178749         0.000918738
                  26            0.017436            0.017858         0.000882857
                  27            0.015264           0.0177619         0.000854944
                  28            0.018564           0.0177906         0.000824343
                  29            0.022064           0.0179379         0.000808945
                  30            0.016004           0.0178735         0.000784169
                  31              0.0159           0.0178098         0.000761118
                  32            0.012304           0.0176378         0.000756768
                  33            0.019344           0.0176895         0.000735298
                  34            0.009268           0.0174418         0.000755122
                  35            0.011524           0.0172727         0.000752472
                  36             0.01768            0.017284         0.000731358
                  37            0.019196           0.0173357         0.000713192
                  38            0.021988           0.0174581         0.000704884
                  39            0.019716            0.017516         0.000689009
                  40             0.01236           0.0173871         0.000683821
                   1            0.017888            0.017888                   0
                   2            0.009416            0.013652            0.004236
                   3            0.015416             0.01424          0.00251535
                   4            0.022492            0.016303          0.00272387
                   5            0.015704           0.0161832           0.0021133
                   6            0.019216           0.0166887          0.00179801
                   7            0.020372           0.0172149          0.00160812
                   8             0.02774           0.0185305          0.00191584
                   9            0.019652           0.0186551           0.0016942
                  10             0.01898           0.0186876          0.00151569
                  11            0.017348           0.0185658          0.00137639
                  12            0.015192           0.0182847          0.00128754
                  13              0.0111            0.017732          0.00130697
                  14              0.0169           0.0176726          0.00121147
                  15            0.015324            0.017516          0.00113864
                  16            0.018516           0.0175785          0.00106693
                  17            0.017112           0.0175511          0.00100258
                  18              0.0174           0.0175427          0.00094528
                  19            0.022184           0.0177869         0.000926913
                  20            0.021772           0.0179862         0.000901639
                  21            0.011608           0.0176825         0.000909823
                  22            0.029748           0.0182309          0.00102631
                  23            0.014104           0.0180515         0.000996949
                  24            0.019672            0.018119         0.000956891
                  25            0.015112           0.0179987         0.000925666
                  26            0.018268           0.0180091         0.000889411
                  27            0.016128           0.0179394         0.000858667
                  28            0.017812           0.0179349         0.000827445
                  29            0.022844           0.0181041         0.000816151
                  30            0.017884           0.0180968         0.000788511
                  31            0.016444           0.0180435         0.000764513
                  32             0.01322           0.0178927         0.000755427
                  33              0.0192           0.0179324         0.000733249
                  34            0.009724           0.0176909         0.000751207
                  35            0.011104           0.0175027         0.000753315
                  36            0.017524           0.0175033         0.000732091
                  37            0.018924           0.0175417         0.000713064
                  38            0.021716           0.0176516         0.000702685
                  39            0.018736           0.0176794         0.000684995
                  40            0.011208           0.0175176         0.000686973
