                   1            0.375072            0.375072                   0
                   2            0.294779            0.334926           0.0401464
                   3            0.377044            0.348965           0.0270989
                   4            0.217644            0.316135           0.0380132
                   5            0.244437            0.301795           0.0327509
                   6            0.203913            0.285482           0.0313244
                   7            0.213841            0.275247           0.0283834
                   8            0.233469            0.270025           0.0251293
                   9            0.274535            0.270526           0.0221677
                  10            0.299902            0.273463           0.0200438
                  11            0.285675            0.274574           0.0181642
                  12            0.324472            0.278732            0.017095
                  13            0.166047            0.270064           0.0179559
                  14            0.177136            0.263426           0.0179002
                  15            0.321311            0.267285           0.0171051
                  16            0.209305            0.263661           0.0164056
                  17            0.203814            0.260141           0.0158074
                  18            0.307452            0.262769           0.0151333
                  19            0.154147            0.257052           0.0154141
                  20            0.285471            0.258473            0.014692
                  21            0.248696            0.258008           0.0139826
                  22            0.281923            0.259095           0.0133761
                  23             0.25714             0.25901           0.0127816
                  24            0.195968            0.256383           0.0125162
                  25            0.110581            0.250551           0.0133468
                  26            0.346835            0.254254           0.0133472
                  27            0.135263            0.249847           0.0135784
                  28            0.236358            0.249365           0.0130934
                  29            0.248562            0.249338           0.0126338
                  30            0.254723            0.249517           0.0122068
                  31            0.263962            0.249983           0.0118156
                  32            0.407045            0.254891           0.0124488
                  33            0.250829            0.254768           0.0120663
                  34            0.274731            0.255355           0.0117208
                  35            0.243823            0.255026           0.0113857
                  36             0.28347            0.255816           0.0110931
                  37            0.295835            0.256898           0.0108432
                  38            0.235241            0.256328           0.0105694
                  39            0.227476            0.255588           0.0103214
                  40            0.219558            0.254687           0.0101003
                   1            0.306102            0.306102                   0
                   2            0.294996            0.300549          0.00555345
                   3            0.376841             0.32598            0.025632
                   4            0.219158            0.299274            0.032275
                   5            0.244264            0.288272           0.0273139
                   6            0.202876            0.274039           0.0264564
                   7            0.213992            0.265461           0.0239487
                   8            0.233646            0.261484            0.021118
                   9            0.274225              0.2629           0.0186781
                  10            0.301122            0.266722           0.0171378
                  11            0.284787            0.268364           0.0155885
                  12            0.321453            0.272788           0.0149021
                  13            0.164131             0.26443           0.0160552
                  14            0.178196            0.258271           0.0160899
                  15            0.319003            0.262319           0.0155164
                  16            0.210334             0.25907           0.0148735
                  17            0.202505            0.255743            0.014362
                  18            0.306041            0.258537           0.0138259
                  19            0.154067            0.253039           0.0141869
                  20               0.286            0.254687           0.0135594
                  21            0.249819            0.254455           0.0128996
                  22            0.282528            0.255731           0.0123653
                  23            0.257706            0.255817           0.0118158
                  24            0.196882            0.253361           0.0115762
                  25            0.107418            0.247524           0.0125446
                  26            0.346892            0.251346           0.0126439
                  27            0.135542            0.247057           0.0129005
                  28              0.2352            0.246633           0.0124384
                  29            0.249374            0.246728           0.0120022
                  30            0.253057            0.246939           0.0115972
                  31            0.263198            0.247463           0.0112291
                  32             0.40638            0.252429            0.011953
                  33            0.249673            0.252346           0.0115854
                  34            0.275069            0.253014           0.0112594
                  35             0.24482             0.25278           0.0109354
                  36            0.283195            0.253625           0.0106609
                  37            0.293301            0.254697            0.010424
                  38            0.235801              0.2542           0.0101582
                  39            0.227954            0.253527          0.00991716
                  40            0.218558            0.252653           0.0097055
