                   1            0.198384            0.198384                   0
                   2            0.191776             0.19508          0.00330391
                   3            0.198034            0.196065          0.00214667
                   4            0.197867            0.196515          0.00158339
                   5            0.198603            0.196933          0.00129559
                   6            0.195275            0.196656          0.00109333
                   7            0.201032            0.197281           0.0011156
                   8            0.195692            0.197083         0.000986355
                   9            0.203053            0.197746          0.00109395
                  10            0.194899            0.197461          0.00101904
                  11            0.201514             0.19783         0.000992654
                  12            0.197054            0.197765         0.000908469
                  13            0.197311             0.19773           0.0008364
                  14            0.201865            0.198026         0.000828771
                  15            0.197405            0.197984         0.000772654
                  16            0.196814            0.197911         0.000726445
                  17            0.197541            0.197889         0.000682724
                  18            0.196275              0.1978         0.000649894
                  19            0.196199            0.197715         0.000620484
                  20            0.197913            0.197725         0.000588726
                  21            0.202121            0.197935         0.000597838
                  22            0.195134            0.197807         0.000584053
                  23            0.194443            0.197661         0.000576935
                  24            0.198292            0.197687            0.000553
                  25            0.191083            0.197423         0.000592564
                  26            0.197522            0.197427          0.00056933
                  27            0.194968            0.197336         0.000555357
                  28             0.19874            0.197386         0.000537501
                  29            0.190176            0.197137         0.000575152
                  30            0.200833            0.197261         0.000569141
                  31            0.197553             0.19727         0.000550556
                  32            0.188847            0.197007         0.000594511
                  33            0.198126            0.197041         0.000577211
                  34            0.199871            0.197124         0.000566132
                  35            0.198974            0.197177         0.000552255
                  36            0.199405            0.197239         0.000540253
                  37            0.196101            0.197208         0.000526348
                  38             0.19485            0.197146         0.000516054
                  39            0.200486            0.197232         0.000509891
                  40            0.191516            0.197089         0.000517112
                   1            0.197428            0.197428                   0
                   2            0.190711             0.19407          0.00335854
                   3            0.197042            0.195061           0.0021775
                   4            0.196857             0.19551          0.00160388
                   5            0.199417            0.196291          0.00146775
                   6            0.193988            0.195907          0.00125842
                   7            0.200793            0.196605          0.00127212
                   8            0.196684            0.196615          0.00110173
                   9            0.201284            0.197134          0.00110147
                  10            0.197362            0.197157          0.00098545
                  11            0.194935            0.196955          0.00091397
                  12            0.195274            0.196815          0.00084601
                  13            0.199017            0.196984         0.000796441
                  14            0.199387            0.197156          0.00075707
                  15              0.2027            0.197525         0.000795824
                  16            0.197944            0.197551         0.000744886
                  17            0.196742            0.197504         0.000701317
                  18            0.193949            0.197306         0.000690073
                  19            0.196876            0.197284         0.000653137
                  20            0.202394            0.197539         0.000670243
                  21            0.198947            0.197606         0.000641042
                  22             0.19651            0.197556         0.000613237
                  23            0.199468            0.197639         0.000591834
                  24            0.191554            0.197386         0.000620788
                  25            0.192304            0.197183         0.000629184
                  26            0.199399            0.197268         0.000610483
                  27            0.196087            0.197224         0.000589065
                  28            0.202403            0.197409         0.000597016
                  29            0.195889            0.197357         0.000578441
                  30            0.200074            0.197447         0.000566122
                  31            0.197207             0.19744          0.00054761
                  32            0.195019            0.197364         0.000535591
                  33            0.199977            0.197443          0.00052511
                  34             0.20226            0.197585         0.000528764
                  35             0.20051            0.197668         0.000520191
                  36            0.198059            0.197679         0.000505651
                  37            0.199796            0.197736         0.000495112
                  38            0.199342            0.197779         0.000483756
                  39            0.199466            0.197822          0.00047317
                  40            0.192312            0.197684         0.000481321
