                   1             2.76121             2.76121                   0
                   2             3.19638              2.9788            0.217587
                   3             2.78559             2.91439            0.141171
                   4             3.11896             2.96554            0.112161
                   5             2.94025             2.96048           0.0870264
                   6             2.87952             2.94699           0.0723266
                   7             2.96644             2.94976           0.0611902
                   8             2.83639             2.93559           0.0548547
                   9             2.80775             2.92139           0.0504196
                  10             3.22155              2.9514           0.0541728
                  11              2.8776             2.94469           0.0494584
                  12             2.84675             2.93653            0.045881
                  13             2.83305             2.92857           0.0429485
                  14             2.68868             2.91144           0.0432976
                  15             3.00161             2.91745           0.0407537
                  16             2.99862             2.92252           0.0384577
                  17              2.9066             2.92158           0.0361369
                  18             3.16719             2.93523           0.0367008
                  19             2.89497             2.93311           0.0347801
                  20             3.03737             2.93832           0.0334046
                  21             3.09787             2.94592           0.0326697
                  22             2.91512             2.94452           0.0311808
                  23             2.95646             2.94504           0.0297988
                  24             2.91307             2.94371           0.0285613
                  25             2.82118             2.93881             0.02783
                  26             2.97562             2.94022           0.0267756
                  27             2.97648             2.94157           0.0257998
                  28             2.99418             2.94344           0.0249323
                  29             2.98333             2.94482           0.0240964
                  30             2.77104             2.93903           0.0239892
                  31             3.01958             2.94163           0.0233475
                  32             2.87629             2.93958           0.0226982
                  33             3.00024             2.94142           0.0220762
                  34             2.90925             2.94048            0.021438
                  35              2.9297             2.94017           0.0208187
                  36             2.99493             2.94169           0.0202893
                  37              2.8839             2.94013            0.019795
                  38             3.01588             2.94212           0.0193699
                  39             2.94149              2.9421           0.0188667
                  40             2.89822             2.94101           0.0184217
                   1             2.77476             2.77476                   0
                   2             3.20478             2.98977             0.21501
                   3             2.78209             2.92054            0.142133
                   4              3.1211             2.97068            0.112316
                   5             2.91917             2.96038           0.0876076
                   6             2.87957             2.94691           0.0727883
                   7             2.94664             2.94687           0.0615174
                   8             2.83388             2.93275           0.0551159
                   9             2.82688             2.92099           0.0500107
                  10             3.21083             2.94997           0.0533003
                  11             2.87541             2.94319           0.0486862
                  12             2.83831             2.93445           0.0452955
                  13             2.83226             2.92659           0.0424008
                  14             2.68562             2.90938           0.0428633
                  15             2.98627              2.9145           0.0402315
                  16             2.99884             2.91978           0.0380005
                  17             2.93309             2.92056           0.0357039
                  18             3.19592             2.93586           0.0369749
                  19             2.87885             2.93286           0.0351032
                  20             3.03791             2.93811           0.0337135
                  21             3.11809             2.94668           0.0331935
                  22              2.8961             2.94438           0.0317322
                  23             2.97797             2.94584           0.0303563
                  24              2.9139             2.94451           0.0290944
                  25             2.80803             2.93905           0.0284353
                  26             2.96318             2.93998           0.0273355
                  27             3.00305             2.94231           0.0264071
                  28             3.01871             2.94504           0.0255924
                  29              2.9944             2.94675           0.0247527
                  30             2.76924             2.94083           0.0246346
                  31             3.00565             2.94292           0.0239182
                  32             2.87301             2.94073           0.0232615
                  33              2.9711             2.94165           0.0225644
                  34             2.90332             2.94053           0.0219197
                  35             2.94905             2.94077           0.0212856
                  36             3.00507             2.94256           0.0207628
                  37             2.85754             2.94026           0.0203242
                  38             3.02128             2.94239           0.0198967
                  39             2.95261             2.94265           0.0193816
                  40             2.91171             2.94188           0.0189067
