                   1            -0.39662            -0.39662                   0
                   2           -0.396579             -0.3966            2.04e-05
                   3           -0.393296           -0.395499          0.00110124
                   4           -0.395029           -0.395381         0.000787505
                   5           -0.392646           -0.394834           0.0008194
                   6           -0.392884           -0.394509         0.000743822
                   7           -0.392706           -0.394251         0.000679379
                   8           -0.391277            -0.39388         0.000696021
                   9           -0.396806           -0.394205         0.000694645
                  10            -0.39786            -0.39457         0.000720844
                  11           -0.395296           -0.394636         0.000655356
                  12           -0.396796           -0.394816         0.000624734
                  13           -0.394493           -0.394791         0.000575209
                  14           -0.393605           -0.394707         0.000539243
                  15           -0.395503            -0.39476         0.000504811
                  16           -0.394845           -0.394765         0.000472237
                  17           -0.394194           -0.394731         0.000444857
                  18           -0.390948           -0.394521         0.000469145
                  19            -0.39785           -0.394696         0.000477094
                  20           -0.394892           -0.394706         0.000452717
                  21           -0.394325           -0.394688         0.000431003
                  22             -0.3967           -0.394779         0.000420999
                  23           -0.392884           -0.394697         0.000410632
                  24            -0.39485           -0.394703         0.000393202
                  25            -0.39646           -0.394774         0.000383636
                  26           -0.395582           -0.394805         0.000369896
                  27           -0.396654           -0.394873         0.000362458
                  28           -0.393879           -0.394838         0.000351074
                  29           -0.393464            -0.39479         0.000342046
                  30           -0.394054           -0.394766         0.000331358
                  31           -0.391607           -0.394664         0.000336302
                  32            -0.39433           -0.394654          0.00032579
                  33           -0.393505           -0.394619         0.000317677
                  34           -0.393874           -0.394597          0.00030897
                  35            -0.39564           -0.394627         0.000301489
                  36           -0.393332           -0.394591         0.000295195
                  37           -0.394062           -0.394576         0.000287461
                  38           -0.394771           -0.394582         0.000279841
                  39           -0.392116           -0.394518         0.000279805
                  40           -0.394457           -0.394517         0.000272724
                   1           -0.395755           -0.395755                   0
                   2           -0.396343           -0.396049          0.00029396
                   3           -0.393914           -0.395337         0.000731442
                   4           -0.393645           -0.394914         0.000668232
                   5           -0.392972           -0.394526         0.000647176
                   6           -0.393239           -0.394311         0.000570281
                   7           -0.392989           -0.394122         0.000517677
                   8           -0.390996           -0.393731         0.000594706
                   9           -0.396358           -0.394023           0.0006002
                  10           -0.396979           -0.394319         0.000612823
                  11           -0.394826           -0.394365         0.000556236
                  12           -0.395737           -0.394479         0.000520481
                  13           -0.393826           -0.394429         0.000481399
                  14            -0.39307           -0.394332         0.000456139
                  15           -0.395747           -0.394426         0.000434996
                  16           -0.396266           -0.394541         0.000422828
                  17            -0.39404           -0.394512          0.00039827
                  18           -0.391227           -0.394329         0.000417487
                  19           -0.396649           -0.394451         0.000413346
                  20           -0.394322           -0.394445         0.000392189
                  21            -0.39368           -0.394408         0.000374819
                  22           -0.395501           -0.394458         0.000360807
                  23           -0.393603           -0.394421         0.000346761
                  24           -0.394369           -0.394419         0.000332005
                  25           -0.395096           -0.394446         0.000319598
                  26           -0.396266           -0.394516         0.000314943
                  27           -0.394603           -0.394519         0.000303071
                  28           -0.392178           -0.394435         0.000303781
                  29           -0.393188           -0.394392         0.000296259
                  30           -0.393427            -0.39436         0.000288016
                  31           -0.391562            -0.39427         0.000292827
                  32           -0.393534           -0.394247          0.00028446
                  33           -0.392717           -0.394201         0.000279575
                  34           -0.393815           -0.394189         0.000271465
                  35           -0.395735           -0.394234          0.00026727
                  36           -0.394044           -0.394228         0.000259793
                  37           -0.394646            -0.39424         0.000252926
                  38           -0.395826           -0.394281         0.000249695
                  39           -0.396746           -0.394344         0.000251285
                  40            -0.39474           -0.394354         0.000245121
