                   1             7.30816             7.30816                   0
                   2             7.03881             7.17349            0.134675
                   3             6.93328             7.09342             0.11161
                   4             7.69633             7.24414            0.170139
                   5             7.40536             7.27639            0.135676
                   6             6.96694             7.22481            0.122196
                   7             6.67474             7.14623            0.129772
                   8             7.16901             7.14908            0.112422
                   9             7.67481             7.20749            0.115075
                  10             7.54557              7.2413            0.108337
                  11             7.30063              7.2467           0.0981427
                  12             6.05292             7.14721            0.133877
                  13             7.12243             7.14531            0.123164
                  14             7.31095             7.15714             0.11464
                  15             7.35538             7.17035            0.107539
                  16             6.34689             7.11889            0.112995
                  17             6.54968             7.08541            0.111296
                  18             6.71276              7.0647            0.106954
                  19             6.94749             7.05853            0.101356
                  20             7.24607             7.06791            0.096611
                  21             7.20585             7.07448           0.0921299
                  22             7.26033             7.08293           0.0882477
                  23             7.93043             7.11977            0.092023
                  24             7.76129              7.1465           0.0920708
                  25             7.33867             7.15419           0.0886451
                  26             7.35373             7.16187           0.0855126
                  27             6.91647             7.15278           0.0827849
                  28             6.87577             7.14288           0.0803846
                  29             7.57344             7.15773           0.0789714
                  30             7.91815             7.18308            0.080394
                  31             6.96484             7.17604           0.0780755
                  32             7.12523             7.17445           0.0756129
                  33             7.88402             7.19595           0.0763751
                  34             7.42279             7.20262           0.0743945
                  35             7.54183             7.21232           0.0728849
                  36              6.7656             7.19991           0.0719101
                  37             7.16691             7.19902           0.0699452
                  38             6.88348             7.19071           0.0685842
                  39             7.47457             7.19799           0.0671978
                  40             7.30058             7.20055           0.0655466
                   1              7.2401              7.2401                   0
                   2             6.99891              7.1195            0.120596
                   3             6.93965             7.05955             0.09188
                   4             7.70521             7.22097            0.173998
                   5             7.41134             7.25904            0.140053
                   6             6.99006             7.21421            0.122826
                   7             6.65119             7.13378            0.131321
                   8             7.18513              7.1402            0.113908
                   9             7.67664              7.1998             0.11681
                  10             7.54873             7.23469             0.11015
                  11             7.35781             7.24589            0.100261
                  12             6.02538             7.14418            0.136827
                  13             7.13332             7.14334            0.125865
                  14             7.33734              7.1572             0.11735
                  15             7.36909             7.17133            0.110156
                  16              6.3584             7.12052            0.114887
                  17             6.53349             7.08599            0.113307
                  18             6.70658             7.06491            0.108887
                  19             6.94912             7.05881            0.103177
                  20             7.23005             7.06738           0.0982558
                  21             7.22434             7.07485           0.0937583
                  22             7.24543              7.0826           0.0897307
                  23             7.90346             7.11829           0.0928719
                  24             7.78016             7.14587           0.0930965
                  25             7.33339             7.15337           0.0896095
                  26             7.33516             7.16036           0.0863775
                  27             6.89246             7.15044           0.0837069
                  28             6.87815             7.14072           0.0812461
                  29             7.56733             7.15543           0.0797628
                  30             7.92171             7.18097           0.0811813
                  31              6.9839             7.17461           0.0787758
                  32             7.10679             7.17249           0.0763038
                  33             7.87982             7.19393           0.0769989
                  34              7.4075             7.20021           0.0749635
                  35             7.51902             7.20932           0.0733579
                  36             6.77172             7.19716           0.0723199
                  37             7.15401               7.196           0.0703479
                  38             6.92188             7.18878           0.0688505
                  39             7.47767             7.19619           0.0674697
                  40             7.29378             7.19863           0.0658066
