                   1             2.14984             2.14984                   0
                   2             2.18157              2.1657           0.0158626
                   3             2.30621             2.21254           0.0477222
                   4             2.22761             2.21631           0.0339543
                   5             2.09323             2.19169           0.0360229
                   6             2.23884             2.19955           0.0304443
                   7             2.25243              2.2071           0.0268164
                   8              2.1847              2.2043           0.0233919
                   9             2.21257             2.20522           0.0206502
                  10             2.14866             2.19957           0.0193168
                  11             2.21996             2.20142           0.0175708
                  12             2.23975             2.20461           0.0163548
                  13             2.16555             2.20161           0.0153414
                  14             2.17448             2.19967           0.0143349
                  15             2.20933             2.20032           0.0133606
                  16              2.1661             2.19818           0.0126793
                  17             2.26399             2.20205           0.0125235
                  18             2.14991             2.19915           0.0121573
                  19              2.1289             2.19545           0.0120795
                  20             2.17684             2.19452           0.0114974
                  21             2.16767             2.19324           0.0110107
                  22             2.09175             2.18863           0.0114672
                  23             2.02801             2.18165           0.0129935
                  24             2.27853             2.18568           0.0130789
                  25             2.17726             2.18535           0.0125494
                  26             2.07976             2.18129           0.0127226
                  27             2.14347             2.17989           0.0123222
                  28             2.14487             2.17864           0.0119396
                  29             2.12065             2.17664           0.0116928
                  30             2.26287             2.17951           0.0116563
                  31             2.36125             2.18537           0.0127072
                  32             2.22185             2.18651           0.0123564
                  33             2.12903             2.18477           0.0121021
                  34             2.23334              2.1862           0.0118274
                  35             2.16098             2.18548           0.0115071
                  36             2.19888             2.18585           0.0111891
                  37             2.11977             2.18407            0.011028
                  38             2.36103             2.18872           0.0117006
                  39             2.17005             2.18824           0.0114067
                  40             2.13313             2.18687           0.0112029
                   1             2.13727             2.13727                   0
                   2             2.18904             2.16315           0.0258864
                   3             2.30788              2.2114           0.0505054
                   4             2.23125             2.21636           0.0360558
                   5             2.07678             2.18844           0.0394876
                   6             2.24115             2.19723           0.0334165
                   7             2.26023             2.20623           0.0296416
                   8             2.19172             2.20442           0.0257343
                   9             2.21879             2.20601           0.0227517
                  10             2.14048             2.19946           0.0213788
                  11             2.22216             2.20152           0.0194476
                  12             2.24138             2.20484           0.0180612
                  13             2.16417             2.20172            0.016906
                  14             2.15726             2.19854           0.0159707
                  15             2.21613             2.19971           0.0149141
                  16             2.16571             2.19759           0.0141118
                  17             2.28181             2.20254           0.0141513
                  18             2.15351             2.19982           0.0136172
                  19             2.09817             2.19447           0.0139474
                  20             2.17393             2.19344           0.0132715
                  21             2.19504             2.19352           0.0126239
                  22             2.08909             2.18877           0.0129386
                  23             2.02055             2.18146           0.0143647
                  24             2.29501             2.18619           0.0145443
                  25             2.16483             2.18533           0.0139765
                  26             2.07948             2.18126           0.0140318
                  27             2.14694             2.17999           0.0135619
                  28             2.16644             2.17951           0.0130775
                  29              2.1198             2.17745           0.0127854
                  30             2.26665             2.18042           0.0127047
                  31             2.34384             2.18569           0.0133711
                  32             2.23169             2.18713           0.0130261
                  33             2.14472             2.18585           0.0126904
                  34             2.23028             2.18715           0.0123807
                  35             2.15609             2.18627           0.0120544
                  36             2.17829             2.18604           0.0117169
                  37             2.12832             2.18448           0.0115021
                  38             2.36897             2.18934           0.0122027
                  39             2.18112             2.18913           0.0118876
                  40             2.14707             2.18808           0.0116342
