                   1            0.093248            0.093248                   0
                   2            0.054468            0.073858             0.01939
                   3             0.06178            0.069832           0.0118968
                   4            0.077864             0.07184          0.00864861
                   5            0.062432           0.0699584          0.00695841
                   6            0.064936           0.0691213          0.00574285
                   7            0.076936           0.0702377          0.00498033
                   8             0.07566           0.0709155          0.00436602
                   9            0.066376           0.0704111          0.00388337
                  10            0.051288           0.0684988          0.00396502
                  11            0.075388           0.0691251          0.00364076
                  12            0.067904           0.0690233          0.00332511
                  13            0.075704           0.0695372          0.00310152
                  14            0.084588           0.0706123           0.0030661
                  15            0.099432           0.0725336          0.00344078
                  16            0.073044           0.0725655          0.00321871
                  17            0.074976           0.0727073          0.00302678
                  18            0.077216           0.0729578          0.00286465
                  19             0.05358           0.0719379          0.00289526
                  20            0.083836           0.0725328          0.00281037
                  21             0.07274           0.0725427          0.00267322
                  22            0.050544           0.0715427          0.00273794
                  23            0.087268           0.0722264          0.00270406
                  24            0.077544            0.072448           0.0025984
                  25            0.082872            0.072865          0.00252694
                  26            0.054648           0.0721643          0.00252688
                  27            0.058052           0.0716416          0.00248704
                  28            0.075372           0.0717749          0.00240027
                  29            0.078164           0.0719952          0.00232648
                  30            0.081532           0.0723131          0.00226996
                  31            0.044932           0.0714298          0.00236653
                  32            0.051176           0.0707969          0.00237719
                  33             0.11306           0.0720776          0.00263604
                  34            0.070396           0.0720281          0.00255782
                  35            0.058328           0.0716367          0.00251432
                  36            0.062824           0.0713919          0.00245571
                  37             0.09336           0.0719856          0.00246111
                  38            0.086624           0.0723708          0.00242624
                  39             0.06994           0.0723085          0.00236403
                  40            0.100848            0.073022          0.00241211
                   1            0.094408            0.094408                   0
                   2            0.054672             0.07454            0.019868
                   3             0.06116             0.07008           0.0123073
                   4            0.078432            0.072168          0.00894959
                   5             0.06274           0.0702824          0.00718419
                   6            0.065604           0.0695027          0.00591746
                   7            0.077212            0.070604            0.005121
                   8            0.075396            0.071203          0.00447518
                   9            0.066512           0.0706818          0.00398101
                  10             0.05232           0.0688456          0.00400628
                  11            0.076276           0.0695211          0.00368624
                  12            0.069036           0.0694807           0.0033653
                  13            0.075204           0.0699209          0.00312678
                  14            0.084784           0.0709826          0.00308337
                  15            0.099868           0.0729083          0.00345656
                  16             0.07216           0.0728615          0.00323366
                  17            0.075188           0.0729984          0.00304057
                  18            0.076948           0.0732178          0.00287507
                  19            0.053704           0.0721907          0.00290701
                  20            0.084248           0.0727936          0.00282296
                  21            0.072316           0.0727709          0.00268526
                  22            0.050468           0.0717571           0.0027537
                  23            0.087356           0.0724353          0.00271725
                  24            0.077724           0.0726557          0.00261088
                  25            0.084052           0.0731115          0.00254542
                  26            0.055228           0.0724237          0.00254045
                  27            0.058148            0.071895          0.00250108
                  28             0.07542           0.0720209          0.00241338
                  29            0.076952           0.0721909          0.00233488
                  30            0.080836           0.0724791          0.00227404
                  31              0.0453           0.0716023          0.00236776
                  32            0.052316           0.0709996          0.00237047
                  33            0.112828           0.0722672          0.00262397
                  34            0.069916            0.072198          0.00254656
                  35            0.058616           0.0718099            0.002503
                  36            0.060896           0.0715068           0.0024513
                  37            0.093884           0.0721116          0.00245964
                  38             0.08672            0.072496          0.00242471
                  39             0.07046           0.0724438          0.00236229
                  40            0.100732            0.073151          0.00240864
