                   1            0.866648            0.866648                   0
                   2            0.878336            0.872492            0.005844
                   3            0.578528            0.774504           0.0980461
                   4            0.934828            0.814585           0.0800812
                   5            0.921036            0.835875           0.0655826
                   6              0.9377            0.852846           0.0561729
                   7             0.95618            0.867608           0.0497169
                   8            0.954612            0.878483           0.0444084
                   9            0.924096            0.883552            0.039491
                  10            0.916792            0.886876           0.0354779
                  11            0.895328            0.887644           0.0321002
                  12            0.887896            0.887665           0.0293033
                  13              0.9581            0.893083           0.0274943
                  14            0.964412            0.898178           0.0259596
                  15             0.88868            0.897545           0.0241754
                  16             0.94686            0.900627           0.0228231
                  17            0.928012            0.902238            0.021499
                  18            0.909036            0.902616            0.020273
                  19            0.966732             0.90599            0.019471
                  20             0.90896            0.906139           0.0184724
                  21            0.934004            0.907466           0.0176208
                  22             0.81762            0.903382             0.01729
                  23            0.916004             0.90393           0.0165303
                  24            0.960892            0.906304           0.0160035
                  25            0.982944            0.909369           0.0156531
                  26             0.87874            0.908191           0.0150851
                  27            0.976956            0.910738           0.0147374
                  28            0.935588            0.911626            0.014229
                  29            0.924392            0.912066           0.0137366
                  30            0.920644            0.912352           0.0132739
                  31            0.942668             0.91333           0.0128758
                  32            0.860924            0.911692            0.012574
                  33            0.853852            0.909939           0.0123125
                  34            0.802532             0.90678           0.0123555
                  35            0.761796            0.902638           0.0126923
                  36            0.922884              0.9032           0.0123475
                  37             0.91006            0.903386           0.0120106
                  38            0.940684            0.904367           0.0117314
                  39            0.960484            0.905806           0.0115169
                  40            0.940816            0.906681           0.0112593
                   1            0.894716            0.894716                   0
                   2            0.878268            0.886492            0.008224
                   3              0.5787            0.783895            0.102707
                   4            0.934852            0.821634           0.0818452
                   5            0.921056            0.841518           0.0664422
                   6            0.937452            0.857507            0.056557
                   7            0.956288            0.871619           0.0498389
                   8            0.954796            0.882016           0.0443964
                   9              0.9239             0.88667           0.0394295
                  10            0.916776             0.88968           0.0353951
                  11            0.895448            0.890205           0.0320204
                  12            0.887948            0.890017           0.0292311
                  13            0.958036            0.895249            0.027393
                  14             0.96432            0.900183           0.0258364
                  15            0.888656            0.899414           0.0240647
                  16            0.946916            0.902383           0.0227054
                  17            0.927836             0.90388           0.0213805
                  18            0.909236            0.904178           0.0201599
                  19            0.966724             0.90747           0.0193514
                  20              0.9089            0.907541           0.0183585
                  21            0.933708            0.908787           0.0175068
                  22            0.817556             0.90464           0.0171995
                  23            0.916028            0.905135           0.0164421
                  24            0.960808            0.907455           0.0159121
                  25            0.983084             0.91048           0.0155593
                  26            0.878832            0.909263           0.0149984
                  27            0.976844            0.911766           0.0146476
                  28            0.935556            0.912616           0.0141404
                  29            0.924616             0.91303           0.0136503
                  30            0.920624            0.913283           0.0131899
                  31            0.942568            0.914227           0.0127923
                  32            0.860964            0.912563           0.0124974
                  33            0.853956            0.910787           0.0122423
                  34            0.802544            0.907603            0.012296
                  35            0.761732            0.903436           0.0126461
                  36             0.92286            0.903975           0.0123016
                  37            0.910464             0.90415           0.0119658
                  38              0.9405            0.905107           0.0116859
                  39             0.96046            0.906526           0.0114704
                  40            0.940692             0.90738           0.0112126
