                   1            0.096384            0.096384                   0
                   2            0.074996             0.08569            0.010694
                   3             0.06738           0.0795867          0.00868166
                   4             0.08012             0.07972          0.00614031
                   5            0.042768           0.0723296          0.00878863
                   6            0.090708           0.0753927          0.00780229
                   7            0.074124           0.0752114          0.00659663
                   8             0.08616             0.07658          0.00587449
                   9            0.098264           0.0789893          0.00571364
                  10            0.078248           0.0789152          0.00511097
                  11             0.08322           0.0793065          0.00463958
                  12            0.068224            0.078383          0.00433487
                  13             0.08536           0.0789197          0.00402345
                  14            0.112604           0.0813257          0.00443447
                  15             0.11504           0.0835733          0.00470046
                  16              0.0925           0.0841312          0.00443214
                  17             0.06558             0.08304          0.00430391
                  18            0.086972           0.0832584          0.00406364
                  19            0.074396            0.082792          0.00387202
                  20            0.087536           0.0830292          0.00368097
                  21            0.054616           0.0816762          0.00375363
                  22            0.088704           0.0819956          0.00359317
                  23            0.098152           0.0826981          0.00350452
                  24            0.097584           0.0833183          0.00341217
                  25            0.064752           0.0825757          0.00335604
                  26            0.085668           0.0826946          0.00322657
                  27            0.087608           0.0828766          0.00311009
                  28            0.090096           0.0831344          0.00300803
                  29            0.079704           0.0830161          0.00290486
                  30            0.105728           0.0837732          0.00290669
                  31            0.084136           0.0837849          0.00281138
                  32            0.121068             0.08495          0.00296097
                  33            0.060336           0.0842041          0.00296518
                  34            0.048348           0.0831495          0.00306387
                  35            0.098588           0.0835906          0.00300756
                  36            0.089904            0.083766          0.00292808
                  37            0.065892           0.0832829          0.00288853
                  38            0.065556           0.0828164          0.00284993
                  39            0.077992           0.0826927          0.00277864
                  40            0.079636           0.0826163          0.00270937
                   1            0.095724            0.095724                   0
                   2            0.074624            0.085174             0.01055
                   3            0.066972           0.0791067          0.00859729
                   4            0.080396            0.079429          0.00608774
                   5            0.041856           0.0719144          0.00887162
                   6            0.090012           0.0749307          0.00784654
                   7             0.07422           0.0748291          0.00663232
                   8            0.086564            0.076296           0.0059281
                   9            0.098488           0.0787618           0.0057804
                  10            0.077816           0.0786672          0.00517101
                  11            0.084876           0.0792316          0.00471129
                  12              0.0683           0.0783207          0.00439622
                  13            0.086596           0.0789572          0.00409373
                  14            0.112764            0.081372          0.00449396
                  15            0.115644           0.0836568          0.00476689
                  16            0.092192           0.0841903          0.00449081
                  17            0.066548           0.0831525          0.00434416
                  18            0.086652           0.0833469          0.00410032
                  19            0.073688           0.0828385          0.00391169
                  20            0.087224           0.0830578          0.00371743
                  21             0.05436           0.0816912          0.00379086
                  22            0.089616           0.0820515          0.00363235
                  23            0.098824           0.0827807          0.00354661
                  24            0.097632           0.0833995          0.00345155
                  25            0.066228           0.0827126          0.00338111
                  26              0.0863           0.0828506           0.0032514
                  27              0.0877           0.0830302          0.00313381
                  28             0.09028           0.0832891          0.00303089
                  29            0.080216           0.0831832          0.00292643
                  30            0.105464           0.0839259          0.00292313
                  31            0.084448           0.0839427          0.00282731
                  32            0.121392            0.085113          0.00297719
                  33            0.059632           0.0843408          0.00298709
                  34            0.048936           0.0832995          0.00307931
                  35            0.100436           0.0837891          0.00302986
                  36            0.089232           0.0839403          0.00294837
                  37            0.065928           0.0834535          0.00290861
                  38            0.065776           0.0829883            0.002869
                  39            0.077944            0.082859          0.00279746
                  40             0.07994            0.082786           0.0027276
