                   1            0.021992            0.021992                   0
                   2             0.02428            0.023136            0.001144
                   3             0.03226           0.0261773          0.00311223
                   4            0.027816            0.026587          0.00223848
                   5            0.028864           0.0270424          0.00179273
                   6            0.022596           0.0263013          0.00164066
                   7              0.0226           0.0257726          0.00148401
                   8            0.023016            0.025428          0.00133058
                   9            0.035056           0.0264978           0.0015879
                  10             0.02022             0.02587          0.00155282
                  11            0.034416           0.0266469          0.00160513
                  12            0.022532            0.026304          0.00150486
                  13            0.023148           0.0260612           0.0014054
                  14             0.01622           0.0253583          0.00147889
                  15            0.028516           0.0255688          0.00139277
                  16            0.042176           0.0266068          0.00166574
                  17              0.0242           0.0264652          0.00157108
                  18            0.031224           0.0267296          0.00150464
                  19            0.029688           0.0268853          0.00143174
                  20              0.0258            0.026831          0.00135935
                  21            0.035552           0.0272463          0.00135805
                  22             0.02404           0.0271005          0.00130303
                  23            0.031636           0.0272977           0.0012606
                  24            0.036096           0.0276643          0.00126138
                  25            0.019968           0.0273565          0.00124843
                  26            0.040352           0.0278563          0.00129943
                  27            0.031332            0.027985          0.00125698
                  28            0.024844           0.0278729          0.00121644
                  29            0.031532            0.027999          0.00118051
                  30            0.033976           0.0281983          0.00115775
                  31             0.01656           0.0278228          0.00118104
                  32            0.026316           0.0277758          0.00114451
                  33            0.032036           0.0279048          0.00111677
                  34            0.027028           0.0278791          0.00108373
                  35             0.03474           0.0280751          0.00107042
                  36            0.036268           0.0283027          0.00106486
                  37            0.036344             0.02852          0.00105824
                  38            0.038104           0.0287722          0.00106044
                  39            0.036024           0.0289582           0.0010495
                  40             0.04252           0.0292972          0.00107765
                   1             0.02226             0.02226                   0
                   2            0.024648            0.023454            0.001194
                   3             0.03002           0.0256427          0.00229466
                   4            0.028092            0.026255          0.00173427
                   5            0.028592           0.0267224          0.00142235
                   6            0.023216            0.026138          0.00130009
                   7            0.022592           0.0256314          0.00120993
                   8            0.022644            0.025258          0.00111238
                   9            0.035152           0.0263573          0.00147342
                  10            0.021484             0.02587          0.00140508
                  11              0.0337           0.0265818           0.0014567
                  12            0.023372           0.0263143          0.00135642
                  13            0.023756           0.0261175          0.00126315
                  14            0.016668           0.0254426          0.00135025
                  15            0.027912           0.0256072          0.00126775
                  16            0.042424           0.0266583          0.00158461
                  17             0.02386           0.0264936          0.00149756
                  18            0.032116            0.026806          0.00144605
                  19            0.030692           0.0270105          0.00138303
                  20            0.025092           0.0269146          0.00131556
                  21            0.033988           0.0272514          0.00129589
                  22             0.02474           0.0271373          0.00124084
                  23            0.032488           0.0273699          0.00120828
                  24             0.03464           0.0276728          0.00119584
                  25            0.019564           0.0273485          0.00119199
                  26             0.04132           0.0278858          0.00126503
                  27             0.02908           0.0279301          0.00121808
                  28            0.024248           0.0277986          0.00118111
                  29            0.032652           0.0279659          0.00115188
                  30            0.034544           0.0281852          0.00113422
                  31             0.01696           0.0278231          0.00115524
                  32            0.027352           0.0278084          0.00111865
                  33            0.032964           0.0279646          0.00109542
                  34            0.026532           0.0279225          0.00106355
                  35            0.033848           0.0280918           0.0010465
                  36            0.036336           0.0283208          0.00104248
                  37            0.037092           0.0285578          0.00104126
                  38            0.037804           0.0288012          0.00104229
                  39             0.03736           0.0290206          0.00103866
                  40             0.04272           0.0293631          0.00106872
