                   1            0.251207            0.251207                   0
                   2            0.251957            0.251582         0.000374659
                   3            0.243457            0.248874          0.00271686
                   4            0.248313            0.248734          0.00192621
                   5            0.257255            0.250438          0.00226508
                   6            0.247944            0.250022          0.00189556
                   7            0.251256            0.250199           0.0016117
                   8            0.250028            0.250177          0.00139594
                   9            0.260218            0.251293          0.00166138
                  10            0.255801            0.251744          0.00155286
                  11            0.251911            0.251759           0.0014047
                  12            0.247777            0.251427          0.00132455
                  13            0.249987            0.251316          0.00122344
                  14            0.250144            0.251233          0.00113577
                  15            0.245173            0.250829          0.00113189
                  16            0.248659            0.250693          0.00106743
                  17            0.253919            0.250883          0.00102047
                  18            0.258451            0.251303          0.00104998
                  19            0.254869            0.251491          0.00101076
                  20            0.255168            0.251675         0.000976349
                  21            0.251449            0.251664         0.000928756
                  22            0.245599            0.251388         0.000927454
                  23            0.251266            0.251383         0.000886229
                  24            0.249328            0.251297         0.000852808
                  25            0.244501            0.251025         0.000861976
                  26            0.252178             0.25107         0.000829345
                  27            0.245366            0.250859         0.000825529
                  28            0.251826            0.250893          0.00079625
                  29            0.247362            0.250771         0.000777889
                  30            0.249919            0.250743          0.00075205
                  31            0.252083            0.250786         0.000728669
                  32            0.247449            0.250682         0.000713196
                  33            0.252789            0.250746         0.000694189
                  34            0.255122            0.250874         0.000685653
                  35            0.252012            0.250907         0.000666568
                  36             0.24759            0.250815         0.000654306
                  37             0.25145            0.250832         0.000636608
                  38            0.244741            0.250672         0.000640025
                  39             0.25258            0.250721         0.000625315
                  40            0.247489             0.25064         0.000614812
                   1            0.253393            0.253393                   0
                   2            0.251986            0.252689         0.000703774
                   3            0.247168            0.250849          0.00188488
                   4             0.25455            0.251774           0.0016225
                   5            0.257468            0.252913          0.00169594
                   6            0.248611            0.252196          0.00155931
                   7            0.249204            0.251769          0.00138543
                   8            0.247894            0.251284          0.00129386
                   9            0.259722            0.252222          0.00147679
                  10             0.25097            0.252097           0.0013268
                  11            0.245507            0.251498          0.00134133
                  12            0.249769            0.251354           0.0012329
                  13            0.251139            0.251337          0.00113422
                  14            0.252998            0.251456          0.00105677
                  15            0.250562            0.251396         0.000985598
                  16            0.247695            0.251165         0.000950517
                  17            0.253895            0.251325         0.000907182
                  18            0.259813            0.251797         0.000976665
                  19            0.248064              0.2516         0.000944489
                  20            0.257695            0.251905          0.00094642
                  21            0.246471            0.251646         0.000936676
                  22            0.248788            0.251516          0.00090249
                  23            0.249518             0.25143         0.000866726
                  24            0.241292            0.251007         0.000931153
                  25            0.246603            0.250831         0.000910336
                  26            0.254974             0.25099          0.00088902
                  27            0.241278            0.250631         0.000928019
                  28            0.252261            0.250689         0.000896155
                  29             0.25204            0.250735         0.000865956
                  30            0.259223            0.251018         0.000883135
                  31            0.252144            0.251055         0.000854943
                  32            0.251546             0.25107         0.000827937
                  33            0.252968            0.251128         0.000804516
                  34            0.251899             0.25115         0.000780825
                  35             0.25594            0.251287         0.000770439
                  36            0.243503            0.251071         0.000779325
                  37            0.252699            0.251115         0.000759246
                  38            0.250133            0.251089         0.000739447
                  39            0.250538            0.251075         0.000720376
                  40            0.249594            0.251038         0.000703111
