                   1            0.148979            0.148979                   0
                   2            0.148415            0.148697         0.000282239
                   3            0.145037            0.147477          0.00123086
                   4            0.148029            0.147615         0.000881222
                   5            0.148373            0.147766         0.000699248
                   6            0.149551            0.148064          0.00064379
                   7            0.149861            0.148321         0.000601644
                   8            0.149202            0.148431         0.000532552
                   9            0.144056            0.147945          0.00067593
                  10            0.144589            0.147609         0.000691465
                  11            0.149617            0.147792         0.000651534
                  12            0.141852            0.147297         0.000773785
                  13            0.144438            0.147077         0.000744975
                  14            0.143792            0.146842         0.000728536
                  15            0.147421            0.146881         0.000679327
                  16            0.145919            0.146821         0.000638287
                  17            0.148465            0.146917         0.000607322
                  18            0.143893            0.146749         0.000596727
                  19            0.148724            0.146853         0.000573935
                  20            0.141407            0.146581         0.000608794
                  21            0.150152            0.146751         0.000603533
                  22            0.146985            0.146762         0.000575545
                  23            0.147009            0.146772         0.000550058
                  24            0.148735            0.146854          0.00053295
                  25            0.147032            0.146861         0.000511237
                  26            0.146927            0.146864         0.000491187
                  27            0.150119            0.146984         0.000487776
                  28            0.146412            0.146964         0.000470476
                  29            0.145229            0.146904          0.00045789
                  30            0.148076            0.146943         0.000444086
                  31            0.148696               0.147         0.000433227
                  32            0.145386            0.146949         0.000422489
                  33            0.147788            0.146975         0.000410274
                  34            0.148456            0.147018           0.0004004
                  35            0.145563            0.146977         0.000391009
                  36            0.148473            0.147018         0.000382258
                  37            0.148409            0.147056         0.000373679
                  38            0.145473            0.147014         0.000366089
                  39            0.150186            0.147096         0.000365734
                  40            0.147104            0.147096         0.000356474
                   1            0.150531            0.150531                   0
                   2            0.149239            0.149885         0.000645924
                   3            0.146799            0.148856          0.00109397
                   4            0.147088            0.148414         0.000890947
                   5             0.14608            0.147947         0.000833168
                   6              0.1482            0.147989         0.000681582
                   7            0.145622            0.147651         0.000667969
                   8            0.150485            0.148006         0.000678309
                   9            0.146058            0.147789         0.000636157
                  10            0.148013            0.147811         0.000569435
                  11            0.147273            0.147762         0.000517397
                  12             0.14446            0.147487         0.000546653
                  13            0.143127            0.147152         0.000604426
                  14            0.146118            0.147078         0.000564439
                  15             0.14734            0.147096         0.000525754
                  16            0.147095            0.147095         0.000491798
                  17            0.148935            0.147204         0.000474468
                  18            0.147085            0.147197         0.000447382
                  19             0.14765            0.147221         0.000423853
                  20            0.147395             0.14723         0.000402196
                  21            0.144712             0.14711         0.000400916
                  22            0.142471            0.146899         0.000436561
                  23            0.148712            0.146978         0.000424533
                  24            0.147017            0.146979         0.000406462
                  25            0.146698            0.146968         0.000390028
                  26            0.148532            0.147028         0.000379521
                  27            0.151181            0.147182         0.000396259
                  28            0.150636            0.147305         0.000401271
                  29            0.149303            0.147374         0.000393266
                  30            0.149436            0.147443         0.000386098
                  31             0.14725            0.147437         0.000373487
                  32              0.1475            0.147439         0.000361633
                  33            0.147998            0.147456         0.000350912
                  34            0.146264            0.147421         0.000342236
                  35             0.14193            0.147264         0.000367477
                  36            0.148159            0.147289         0.000357988
                  37            0.148881            0.147332         0.000350826
                  38            0.146901             0.14732         0.000341657
                  39            0.147002            0.147312         0.000332881
                  40            0.145741            0.147273         0.000326822
