                   1            0.023008            0.023008                   0
                   2            0.025792              0.0244            0.001392
                   3            0.025572           0.0247907         0.000893593
                   4            0.022324            0.024174         0.000882911
                   5            0.018432           0.0230256          0.00133662
                   6            0.024748           0.0233127          0.00112847
                   7            0.035772           0.0250926          0.00201932
                   8            0.019784            0.024429          0.00187045
                   9            0.029052           0.0249427           0.0017277
                  10            0.018768           0.0243252           0.0016641
                  11            0.033832           0.0251895          0.00173571
                  12            0.011432            0.024043          0.00195574
                  13            0.029104           0.0244323          0.00184066
                  14            0.024956           0.0244697          0.00170453
                  15            0.035292           0.0251912          0.00174315
                  16             0.02858            0.025403          0.00164427
                  17            0.027748           0.0255409          0.00155067
                  18            0.028548            0.025708           0.0014715
                  19            0.027524           0.0258036          0.00139517
                  20            0.029144           0.0259706          0.00133408
                  21            0.021568            0.025761          0.00128616
                  22            0.023244           0.0256465          0.00123163
                  23            0.020576           0.0254261          0.00119734
                  24             0.03272             0.02573          0.00118596
                  25            0.026472           0.0257597          0.00113792
                  26            0.033056           0.0260403          0.00112872
                  27            0.024032           0.0259659          0.00108866
                  28            0.031324           0.0261573          0.00106637
                  29              0.0195           0.0259277          0.00105424
                  30            0.020816           0.0257573          0.00103264
                  31            0.015316           0.0254205          0.00105404
                  32            0.018472           0.0252034          0.00104341
                  33              0.0308            0.025373          0.00102542
                  34            0.015944           0.0250956          0.00103274
                  35            0.027852           0.0251744          0.00100589
                  36            0.019636           0.0250206         0.000989577
                  37            0.015964           0.0247758         0.000993097
                  38              0.0293           0.0248948         0.000973915
                  39            0.040304           0.0252899          0.00102761
                  40            0.041996           0.0257076          0.00108518
                   1             0.02184             0.02184                   0
                   2            0.025624            0.023732            0.001892
                   3             0.02596           0.0244747           0.0013209
                   4            0.023124            0.024137          0.00099318
                   5            0.017976           0.0229048          0.00145264
                   6            0.023816           0.0230567          0.00119576
                   7            0.034544           0.0246977          0.00192726
                   8            0.018252            0.023892          0.00185336
                   9             0.02858           0.0244129           0.0017155
                  10            0.018544            0.023826           0.0016428
                  11            0.033944           0.0247458          0.00174762
                  12            0.011928           0.0236777          0.00191992
                  13            0.029088           0.0240938          0.00181444
                  14            0.024364           0.0241131          0.00167996
                  15            0.032912           0.0246997          0.00167034
                  16            0.028972           0.0249667          0.00158512
                  17            0.028208           0.0251574          0.00150111
                  18            0.028944           0.0253678          0.00143081
                  19            0.026508           0.0254278          0.00135474
                  20            0.029536           0.0256332          0.00130153
                  21            0.021708           0.0254463          0.00125204
                  22            0.023364           0.0253516          0.00119752
                  23            0.020352           0.0251343          0.00116473
                  24            0.031228           0.0253882          0.00114369
                  25            0.025636           0.0253981          0.00109703
                  26            0.033988           0.0257285          0.00110456
                  27            0.023352           0.0256404           0.0010665
                  28             0.02996           0.0257947          0.00103922
                  29            0.019456           0.0255761          0.00102629
                  30            0.020056           0.0253921          0.00100842
                  31            0.015696           0.0250794          0.00102427
                  32              0.0179            0.024855          0.00101681
                  33            0.032032           0.0250725          0.00100923
                  34             0.01606           0.0248074          0.00101434
                  35             0.02786           0.0248946         0.000988788
                  36            0.021216           0.0247924         0.000966347
                  37            0.015024           0.0245284         0.000976243
                  38            0.029588           0.0246616         0.000959489
                  39             0.04232           0.0251144          0.00103847
                  40            0.042076           0.0255384          0.00109741
