                   1            0.692088            0.692088                   0
                   2             0.61242            0.652254            0.039834
                   3            0.656284            0.653597           0.0230374
                   4            0.555392            0.629046            0.029464
                   5            0.699796            0.643196           0.0268533
                   6            0.621856            0.639639           0.0222122
                   7            0.757932            0.656538           0.0252585
                   8            0.728848            0.665577           0.0236684
                   9            0.728724            0.672593           0.0220212
                  10            0.593228            0.664657           0.0212352
                  11             0.66164            0.664383             0.01921
                  12            0.602684            0.659241           0.0182744
                  13              0.7626            0.667192           0.0185954
                  14            0.867352            0.681489           0.0223786
                  15             0.67838            0.681282           0.0208343
                  16            0.877816            0.693565           0.0230368
                  17              0.7755            0.698385           0.0221695
                  18            0.653548            0.695894           0.0210495
                  19             0.71512            0.696906           0.0199366
                  20            0.749296            0.699525            0.019094
                  21              0.7381            0.701362           0.0182547
                  22            0.573844            0.695566           0.0183449
                  23            0.580816            0.690577           0.0182254
                  24            0.667392            0.689611           0.0174762
                  25            0.719304            0.690798           0.0168046
                  26            0.664376            0.689782           0.0161773
                  27            0.807072            0.694126           0.0161614
                  28            0.646448            0.692423           0.0156663
                  29            0.638244            0.690555           0.0152314
                  30            0.634548            0.688688           0.0148329
                  31            0.743348            0.690451           0.0144544
                  32             0.70012            0.690754           0.0139987
                  33            0.722016            0.691701           0.0136009
                  34            0.616056            0.689476           0.0133811
                  35            0.788436            0.692304           0.0132972
                  36             0.67314            0.691771           0.0129335
                  37            0.601852            0.689341           0.0128117
                  38            0.764076            0.691308           0.0126241
                  39            0.723104            0.692123           0.0123232
                  40            0.582316            0.689378           0.0123209
                   1            0.706336            0.706336                   0
                   2             0.61238            0.659358            0.046978
                   3            0.656528            0.658415           0.0271392
                   4            0.555464            0.632677           0.0321044
                   5             0.69978            0.646098           0.0282583
                   6            0.621908            0.642066           0.0234224
                   7            0.758284            0.658669           0.0258362
                   8            0.728724            0.667425           0.0240274
                   9              0.7284              0.6742           0.0222468
                  10            0.593172            0.666098           0.0214847
                  11            0.662092            0.665733           0.0194371
                  12            0.602768            0.660486           0.0185031
                  13             0.76274            0.668352             0.01875
                  14            0.867108            0.682549           0.0224252
                  15             0.67822             0.68226           0.0208787
                  16            0.877772             0.69448            0.023038
                  17             0.77586            0.699267           0.0221635
                  18            0.653804            0.696741           0.0210481
                  19            0.714896            0.697697           0.0199324
                  20            0.749344            0.700279            0.019085
                  21            0.738036            0.702077           0.0182423
                  22            0.573692            0.696241           0.0183462
                  23            0.581008            0.691231           0.0182323
                  24             0.66694            0.690219           0.0174854
                  25            0.719416            0.691387           0.0168121
                  26            0.663924            0.690331            0.016187
                  27             0.80664            0.694638           0.0161607
                  28            0.646376            0.692915           0.0156679
                  29            0.638448            0.691037           0.0152342
                  30            0.634512            0.689152           0.0148378
                  31            0.743024             0.69089            0.014456
                  32            0.700228            0.691182               0.014
                  33            0.721992            0.692116           0.0136012
                  34            0.615804            0.689871           0.0133846
                  35            0.788488            0.692689           0.0132985
                  36            0.672904            0.692139           0.0129355
                  37            0.602032            0.689704           0.0128146
                  38             0.76404             0.69166           0.0126253
                  39            0.723248             0.69247           0.0123239
                  40            0.582228            0.689714            0.012324
