                   1             4.33499             4.33499                   0
                   2             4.45191             4.39345           0.0584607
                   3             4.07986             4.28892            0.109843
                   4             4.35112             4.30447           0.0792117
                   5              4.2122             4.28602           0.0640722
                   6             4.72078             4.35848           0.0893715
                   7             4.37242             4.36047            0.075559
                   8             4.53894             4.38278           0.0691343
                   9              4.6297             4.41021           0.0668593
                  10             4.19983             4.38918           0.0633935
                  11             4.38315             4.38863           0.0573442
                  12             4.08613             4.36342           0.0581012
                  13             4.42144             4.36788           0.0536314
                  14              4.4911             4.37668            0.050427
                  15             4.13324             4.36045           0.0496712
                  16             4.82386             4.38942           0.0547509
                  17             4.46644             4.39395           0.0516287
                  18             4.08838             4.37697           0.0515512
                  19             4.44034             4.38031           0.0488765
                  20             4.26813              4.3747           0.0467063
                  21             4.34503             4.37328           0.0444491
                  22             4.09355             4.36057           0.0442469
                  23             4.89414             4.38377           0.0482257
                  24             4.36304              4.3829           0.0461807
                  25             4.20635             4.37584           0.0448544
                  26             4.37473              4.3758           0.0430947
                  27             4.27655             4.37212           0.0416305
                  28             4.16305             4.36466           0.0408052
                  29             4.55381             4.37118           0.0399096
                  30             4.20939             4.36579           0.0389316
                  31             4.57749             4.37262           0.0382691
                  32             4.30107             4.37038           0.0371213
                  33             4.33845             4.36941           0.0359918
                  34             4.26373              4.3663           0.0350553
                  35             4.38438             4.36682           0.0340429
                  36             4.33382              4.3659           0.0330964
                  37             4.21205             4.36175            0.032457
                  38             4.49273             4.36519           0.0317788
                  39             4.62582             4.37187           0.0316664
                  40             4.52829             4.37579           0.0311113
                   1             4.34626             4.34626                   0
                   2             4.41512             4.38069           0.0344255
                   3             4.08173             4.28104            0.101615
                   4             4.36931             4.30311           0.0751647
                   5             4.18863             4.28021           0.0625621
                   6             4.72122             4.35371           0.0895084
                   7             4.35528             4.35394           0.0756487
                   8             4.51318             4.37384           0.0684712
                   9             4.64226             4.40367           0.0673496
                  10             4.20888             4.38419           0.0633103
                  11             4.39494             4.38517           0.0572746
                  12             4.06516              4.3585           0.0586925
                  13             4.41738             4.36303           0.0541789
                  14             4.53113             4.37503           0.0515771
                  15             4.13411             4.35897           0.0506308
                  16             4.85146             4.38975           0.0564843
                  17             4.46677             4.39428           0.0532509
                  18             4.09818             4.37783           0.0528318
                  19             4.44025             4.38112           0.0500817
                  20             4.28151             4.37614            0.047772
                  21             4.34431             4.37462           0.0454655
                  22             4.08567             4.36149           0.0452958
                  23             4.89449             4.38466           0.0490951
                  24             4.35638             4.38348           0.0470197
                  25             4.18378              4.3755           0.0458017
                  26             4.36134             4.37495           0.0440082
                  27             4.29024             4.37181            0.042463
                  28             4.16914             4.36458           0.0415536
                  29              4.5777             4.37192           0.0407631
                  30             4.22125              4.3669           0.0396999
                  31             4.56132             4.37317           0.0389067
                  32             4.28313             4.37036           0.0377762
                  33             4.36755             4.37028           0.0366137
                  34             4.25478             4.36688           0.0356826
                  35             4.37309             4.36706           0.0346485
                  36             4.31682             4.36566           0.0337012
                  37             4.21868             4.36169           0.0330175
                  38             4.50426             4.36544           0.0323552
                  39             4.59318             4.37128           0.0320511
                  40             4.53858             4.37546           0.0315183
