                   1            0.974326            0.974326                   0
                   2            0.965812            0.970069          0.00425711
                   3            0.948137            0.962758          0.00771289
                   4            0.980363            0.967159          0.00700818
                   5            0.936516            0.961031          0.00818718
                   6            0.976344            0.963583          0.00715547
                   7            0.948584             0.96144          0.00641584
                   8            0.877235            0.950915           0.0119022
                   9            0.964417            0.952415           0.0106034
                  10            0.967829            0.953956          0.00960839
                  11             0.90754            0.949737          0.00966132
                  12            0.986903            0.952834          0.00934756
                  13            0.968359            0.954028          0.00868104
                  14            0.951376            0.953839          0.00803931
                  15            0.953796            0.953836          0.00748419
                  16            0.945522            0.953316          0.00702008
                  17            0.958647             0.95363          0.00660167
                  18            0.952344            0.953558          0.00622452
                  19            0.964459            0.954132           0.0059157
                  20            0.975629            0.955207          0.00571412
                  21            0.931272            0.954067          0.00555343
                  22            0.938385            0.953354          0.00534276
                  23            0.941474            0.952838          0.00513124
                  24             0.92262            0.951579          0.00507157
                  25            0.956619             0.95178          0.00486866
                  26            0.979345             0.95284           0.0047963
                  27             1.00389            0.954731          0.00498754
                  28            0.958395            0.954862           0.0048079
                  29            0.907204            0.953219          0.00492162
                  30            0.965931            0.953642          0.00477358
                  31             0.95052            0.953542          0.00461813
                  32            0.990123            0.954685           0.0046153
                  33            0.940986             0.95427          0.00449247
                  34            0.976678            0.954929          0.00440789
                  35            0.942348            0.954569          0.00429516
                  36            0.915083            0.953473          0.00431585
                  37            0.979222            0.954168          0.00425489
                  38            0.985492            0.954993          0.00422264
                  39            0.975885            0.955528          0.00414768
                  40            0.972626            0.955956           0.0040652
                   1            0.980735            0.980735                   0
                   2            0.961974            0.971355          0.00938061
                   3             0.95536            0.966023          0.00759985
                   4            0.975888            0.968489          0.00591282
                   5            0.935439            0.961879          0.00804176
                   6            0.977247            0.964441          0.00704793
                   7            0.951202            0.962549          0.00624962
                   8            0.881391            0.952405           0.0114982
                   9            0.945976             0.95169           0.0101656
                  10            0.968301            0.953351          0.00924289
                  11            0.904749            0.948933          0.00945623
                  12            0.991154            0.952451           0.0093218
                  13            0.963259            0.953283          0.00861502
                  14            0.947453            0.952866          0.00798682
                  15            0.951992            0.952808          0.00743555
                  16            0.936925            0.951815          0.00702581
                  17            0.951594            0.951802          0.00659961
                  18            0.945961            0.951478          0.00623063
                  19            0.968261            0.952361          0.00595942
                  20            0.970439            0.953265           0.0057254
                  21            0.936973            0.952489          0.00550092
                  22            0.940582            0.951948          0.00527277
                  23            0.949169            0.951827          0.00503976
                  24            0.906685            0.949946          0.00517885
                  25            0.952287             0.95004          0.00496826
                  26            0.967738            0.950721          0.00482164
                  27            0.985456            0.952007          0.00481469
                  28            0.950788            0.951964          0.00463975
                  29            0.909731            0.950507           0.0047078
                  30            0.963052            0.950925          0.00456735
                  31            0.939126            0.950545          0.00443393
                  32            0.993291            0.951881          0.00449616
                  33            0.941898            0.951578          0.00436827
                  34            0.987172            0.952625          0.00436523
                  35            0.954751            0.952686          0.00423911
                  36            0.918551            0.951738          0.00422738
                  37            0.994432            0.952891          0.00427039
                  38            0.977214            0.953531          0.00420549
                  39            0.983283            0.954294          0.00416667
                  40            0.965379            0.954571          0.00407061
