                   1            0.073172            0.073172                   0
                   2            0.054592            0.063882             0.00929
                   3            0.058728            0.062164          0.00563201
                   4            0.064156            0.062662          0.00401345
                   5            0.037528           0.0576352          0.00591045
                   6            0.059972           0.0580247          0.00484155
                   7             0.08306           0.0616011          0.00543456
                   8            0.064124           0.0619165          0.00471702
                   9            0.071988           0.0630356          0.00430791
                  10             0.06064            0.062796          0.00386055
                  11            0.038756           0.0606105           0.0041195
                  12             0.04772           0.0595363          0.00391099
                  13             0.06286            0.059792          0.00360666
                  14            0.055816            0.059508          0.00335117
                  15            0.060212           0.0595549          0.00312012
                  16             0.04036           0.0583553          0.00315555
                  17             0.05018           0.0578744          0.00300288
                  18            0.048104           0.0573316          0.00288271
                  19            0.066412           0.0578095          0.00276834
                  20            0.066408           0.0582394          0.00266123
                  21            0.056764           0.0581691          0.00253231
                  22            0.052628           0.0579173          0.00242757
                  23            0.062524           0.0581176          0.00232825
                  24            0.059432           0.0581723           0.0022298
                  25            0.054524           0.0580264          0.00214372
                  26             0.06262           0.0582031          0.00206719
                  27            0.077092           0.0589027          0.00210859
                  28            0.049344           0.0585613          0.00206037
                  29            0.048576            0.058217          0.00201765
                  30            0.069924           0.0586072          0.00198791
                  31            0.055788           0.0585163          0.00192487
                  32            0.086244           0.0593827          0.00205532
                  33            0.072852           0.0597909          0.00203345
                  34             0.05126             0.05954          0.00198863
                  35             0.03698           0.0588954          0.00203572
                  36            0.061844           0.0589773          0.00198005
                  37            0.061568           0.0590474          0.00192707
                  38             0.07278           0.0594087          0.00191017
                  39             0.06238           0.0594849           0.0018621
                  40            0.066284           0.0596549           0.0018229
                   1            0.076352            0.076352                   0
                   2            0.055108             0.06573            0.010622
                   3            0.058148           0.0632027          0.00663298
                   4              0.0639            0.063377          0.00469346
                   5            0.038116           0.0583248           0.0062243
                   6            0.060472           0.0586827           0.0050947
                   7             0.08338           0.0622109           0.0055667
                   8            0.063584           0.0623825          0.00482396
                   9             0.07174           0.0634222          0.00437954
                  10             0.06048            0.063128          0.00392821
                  11            0.038964           0.0609313          0.00417742
                  12            0.048712            0.059913          0.00394706
                  13            0.062056           0.0600778           0.0036345
                  14             0.05602            0.059788          0.00337736
                  15            0.059996           0.0598019          0.00314418
                  16            0.039548            0.058536          0.00320196
                  17             0.05008           0.0580386          0.00304857
                  18            0.048116           0.0574873          0.00292661
                  19            0.065916           0.0579309          0.00280361
                  20            0.066932            0.058381          0.00269755
                  21            0.057304           0.0583297          0.00256639
                  22            0.052472           0.0580635           0.0024614
                  23            0.063348           0.0582932          0.00236315
                  24            0.059196           0.0583308          0.00226285
                  25            0.055232           0.0582069          0.00217399
                  26            0.062084            0.058356          0.00209402
                  27            0.076776           0.0590382          0.00212733
                  28            0.050624           0.0587377          0.00207185
                  29            0.047728           0.0583581          0.00203486
                  30            0.068888           0.0587091          0.00199695
                  31            0.056212           0.0586285          0.00193314
                  32            0.084884            0.059449          0.00204369
                  33             0.07308           0.0598621           0.0020234
                  34            0.051528           0.0596169          0.00197823
                  35            0.038268            0.059007           0.0020154
                  36            0.061916           0.0590878          0.00196028
                  37             0.06058           0.0591281          0.00190699
                  38            0.071852           0.0594629          0.00188609
                  39            0.061648            0.059519          0.00183795
                  40            0.066284           0.0596881          0.00179938
