                   1            0.463876            0.463876                   0
                   2            0.444247            0.454061          0.00981453
                   3            0.511645            0.473256           0.0200137
                   4            0.540613            0.490095           0.0219962
                   5            0.437223            0.479521           0.0200529
                   6             0.53408            0.488614           0.0187288
                   7            0.449361            0.483006           0.0167926
                   8             0.47679            0.482229           0.0145636
                   9             0.45715            0.479443           0.0131427
                  10            0.504039            0.481902           0.0120098
                  11            0.556087            0.488646           0.0127864
                  12            0.466672            0.486815           0.0118151
                  13            0.446664            0.483727           0.0112987
                  14            0.414646            0.478792           0.0115659
                  15            0.494947            0.479869            0.010821
                  16            0.348525             0.47166           0.0130325
                  17            0.431927            0.469323            0.012463
                  18            0.526114            0.472478           0.0121664
                  19              0.4677            0.472227            0.011511
                  20            0.494906            0.473361            0.010979
                  21            0.461523            0.472797           0.0104584
                  22            0.484093             0.47331          0.00998486
                  23            0.480487            0.473622          0.00954597
                  24            0.499698            0.474709          0.00920392
                  25            0.489312            0.475293           0.0088474
                  26            0.524278            0.477177           0.0087066
                  27            0.458723            0.476494          0.00840576
                  28            0.483345            0.476738          0.00810369
                  29            0.464961            0.476332           0.0078298
                  30            0.464332            0.475932          0.00757487
                  31            0.484491            0.476208          0.00733165
                  32            0.529688            0.477879          0.00729291
                  33            0.456082            0.477219          0.00709925
                  34            0.539732            0.479058          0.00712848
                  35            0.417874            0.477309          0.00713914
                  36            0.508136            0.478166          0.00699064
                  37            0.489877            0.478482          0.00680644
                  38            0.508749            0.479279          0.00667261
                  39            0.494065            0.479658          0.00651032
                  40            0.483666            0.479758          0.00634626
                   1             0.45247             0.45247                   0
                   2            0.446543            0.449506          0.00296347
                   3            0.516314            0.471775           0.0223349
                   4            0.542164            0.489373           0.0236449
                   5            0.432257            0.477949           0.0215856
                   6            0.537603            0.487892           0.0202354
                   7            0.446587            0.481991           0.0180914
                   8            0.477183             0.48139           0.0156791
                   9            0.459299            0.478935           0.0140438
                  10            0.506257            0.481667           0.0128549
                  11            0.551854            0.488048           0.0132633
                  12            0.465445            0.486165           0.0122533
                  13            0.443508            0.482883           0.0117393
                  14            0.415124            0.478043           0.0118974
                  15            0.494881            0.479166           0.0111326
                  16            0.349337            0.471052           0.0132017
                  17            0.429041             0.46858           0.0126447
                  18            0.526375            0.471791           0.0123464
                  19             0.46717            0.471548            0.011681
                  20            0.487928            0.472367           0.0111118
                  21            0.461355            0.471843           0.0105824
                  22            0.481503            0.472282           0.0100995
                  23            0.479807            0.472609          0.00965596
                  24            0.495148            0.473548          0.00929246
                  25            0.490206            0.474214          0.00893789
                  26            0.527099            0.476248          0.00882485
                  27            0.456916            0.475532          0.00852185
                  28             0.48149            0.475745          0.00821462
                  29            0.465139            0.475379          0.00793473
                  30             0.46507            0.475036          0.00767337
                  31            0.488963            0.475485          0.00743531
                  32            0.533404            0.477295          0.00742324
                  33            0.458517            0.476726          0.00721724
                  34            0.542152             0.47865          0.00726137
                  35            0.420104            0.476978          0.00724656
                  36            0.510045            0.477896          0.00710204
                  37            0.492357            0.478287          0.00691847
                  38            0.508771            0.479089          0.00678157
                  39            0.494592            0.479487          0.00661734
                  40            0.487984            0.479699          0.00645328
