                   1            0.179037            0.179037                   0
                   2            0.185921            0.182479          0.00344183
                   3            0.177234            0.180731          0.00264691
                   4            0.184396            0.181647          0.00208387
                   5            0.181313             0.18158          0.00161553
                   6            0.179707            0.181268          0.00135552
                   7            0.185051            0.181808          0.00126667
                   8             0.18341            0.182009          0.00111509
                   9             0.18772            0.182643          0.00117038
                  10            0.181557            0.182535          0.00105244
                  11            0.187717            0.183006          0.00106217
                  12            0.183026            0.183007         0.000969622
                  13            0.183196            0.183022         0.000892041
                  14            0.186487            0.183269          0.00086215
                  15            0.184915            0.183379          0.00081008
                  16            0.183357            0.183378         0.000757762
                  17            0.181204             0.18325         0.000723183
                  18            0.181918            0.183176         0.000685826
                  19            0.181245            0.183074         0.000656642
                  20            0.184254            0.183133         0.000625734
                  21            0.185182            0.183231         0.000603135
                  22            0.183121            0.183226         0.000575089
                  23            0.182328            0.183187           0.0005509
                  24            0.181579             0.18312         0.000531682
                  25            0.179201            0.182963          0.00053352
                  26            0.183128            0.182969         0.000512628
                  27             0.18158            0.182918         0.000495953
                  28            0.179696            0.182803         0.000491568
                  29            0.178304            0.182648          0.00049904
                  30            0.185011            0.182727          0.00048851
                  31            0.186722            0.182855          0.00048975
                  32            0.177712            0.182695         0.000500702
                  33            0.183229            0.182711         0.000485563
                  34            0.182631            0.182709         0.000471071
                  35            0.184092            0.182748         0.000459119
                  36            0.179952             0.18267         0.000452892
                  37            0.181452            0.182637          0.00044171
                  38            0.181426            0.182606         0.000431108
                  39            0.181471            0.182576         0.000420916
                  40            0.181212            0.182542         0.000411675
                   1            0.178888            0.178888                   0
                   2            0.181308            0.180098          0.00120974
                   3            0.179814            0.180004         0.000704828
                   4             0.18225            0.180565         0.000750805
                   5            0.183037            0.181059         0.000763238
                   6             0.18132            0.181103         0.000624691
                   7            0.185261            0.181697         0.000794707
                   8            0.185507            0.182173         0.000836961
                   9            0.183039            0.182269          0.00074438
                  10            0.183611            0.182404         0.000679179
                  11            0.183963            0.182545          0.00063049
                  12            0.182585            0.182549         0.000575566
                  13            0.185538            0.182779         0.000577238
                  14            0.186356            0.183034         0.000592353
                  15            0.188792            0.183418         0.000671889
                  16            0.181402            0.183292         0.000640998
                  17            0.180883             0.18315         0.000618559
                  18            0.183729            0.183182          0.00058407
                  19            0.182745            0.183159         0.000552954
                  20            0.181463            0.183075         0.000531393
                  21            0.181152            0.182983         0.000513683
                  22            0.180405            0.182866           0.0005036
                  23            0.183834            0.182908         0.000483045
                  24            0.180913            0.182825         0.000469891
                  25            0.177999            0.182632         0.000490308
                  26            0.186641            0.182786         0.000495668
                  27            0.182738            0.182784          0.00047696
                  28            0.186515            0.182917          0.00047853
                  29            0.182075            0.182888         0.000462648
                  30            0.189863            0.183121         0.000503804
                  31            0.184174            0.183155         0.000488464
                  32            0.176035            0.182932         0.000522678
                  33            0.185825             0.18302         0.000514121
                  34            0.181317             0.18297         0.000501279
                  35            0.182045            0.182943         0.000487463
                  36            0.183357            0.182955         0.000473868
                  37             0.18463               0.183         0.000463101
                  38            0.182571            0.182989         0.000450891
                  39            0.179877            0.182909         0.000446366
                  40            0.181581            0.182876          0.00043633
