                   1           -0.859308           -0.859308                   0
                   2           -0.856613            -0.85796           0.0013474
                   3           -0.855013           -0.856978          0.00125322
                   4           -0.855107            -0.85651          0.00100198
                   5           -0.863075           -0.857823          0.00152518
                   6           -0.871125            -0.86004          0.00254279
                   7           -0.863765           -0.860572          0.00221394
                   8           -0.864756           -0.861095          0.00198736
                   9           -0.855161           -0.860436          0.00187261
                  10           -0.860461           -0.860438          0.00167492
                  11           -0.856524           -0.860082          0.00155624
                  12           -0.868261           -0.860764          0.00157569
                  13           -0.864006           -0.861013          0.00147073
                  14           -0.864406           -0.861256          0.00138303
                  15           -0.857588           -0.861011          0.00131054
                  16           -0.857331           -0.860781          0.00124728
                  17           -0.862794             -0.8609          0.00117759
                  18           -0.869864           -0.861398          0.00121681
                  19            -0.85886           -0.861264          0.00115871
                  20           -0.863825           -0.861392          0.00110668
                  21           -0.863855           -0.861509          0.00105918
                  22            -0.85344           -0.861143          0.00107443
                  23           -0.871605           -0.861598          0.00112291
                  24            -0.86897           -0.861905          0.00111813
                  25           -0.866421           -0.862085          0.00108758
                  26           -0.863703           -0.862148          0.00104677
                  27           -0.861487           -0.862123          0.00100755
                  28           -0.860341           -0.862059         0.000972983
                  29           -0.863582           -0.862112         0.000940299
                  30           -0.856921           -0.861939         0.000924746
                  31           -0.867283           -0.862111          0.00091088
                  32           -0.858208           -0.861989         0.000890352
                  33           -0.870368           -0.862243         0.000899523
                  34           -0.857893           -0.862115         0.000881993
                  35           -0.862503           -0.862126         0.000856495
                  36           -0.861882            -0.86212         0.000832391
                  37           -0.857752           -0.862002         0.000818144
                  38            -0.86552           -0.862094         0.000801686
                  39           -0.857809           -0.861984         0.000788554
                  40            -0.87145           -0.862221         0.000804196
                   1           -0.860053           -0.860053                   0
                   2           -0.856821           -0.858437          0.00161588
                   3           -0.855042           -0.857305          0.00146664
                   4           -0.854646            -0.85664          0.00123181
                   5           -0.863037            -0.85792          0.00159593
                   6           -0.870894           -0.860082           0.0025246
                   7           -0.864153           -0.860663          0.00221151
                   8           -0.864705           -0.861169          0.00198074
                   9           -0.855441           -0.860532          0.00185917
                  10           -0.860402           -0.860519          0.00166295
                  11           -0.856643           -0.860167          0.00154491
                  12           -0.868403           -0.860853          0.00156845
                  13            -0.86396           -0.861092          0.00146243
                  14           -0.864069           -0.861305          0.00137054
                  15            -0.85778            -0.86107          0.00129737
                  16           -0.857373           -0.860839          0.00123537
                  17           -0.862626           -0.860944          0.00116518
                  18           -0.870205           -0.861458          0.00121307
                  19           -0.859464           -0.861353          0.00115224
                  20           -0.863683            -0.86147           0.0010993
                  21            -0.86381           -0.861581          0.00105157
                  22           -0.853336           -0.861207          0.00107039
                  23           -0.871464           -0.861653          0.00111579
                  24           -0.869106           -0.861963          0.00111252
                  25           -0.866622            -0.86215          0.00108324
                  26           -0.863845           -0.862215          0.00104278
                  27           -0.861803           -0.862199          0.00100354
                  28           -0.860832           -0.862151         0.000968263
                  29           -0.863886           -0.862211         0.000936194
                  30           -0.856669           -0.862026         0.000923116
                  31           -0.866973           -0.862185          0.00090699
                  32           -0.858567           -0.862072         0.000885438
                  33           -0.870557           -0.862329         0.000895879
                  34           -0.858228           -0.862209         0.000877463
                  35           -0.862878           -0.862228         0.000852239
                  36           -0.861854           -0.862218         0.000828292
                  37           -0.857595           -0.862093         0.000815225
                  38            -0.86533           -0.862178         0.000798043
                  39           -0.857739           -0.862064         0.000785598
                  40           -0.870655           -0.862279         0.000795258
