                   1            0.324586            0.324586                   0
                   2            0.315573             0.32008          0.00450637
                   3             0.32541            0.321856          0.00315059
                   4            0.314734            0.320076          0.00285188
                   5            0.319643            0.319989          0.00221075
                   6            0.323127            0.320512           0.0018793
                   7            0.323808            0.320983           0.0016566
                   8            0.315386            0.320283          0.00159618
                   9            0.317527            0.319977          0.00144063
                  10            0.324533            0.320433           0.0013667
                  11            0.334956            0.321753           0.0018087
                  12            0.329015            0.322358          0.00175852
                  13            0.314919            0.321786          0.00171584
                  14            0.308714            0.320852          0.00184264
                  15            0.321848            0.320919          0.00171669
                  16            0.314085            0.320492          0.00166165
                  17            0.315696            0.320209          0.00158613
                  18            0.317861            0.320079           0.0015011
                  19            0.325077            0.320342          0.00144406
                  20            0.326895             0.32067           0.0014086
                  21            0.316825            0.320487           0.0013523
                  22            0.314442            0.320212          0.00131832
                  23            0.318898            0.320155          0.00126099
                  24            0.312725            0.319845          0.00124636
                  25            0.324684            0.320039          0.00121103
                  26             0.31378            0.319798          0.00118816
                  27            0.323595            0.319939          0.00115192
                  28            0.321536            0.319996          0.00111149
                  29            0.321152            0.320036          0.00107322
                  30            0.319704            0.320025          0.00103689
                  31            0.317985            0.319959          0.00100504
                  32            0.312291            0.319719          0.00100219
                  33            0.324458            0.319863         0.000981905
                  34            0.329871            0.320157         0.000997027
                  35            0.314541            0.319997         0.000981328
                  36            0.326566            0.320179         0.000970983
                  37            0.324832            0.320305         0.000952712
                  38            0.320505             0.32031         0.000927316
                  39            0.317047            0.320226         0.000907094
                  40            0.320413            0.320231         0.000884138
                   1             0.32246             0.32246                   0
                   2             0.31866             0.32056          0.00189962
                   3            0.316952            0.319357          0.00162774
                   4            0.315978            0.318512          0.00142776
                   5            0.319802             0.31877          0.00113563
                   6            0.322651            0.319417          0.00113054
                   7            0.321389            0.319699         0.000996138
                   8            0.315222            0.319139          0.00102831
                   9            0.315907             0.31878         0.000975396
                  10            0.323948            0.319297          0.00101399
                  11            0.332863             0.32053          0.00153696
                  12            0.325763            0.320966          0.00146924
                  13            0.317972            0.320736          0.00137099
                  14            0.316198            0.320412          0.00131002
                  15            0.320537             0.32042          0.00121959
                  16            0.313278            0.319974          0.00122504
                  17            0.311645            0.319484          0.00125068
                  18            0.322739            0.319665          0.00119293
                  19            0.324931            0.319942          0.00116194
                  20            0.333128            0.320601          0.00128445
                  21            0.314663            0.320318          0.00125405
                  22            0.310497            0.319872          0.00127631
                  23            0.314258            0.319628          0.00124374
                  24            0.308711            0.319173          0.00127472
                  25            0.323555            0.319348          0.00123517
                  26            0.316097            0.319223          0.00119328
                  27            0.318518            0.319197          0.00114853
                  28            0.323674            0.319357          0.00111825
                  29            0.326765            0.319612          0.00110883
                  30             0.32343             0.31974          0.00107876
                  31             0.31517            0.319592          0.00105374
                  32            0.314802            0.319443          0.00103121
                  33            0.321079            0.319492           0.0010007
                  34            0.324482            0.319639         0.000981851
                  35            0.322889            0.319732         0.000957899
                  36            0.324114            0.319854         0.000938834
                  37            0.323728            0.319958         0.000919092
                  38            0.324427            0.320076         0.000902274
                  39            0.316746             0.31999         0.000882971
                  40             0.32419            0.320095         0.000866993
