                   1            0.038756            0.038756                   0
                   2            0.045116            0.041936             0.00318
                   3            0.052188           0.0453533           0.0038793
                   4            0.027068            0.040782          0.00533119
                   5            0.037388           0.0401032          0.00418494
                   6             0.04342            0.040656          0.00346142
                   7            0.044188           0.0411606          0.00296862
                   8            0.044936           0.0416325          0.00261386
                   9            0.030992           0.0404502          0.00259071
                  10             0.04596           0.0410012           0.0023818
                  11            0.038272           0.0407531          0.00216866
                  12            0.037152            0.040453          0.00200232
                  13            0.042172           0.0405852          0.00184661
                  14            0.036316           0.0402803          0.00173661
                  15             0.03356           0.0398323          0.00167763
                  16            0.019864           0.0385843          0.00200504
                  17            0.036868           0.0384833          0.00188611
                  18            0.027192            0.037856          0.00188564
                  19            0.020488           0.0369419          0.00200423
                  20            0.037112           0.0369504           0.0019014
                  21            0.035864           0.0368987          0.00180933
                  22             0.04024           0.0370505           0.0017318
                  23            0.044924           0.0373929          0.00168983
                  24            0.037212           0.0373853          0.00161791
                  25            0.029992           0.0370896          0.00157977
                  26            0.055336           0.0377914          0.00167219
                  27            0.040528           0.0378927          0.00161225
                  28             0.04182            0.038033          0.00155992
                  29            0.028392           0.0377006          0.00154145
                  30            0.026604           0.0373307          0.00153443
                  31            0.040612           0.0374365          0.00148788
                  32            0.028216           0.0371484          0.00146916
                  33             0.04428           0.0373645          0.00144025
                  34            0.036132           0.0373282          0.00139772
                  35              0.0387           0.0373674          0.00135776
                  36            0.045036           0.0375804          0.00133659
                  37            0.045756           0.0378014          0.00131861
                  38             0.04702            0.038044          0.00130617
                  39            0.037376           0.0380269          0.00127235
                  40              0.0442           0.0381812           0.0012497
                   1            0.037972            0.037972                   0
                   2             0.04522            0.041596            0.003624
                   3            0.051752           0.0449813          0.00397973
                   4            0.027912            0.040714          0.00511168
                   5            0.037532           0.0400776          0.00401031
                   6            0.042744            0.040522          0.00330442
                   7            0.044188           0.0410457          0.00284143
                   8            0.045664            0.041623          0.00252756
                   9             0.03108           0.0404516          0.00251816
                  10            0.045092           0.0409156          0.00229962
                  11            0.039052           0.0407462          0.00208697
                  12            0.036692           0.0404083          0.00193486
                  13             0.04216           0.0405431          0.00178491
                  14             0.03626           0.0402371          0.00168058
                  15              0.0331           0.0397613          0.00163529
                  16            0.018932           0.0384595          0.00200865
                  17            0.036768             0.03836          0.00188942
                  18            0.028148           0.0377927          0.00186952
                  19             0.02134           0.0369267          0.00196902
                  20            0.037116           0.0369362            0.001868
                  21              0.0353           0.0368583          0.00177853
                  22            0.040552           0.0370262          0.00170405
                  23            0.044184           0.0373374          0.00165775
                  24            0.038052           0.0373672          0.00158746
                  25            0.030504           0.0370926          0.00154719
                  26            0.055852           0.0378142          0.00165234
                  27             0.03966           0.0378825          0.00159143
                  28            0.041664           0.0380176          0.00153948
                  29             0.03108           0.0377783          0.00150459
                  30            0.027236           0.0374269          0.00149544
                  31             0.04092           0.0375396          0.00145078
                  32            0.028532           0.0372581          0.00143264
                  33            0.045904           0.0375201          0.00141305
                  34            0.035864           0.0374714          0.00137172
                  35               0.039           0.0375151          0.00133267
                  36            0.044988           0.0377227          0.00131165
                  37            0.045628           0.0379363          0.00129348
                  38              0.0466           0.0381643          0.00127946
                  39            0.037424           0.0381453          0.00124636
                  40            0.044212            0.038297          0.00122424
