                   1            0.193312            0.193312                   0
                   2            0.182024            0.187668            0.005644
                   3            0.148968            0.174768           0.0133052
                   4             0.27174            0.199011           0.0260046
                   5            0.197412            0.198691           0.0201456
                   6             0.21532            0.201463           0.0166806
                   7            0.266264             0.21072           0.0168655
                   8            0.198296            0.209167           0.0146883
                   9            0.219072            0.210268           0.0130005
                  10            0.164172            0.205658           0.0125083
                  11            0.221524              0.2071           0.0114058
                  12            0.185692            0.205316           0.0105637
                  13            0.218284            0.206314          0.00976829
                  14             0.21752            0.207114          0.00907903
                  15            0.188656            0.205884          0.00854123
                  16            0.175028            0.203955          0.00821903
                  17            0.134256            0.199855          0.00874156
                  18            0.190264            0.199322          0.00825883
                  19             0.19376             0.19903          0.00781755
                  20             0.23666            0.200911          0.00765133
                  21            0.111968            0.196676          0.00842056
                  22             0.18322            0.196064          0.00805195
                  23            0.237332            0.197858          0.00790035
                  24             0.28828            0.201626          0.00845037
                  25            0.151792            0.199633          0.00834683
                  26            0.256816            0.201832           0.0083155
                  27            0.240192            0.203253          0.00812675
                  28            0.195344             0.20297          0.00783622
                  29            0.153692            0.201271          0.00774977
                  30             0.17868            0.200518          0.00752476
                  31            0.140512            0.198582          0.00753099
                  32             0.22296            0.199344          0.00733154
                  33            0.244444            0.200711          0.00723613
                  34            0.217468            0.201204          0.00703736
                  35            0.189172             0.20086          0.00684197
                  36             0.15808            0.199672          0.00675455
                  37            0.222028            0.200276          0.00659719
                  38            0.172836            0.199554          0.00646171
                  39            0.231696            0.200378          0.00634758
                  40             0.19484            0.200239           0.0061884
                   1            0.180952            0.180952                   0
                   2            0.181724            0.181338            0.000386
                   3            0.149372            0.170683           0.0106577
                   4            0.271188            0.195809           0.0262321
                   5            0.197504            0.196148           0.0203222
                   6            0.214968            0.199285           0.0168868
                   7            0.266044            0.208822           0.0171652
                   8            0.198812             0.20757           0.0149181
                   9            0.218684            0.208805           0.0132143
                  10            0.163976            0.204322           0.0126409
                  11            0.221164            0.205853           0.0115361
                  12             0.18552            0.204159           0.0106665
                  13             0.21836            0.205251          0.00987234
                  14             0.21732            0.206113          0.00918057
                  15            0.188652            0.204949          0.00862556
                  16            0.174548            0.203049          0.00828919
                  17            0.133876             0.19898          0.00878544
                  18             0.19028            0.198497          0.00829708
                  19            0.193108            0.198213          0.00785338
                  20            0.237292            0.200167          0.00770233
                  21            0.112444             0.19599           0.0084336
                  22            0.183244            0.195411          0.00806196
                  23            0.237232            0.197229          0.00791516
                  24            0.289088            0.201056           0.0084899
                  25            0.152452            0.199112           0.0083721
                  26            0.256492            0.201319          0.00834091
                  27            0.240412            0.202767           0.0081556
                  28            0.196028            0.202526          0.00786261
                  29            0.154228            0.200861           0.0077673
                  30            0.178596            0.200119          0.00754054
                  31            0.140644              0.1982          0.00754136
                  32            0.222956            0.198974          0.00734276
                  33            0.244676            0.200359          0.00725027
                  34            0.217344            0.200858          0.00705152
                  35            0.189972            0.200547          0.00685414
                  36            0.157992            0.199365           0.0067651
                  37            0.222424            0.199988          0.00660917
                  38            0.172512            0.199265           0.0064734
                  39            0.232112            0.200107          0.00636124
                  40            0.194972            0.199979           0.0062015
