                   1             1.30729             1.30729                   0
                   2             1.38323             1.34526           0.0379698
                   3             1.33706             1.34252           0.0220916
                   4             1.36018             1.34694           0.0162327
                   5             1.32025              1.3416           0.0136596
                   6             1.33338             1.34023           0.0112368
                   7             1.34651             1.34113          0.00953911
                   8             1.39312             1.34763           0.0105111
                   9             1.36953             1.35006          0.00958406
                  10             1.33268             1.34832          0.00874659
                  11             1.29081             1.34309          0.00948311
                  12             1.37355             1.34563          0.00902123
                  13             1.33394             1.34473          0.00834688
                  14             1.38162             1.34737          0.00816451
                  15             1.33975             1.34686          0.00761771
                  16             1.36426             1.34795          0.00720819
                  17             1.34689             1.34788           0.0067712
                  18             1.35882             1.34849           0.0064128
                  19             1.32508             1.34726          0.00618978
                  20             1.36814              1.3483          0.00596424
                  21             1.31695             1.34681          0.00586634
                  22             1.38521             1.34856          0.00585934
                  23             1.30034             1.34646          0.00597845
                  24             1.33623             1.34603          0.00573978
                  25             1.36187             1.34667          0.00554175
                  26             1.34695             1.34668          0.00532435
                  27             1.41491              1.3492          0.00571265
                  28             1.37379             1.35008          0.00557446
                  29             1.28261             1.34776          0.00586045
                  30             1.37305              1.3486          0.00572415
                  31             1.34822             1.34859          0.00553644
                  32             1.33643             1.34821          0.00537408
                  33             1.32311             1.34745          0.00526392
                  34             1.36289              1.3479          0.00512692
                  35             1.34197             1.34773          0.00498116
                  36             1.31786              1.3469          0.00491141
                  37             1.39972             1.34833          0.00498558
                  38             1.40063             1.34971          0.00504402
                  39             1.33313             1.34928          0.00493134
                  40             1.27079             1.34732          0.00519157
                   1             1.30057             1.30057                   0
                   2             1.37739             1.33898            0.038411
                   3             1.33782              1.3386           0.0221799
                   4             1.37358             1.34734           0.0179574
                   5             1.33908             1.34569           0.0140075
                   6             1.33515             1.34393           0.0115712
                   7             1.35214             1.34511          0.00984957
                   8             1.40307             1.35235           0.0111917
                   9             1.38354             1.35582           0.0104606
                  10             1.34506             1.35474          0.00941792
                  11             1.29182             1.34902           0.0102611
                  12             1.37712             1.35136          0.00965538
                  13             1.33309             1.34996          0.00899222
                  14             1.38572             1.35251           0.0087082
                  15             1.33694             1.35147          0.00817311
                  16             1.37963             1.35323          0.00784515
                  17             1.34421              1.3527          0.00738831
                  18             1.36477             1.35337          0.00699795
                  19             1.31877             1.35155          0.00686531
                  20             1.36287             1.35212          0.00653755
                  21             1.31826              1.3505          0.00642401
                  22             1.37913             1.35181          0.00626176
                  23             1.31016                1.35          0.00625134
                  24              1.3451             1.34979          0.00598868
                  25             1.35113             1.34984          0.00574439
                  26             1.35076             1.34988          0.00551915
                  27             1.41974             1.35247          0.00590761
                  28             1.36611             1.35295          0.00571353
                  29              1.3018             1.35119          0.00578832
                  30             1.36553             1.35167          0.00561243
                  31             1.35615             1.35181          0.00543029
                  32             1.34254             1.35152          0.00526584
                  33             1.33108              1.3509          0.00514125
                  34             1.37368             1.35157          0.00503251
                  35             1.33482              1.3511          0.00491001
                  36             1.29807             1.34962          0.00499386
                  37             1.39012             1.35072          0.00497884
                  38             1.39721             1.35194          0.00499809
                  39             1.36191              1.3522          0.00487496
                  40             1.27174             1.35018          0.00515975
