                   1             2.49688             2.49688                   0
                   2             2.45346             2.47517           0.0217095
                   3              2.4999             2.48341           0.0150014
                   4             2.31168             2.44048           0.0442244
                   5             2.50283             2.45295           0.0364549
                   6             2.42659             2.44856           0.0300877
                   7             2.45781             2.44988           0.0254631
                   8             2.71736             2.48331           0.0400527
                   9             2.55467             2.49124           0.0362019
                  10             2.46085              2.4882           0.0325223
                  11             2.59912             2.49829           0.0310976
                  12             2.52897             2.50084            0.028503
                  13             2.38559             2.49198           0.0276774
                  14             2.54762             2.49595           0.0259307
                  15             2.54792             2.49942           0.0243875
                  16             2.56473              2.5035           0.0231748
                  17             2.39018             2.49683           0.0227665
                  18              2.5552             2.50008           0.0217081
                  19             2.67352              2.5092           0.0224715
                  20             2.53206             2.51035            0.021349
                  21             2.47619             2.50872            0.020372
                  22             2.48627              2.5077           0.0194507
                  23             2.45848             2.50556           0.0187086
                  24             2.45656             2.50352           0.0180281
                  25             2.49319             2.50311           0.0172969
                  26             2.41193              2.4996           0.0169842
                  27             2.43295             2.49713           0.0165285
                  28             2.51905             2.49791           0.0159465
                  29             2.55501             2.49988           0.0155122
                  30             2.51409             2.50036           0.0149937
                  31             2.55115             2.50199           0.0145942
                  32             2.60402             2.50518            0.014486
                  33             2.60794              2.5083           0.0143814
                  34             2.57875             2.51037            0.014105
                  35             2.65229             2.51442           0.0142837
                  36             2.57172             2.51601           0.0139722
                  37             2.39062             2.51263           0.0140056
                  38             2.47356              2.5116           0.0136708
                  39             2.47965             2.51078           0.0133408
                  40             2.42876             2.50873           0.0131637
                   1             2.47702             2.47702                   0
                   2             2.45981             2.46842          0.00860543
                   3             2.51356             2.48346           0.0158474
                   4             2.30926             2.43991           0.0449697
                   5             2.49743             2.45142           0.0366835
                   6             2.42286             2.44666           0.0303277
                   7             2.43576              2.4451           0.0256788
                   8             2.71577             2.47893           0.0404877
                   9             2.57517             2.48963           0.0372735
                  10             2.45331               2.486           0.0335357
                  11             2.60617             2.49692           0.0322415
                  12             2.53064             2.49973           0.0295662
                  13             2.38087             2.49059           0.0286927
                  14             2.55079             2.49489           0.0269101
                  15             2.55919             2.49917            0.025416
                  16             2.55298             2.50254           0.0240111
                  17             2.38602             2.49568           0.0235729
                  18             2.53397             2.49781           0.0223263
                  19             2.67731             2.50726           0.0231354
                  20             2.51742             2.50777           0.0219541
                  21             2.49058             2.50695           0.0208985
                  22             2.47086             2.50531           0.0199934
                  23             2.47743             2.50409           0.0191427
                  24             2.45908             2.50222           0.0184235
                  25             2.46217             2.50062           0.0177436
                  26             2.40716             2.49702           0.0174224
                  27             2.44719             2.49518            0.016866
                  28             2.50205             2.49542           0.0162544
                  29             2.55044             2.49732           0.0157982
                  30             2.51172              2.4978             0.01527
                  31             2.54904             2.49945           0.0148615
                  32             2.63727             2.50376           0.0150203
                  33             2.59897             2.50664           0.0148411
                  34             2.54793             2.50786           0.0144491
                  35             2.64608             2.51181           0.0145754
                  36             2.53084             2.51234           0.0141746
                  37              2.3903             2.50904           0.0141752
                  38             2.47401             2.50812           0.0138279
                  39             2.47754             2.50733           0.0134915
                  40             2.44312             2.50573           0.0132475
