                   1              19.629              19.629                   0
                   2             27.0805             23.3547             3.72577
                   3              16.705             21.1381             3.08876
                   4             17.9407             20.3388             2.32577
                   5             19.2249              20.116             1.81526
                   6             18.2514             19.8052             1.51438
                   7             10.7858             18.5168             1.81612
                   8             13.9143             17.9414             1.67473
                   9             10.4854              17.113             1.69345
                  10             28.1549             18.2172             1.87442
                  11             18.0094             18.1983             1.69558
                  12             28.0069             19.0157             1.75042
                  13             14.3892             18.6598             1.64901
                  14             4.87072             17.6749             1.81683
                  15             12.0681             17.3011             1.73218
                  16             4.34264             16.4912             1.81145
                  17             13.7902             16.3323             1.70896
                  18             17.5189             16.3982             1.61257
                  19             16.4356             16.4002             1.52534
                  20             12.7739             16.2189             1.45838
                  21             10.4534             15.9443              1.4141
                  22             18.5015             16.0606              1.3533
                  23               32.82             16.7892             1.48429
                  24             17.9186             16.8363             1.42188
                  25             14.8814             16.7581             1.36606
                  26             18.3163              16.818             1.31383
                  27             7.23682             16.4632              1.3131
                  28             24.2254             16.7404             1.29534
                  29              20.732              16.878             1.25744
                  30             28.7339             17.2732             1.27746
                  31             10.8484              17.066             1.25283
                  32             12.4532             16.9218             1.22158
                  33              16.367              16.905             1.18411
                  34             20.0899             16.9987             1.15256
                  35             14.5451             16.9286             1.12134
                  36              21.431             17.0536              1.0969
                  37             18.9594             17.1052             1.06809
                  38             12.1289             16.9742             1.04782
                  39             16.3267             16.9576             1.02073
                  40             31.3915             17.3184              1.0583
                   1             19.2651             19.2651                   0
                   2              27.074             23.1695             3.90448
                   3             16.7241             21.0211             3.11409
                   4             17.9307             20.2485              2.3336
                   5             19.2228             20.0433              1.8192
                   6              18.238             19.7425             1.51554
                   7             10.7723              18.461             1.81183
                   8             13.9428             17.8962             1.66764
                   9             10.4847             17.0727             1.68558
                  10             28.1539             18.1809             1.87106
                  11              18.017              18.166              1.6925
                  12              27.999             18.9854             1.74888
                  13             14.3947             18.6322             1.64703
                  14             4.87782             17.6498             1.81395
                  15             12.0754             17.2782              1.7291
                  16             4.34203             16.4697             1.80825
                  17             13.7567             16.3101             1.70603
                  18             17.5113             16.3768             1.60985
                  19             16.4635             16.3814             1.52277
                  20             12.7697             16.2008             1.45587
                  21             10.4692             15.9279             1.41145
                  22             18.5583             16.0474             1.35106
                  23              32.802             16.7759             1.48233
                  24             17.9578             16.8251             1.42008
                  25             14.8931             16.7478             1.36428
                  26             18.3487             16.8094              1.3122
                  27             7.25651             16.4556              1.3113
                  28              24.232             16.7333             1.29376
                  29             20.7247              16.871             1.25592
                  30             28.7257             17.2661             1.27606
                  31             10.8623             17.0596             1.25138
                  32             12.4404             16.9152             1.22021
                  33             16.3639             16.8985             1.18277
                  34             20.1069             16.9929             1.15133
                  35             14.5247             16.9223             1.12018
                  36             21.4191             17.0473             1.09576
                  37             18.9866             17.0997             1.06702
                  38             12.1518             16.9695             1.04669
                  39             16.3115             16.9526             1.01964
                  40             31.4277             17.3145             1.05766
