                   1             20.3981             20.3981                   0
                   2             12.6773             16.5377              3.8604
                   3             19.0118             17.3624             2.37649
                   4             18.0855             17.5432             1.69013
                   5             19.7055             17.9757             1.37875
                   6             13.1823             17.1768             1.38041
                   7             17.2196             17.1829             1.16667
                   8             10.7646             16.3806             1.29016
                   9             17.2924             16.4819             1.14232
                  10             18.7386             16.7076             1.04634
                  11             21.2339             17.1191             1.03203
                  12             23.2703             17.6317             1.07254
                  13             15.9387             17.5014            0.995152
                  14             11.3156             17.0596              1.0218
                  15             24.1093             17.5296             1.06101
                  16             15.2266             17.3856             1.00287
                  17             24.8676             17.8258             1.03977
                  18             17.4717             17.8061            0.980505
                  19             13.7067             17.5903             0.95223
                  20             12.4141             17.3315            0.939708
                  21              15.364             17.2378            0.898738
                  22             18.1378             17.2787            0.857889
                  23             16.6043             17.2494            0.820265
                  24             16.8974             17.2347            0.785481
                  25              16.941              17.223            0.753499
                  26             15.2327             17.1464            0.727974
                  27             12.7263             16.9827            0.719369
                  28             19.9336             17.0881            0.701167
                  29             18.5567             17.1388            0.678449
                  30             15.1443             17.0723            0.658807
                  31             18.9587             17.1331              0.6401
                  32             15.5702             17.0843            0.621696
                  33             12.4745             16.9446            0.618542
                  34             15.3884             16.8988            0.601817
                  35             15.0909             16.8472            0.586648
                  36             12.2483             16.7194            0.584256
                  37             22.1773             16.8669             0.58708
                  38             27.3768             17.1435            0.634836
                  39             16.2204             17.1198            0.618797
                  40             18.2351             17.1477            0.603773
                   1             18.4693             18.4693                   0
                   2             12.6636             15.5665             2.90285
                   3             19.0343             16.7224             2.03593
                   4              18.092             17.0648             1.47978
                   5              19.718             17.5954              1.2631
                   6             13.1977             16.8625             1.26525
                   7             17.2092              16.912             1.07047
                   8             10.7824             16.1458              1.2027
                   9             17.3142             16.2756              1.0686
                  10             18.7471             16.5228             0.98722
                  11             21.2744             16.9547            0.991967
                  12              23.252             17.4795             1.04661
                  13             15.8852             17.3569            0.970517
                  14             11.3213             16.9258            0.996596
                  15             24.1153             17.4051             1.04427
                  16             15.2227             17.2687            0.986306
                  17             24.8613             17.7153             1.02851
                  18             17.4778             17.7021            0.969774
                  19             13.7136             17.4922            0.941027
                  20             12.4481               17.24            0.927677
                  21             15.3519             17.1501            0.886966
                  22             18.1424             17.1952            0.846891
                  23             16.6232             17.1703            0.809614
                  24              16.917             17.1598            0.775218
                  25             16.9567             17.1516            0.743608
                  26             15.2542             17.0787            0.718153
                  27             12.7284             16.9175            0.709577
                  28               19.92             17.0248            0.692123
                  29             18.5774             17.0783            0.669973
                  30             15.1405             17.0137            0.650471
                  31             18.9347             17.0757            0.632182
                  32             15.5884             17.0292             0.61387
                  33             12.4656             16.8909            0.610837
                  34             15.3633              16.846              0.5943
                  35             15.0701             16.7952            0.579296
                  36             12.2704             16.6695            0.576835
                  37             22.1962             16.8189            0.580572
                  38             27.3739             17.0967            0.629663
                  39             16.1957             17.0736            0.613741
                  40             18.2538             17.1031            0.598928
