                   1            0.019412            0.019412                   0
                   2            0.013772            0.016592             0.00282
                   3            0.010016              0.0144          0.00273051
                   4            0.008636            0.012959          0.00240921
                   5            0.011484            0.012664          0.00188934
                   6            0.016988           0.0133847          0.00170268
                   7            0.022488           0.0146851          0.00193959
                   8            0.023428            0.015778          0.00200396
                   9            0.019108            0.016148          0.00180564
                  10            0.012188            0.015752          0.00166286
                  11            0.009992           0.0152284          0.00159265
                  12             0.01658            0.015341          0.00145824
                  13             0.01624           0.0154102          0.00134317
                  14            0.017836           0.0155834          0.00125555
                  15            0.016772           0.0156627          0.00117153
                  16            0.018644            0.015849           0.0011116
                  17            0.016124           0.0158652          0.00104429
                  18            0.026584           0.0164607          0.00115064
                  19            0.021288           0.0167147          0.00111766
                  20            0.011008           0.0164294          0.00109803
                  21             0.02024           0.0166109          0.00106008
                  22            0.027804           0.0171196          0.00113158
                  23            0.016208             0.01708          0.00108198
                  24             0.01812           0.0171233          0.00103683
                  25            0.019008           0.0171987         0.000997342
                  26            0.009116           0.0168878          0.00100738
                  27            0.022276           0.0170874         0.000989683
                  28            0.025144           0.0173751         0.000996143
                  29             0.01522           0.0173008         0.000964049
                  30            0.013924           0.0171883         0.000938137
                  31             0.01994            0.017277         0.000911701
                  32            0.012088           0.0171149         0.000897521
                  33            0.024836           0.0173488         0.000900815
                  34            0.009688           0.0171235         0.000902498
                  35            0.012804           0.0170001          0.00088498
                  36             0.02498           0.0172218         0.000888152
                  37            0.020724           0.0173164         0.000868985
                  38            0.016552           0.0172963         0.000846047
                  39            0.021812           0.0174121         0.000832163
                  40            0.018864           0.0174484         0.000811904
                   1            0.020932            0.020932                   0
                   2            0.013528             0.01723            0.003702
                   3            0.009708           0.0147227          0.00329469
                   4            0.008232              0.0131          0.00283911
                   5             0.01178            0.012836          0.00221495
                   6            0.017536           0.0136193          0.00197086
                   7            0.023032            0.014964          0.00214071
                   8            0.023808           0.0160695          0.00215849
                   9            0.019088           0.0164049          0.00193293
                  10            0.012144           0.0159788           0.0017806
                  11             0.01092           0.0155189          0.00167498
                  12            0.015236           0.0154953          0.00152923
                  13            0.017724           0.0156668          0.00141709
                  14            0.018296           0.0158546          0.00132535
                  15            0.016552           0.0159011          0.00123471
                  16             0.01968           0.0161372          0.00117886
                  17            0.016004           0.0161294          0.00110738
                  18            0.027752           0.0167751          0.00122758
                  19            0.022452           0.0170739            0.001199
                  20            0.010876            0.016764          0.00117893
                  21            0.019204           0.0168802          0.00112739
                  22            0.028628           0.0174142          0.00120025
                  23            0.017764           0.0174294          0.00114698
                  24            0.017268           0.0174227          0.00109817
                  25              0.0184           0.0174618          0.00105406
                  26            0.008924           0.0171334          0.00106461
                  27            0.023736           0.0173779          0.00105321
                  28            0.024892           0.0176463          0.00104978
                  29            0.016192           0.0175961          0.00101417
                  30            0.014568           0.0174952         0.000984968
                  31             0.02012           0.0175799          0.00095642
                  32              0.0107           0.0173649         0.000950679
                  33             0.02586           0.0176223         0.000956705
                  34             0.00994           0.0173964         0.000955248
                  35            0.011564           0.0172297         0.000942403
                  36            0.023408           0.0174013         0.000931792
                  37            0.021896           0.0175228         0.000914364
                  38            0.017296           0.0175168         0.000889997
                  39            0.020896           0.0176035         0.000871195
                  40            0.019376           0.0176478         0.000850292
