                   1            0.053528            0.053528                   0
                   2             0.05496            0.054244            0.000716
                   3            0.044736           0.0510747          0.00319618
                   4            0.033424            0.046662          0.00495776
                   5            0.041324           0.0455944           0.0039859
                   6            0.046112           0.0456807          0.00325562
                   7            0.039584           0.0448097          0.00288605
                   8            0.055844            0.046189          0.00285472
                   9            0.049836           0.0465942          0.00255003
                  10            0.045652              0.0465          0.00228276
                  11            0.056728           0.0474298          0.00226453
                  12            0.028004            0.045811          0.00262564
                  13            0.042076           0.0455237          0.00243227
                  14            0.045156           0.0454974          0.00225199
                  15            0.055968           0.0461955          0.00220965
                  16            0.044672           0.0461003          0.00206913
                  17            0.047796              0.0462          0.00194616
                  18            0.053604           0.0466113           0.0018804
                  19            0.041424           0.0463383          0.00179951
                  20            0.044608           0.0462518          0.00170936
                  21            0.040244           0.0459657           0.0016509
                  22            0.036048           0.0455149          0.00163736
                  23             0.05534           0.0459421          0.00162182
                  24            0.054188           0.0462857          0.00159033
                  25            0.030248           0.0456442          0.00165479
                  26            0.052932           0.0459245          0.00161439
                  27            0.039844           0.0456993          0.00156969
                  28            0.034108           0.0452853          0.00156822
                  29             0.05766            0.045712          0.00157219
                  30            0.055804           0.0460484          0.00155569
                  31            0.050772           0.0462008          0.00151236
                  32            0.045776           0.0461875           0.0014644
                  33            0.048348            0.046253          0.00142084
                  34            0.026876           0.0456831          0.00149159
                  35            0.041532           0.0455645          0.00145319
                  36             0.03882           0.0453771          0.00142462
                  37            0.040748            0.045252          0.00139122
                  38            0.045748           0.0452651          0.00135418
                  39            0.039708           0.0451226          0.00132667
                  40             0.05316           0.0453235           0.0013086
                   1             0.05098             0.05098                   0
                   2            0.054344            0.052662            0.001682
                   3            0.044004            0.049776            0.003045
                   4             0.03332            0.045662          0.00464338
                   5            0.041664           0.0448624          0.00368456
                   6            0.045684           0.0449993          0.00301154
                   7            0.039124             0.04416          0.00268004
                   8            0.056268           0.0456735          0.00277086
                   9            0.049808           0.0461329          0.00248647
                  10            0.045048           0.0460244          0.00222661
                  11              0.0571           0.0470313          0.00225171
                  12            0.029332           0.0455563          0.00252994
                  13            0.041992           0.0452822           0.0023433
                  14            0.045448            0.045294          0.00216951
                  15            0.056208           0.0460216          0.00214676
                  16            0.043752           0.0458798          0.00201312
                  17            0.048068           0.0460085          0.00189537
                  18             0.05368           0.0464347          0.00183709
                  19            0.042236           0.0462137          0.00175171
                  20            0.044552           0.0461306           0.0016639
                  21             0.04072            0.045873          0.00160351
                  22              0.0359           0.0454196          0.00159468
                  23              0.0554           0.0458536          0.00158435
                  24            0.053236           0.0461612          0.00154777
                  25              0.0303           0.0455267          0.00161446
                  26            0.054004           0.0458528          0.00158502
                  27            0.039368           0.0456126          0.00154398
                  28            0.033808            0.045191           0.0015464
                  29            0.058292           0.0456428          0.00155901
                  30            0.056176           0.0459939          0.00154653
                  31                0.05           0.0461231          0.00150138
                  32            0.045376           0.0460998          0.00145389
                  33             0.04924           0.0461949          0.00141236
                  34            0.027552           0.0456466          0.00147583
                  35            0.041136           0.0455177          0.00143882
                  36            0.038452           0.0453214          0.00141199
                  37             0.04108           0.0452068          0.00137808
                  38            0.045656           0.0452186          0.00134137
                  39            0.038468           0.0450455          0.00131794
                  40            0.052804           0.0452395          0.00129913
