                   1           -0.906818           -0.906818                   0
                   2           -0.922563            -0.91469          0.00787244
                   3           -0.903152           -0.910844          0.00595406
                   4           -0.902599           -0.908783          0.00468768
                   5           -0.911341           -0.909294          0.00366692
                   6           -0.927159           -0.912272          0.00422243
                   7           -0.912964           -0.912371          0.00356997
                   8           -0.922283            -0.91361          0.00333073
                   9           -0.912669           -0.913505          0.00293928
                  10           -0.902855            -0.91244          0.00283651
                  11           -0.912581           -0.912453          0.00256575
                  12           -0.908962           -0.912162          0.00236019
                  13           -0.907199            -0.91178          0.00220438
                  14           -0.919865           -0.912358          0.00212099
                  15           -0.908097           -0.912074          0.00199485
                  16           -0.911934           -0.912065          0.00186603
                  17            -0.90874           -0.911869          0.00176371
                  18           -0.917189           -0.912165           0.0016889
                  19           -0.908407           -0.911967          0.00160973
                  20           -0.914153           -0.912076          0.00153103
                  21           -0.916712           -0.912297          0.00147294
                  22           -0.899145           -0.911699          0.00152633
                  23           -0.919528            -0.91204          0.00149766
                  24           -0.914816           -0.912155          0.00143856
                  25           -0.908948           -0.912027          0.00138576
                  26           -0.912755           -0.912055          0.00133169
                  27           -0.910949           -0.912014          0.00128208
                  28           -0.916021           -0.912157           0.0012437
                  29            -0.92086           -0.912457            0.001237
                  30           -0.917061           -0.912611          0.00120487
                  31           -0.917609           -0.912772          0.00117645
                  32           -0.901978           -0.912435          0.00118799
                  33           -0.915573            -0.91253          0.00115535
                  34           -0.899654           -0.912151          0.00118311
                  35           -0.911334           -0.912128          0.00114904
                  36           -0.916854           -0.912259          0.00112436
                  37           -0.904828           -0.912058          0.00111184
                  38           -0.914023            -0.91211          0.00108342
                  39           -0.912734           -0.912126          0.00105539
                  40           -0.906369           -0.911982          0.00103869
                   1           -0.910039           -0.910039                   0
                   2           -0.922433           -0.916236          0.00619664
                   3           -0.903443           -0.911972          0.00556628
                   4           -0.902622           -0.909634          0.00457771
                   5           -0.911638           -0.910035          0.00356846
                   6           -0.927086           -0.912877          0.00407004
                   7           -0.913271           -0.912933          0.00344027
                   8           -0.922144           -0.914085          0.00319411
                   9           -0.912721           -0.913933          0.00282101
                  10           -0.902723           -0.912812          0.00276099
                  11           -0.912516           -0.912785          0.00249756
                  12           -0.909196           -0.912486          0.00229948
                  13            -0.90736           -0.912092          0.00215165
                  14           -0.919855           -0.912646          0.00206777
                  15           -0.908132           -0.912345          0.00194837
                  16            -0.91172           -0.912306          0.00182295
                  17           -0.908638           -0.912091          0.00172591
                  18           -0.917458           -0.912389           0.0016543
                  19           -0.908499           -0.912184          0.00157814
                  20           -0.914089           -0.912279          0.00150019
                  21            -0.91666           -0.912488          0.00144213
                  22           -0.899326            -0.91189          0.00149953
                  23           -0.919573           -0.912224          0.00147128
                  24           -0.915004           -0.912339           0.0014134
                  25           -0.909208           -0.912214          0.00136146
                  26           -0.912879            -0.91224           0.0013083
                  27           -0.910988           -0.912193          0.00125976
                  28           -0.916163           -0.912335          0.00122219
                  29           -0.921115           -0.912638          0.00121753
                  30           -0.916988           -0.912783          0.00118516
                  31            -0.91724           -0.912927          0.00115527
                  32           -0.901748           -0.912577          0.00117187
                  33           -0.915606           -0.912669           0.0011395
                  34           -0.899827           -0.912292          0.00116822
                  35           -0.911218           -0.912261          0.00113477
                  36           -0.916504           -0.912379          0.00110908
                  37           -0.905107           -0.912182          0.00109645
                  38           -0.913955           -0.912229          0.00106822
                  39           -0.912775           -0.912243          0.00104057
                  40           -0.906243           -0.912093          0.00102525
