                   1            0.023816            0.023816                   0
                   2            0.024068            0.023942            0.000126
                   3            0.025636           0.0245067         0.000569333
                   4            0.017792            0.022828          0.00172627
                   5            0.016556           0.0215736          0.00183344
                   6             0.00988           0.0196247          0.00245751
                   7            0.022568           0.0200451          0.00211911
                   8             0.01534            0.019457          0.00192714
                   9            0.027448           0.0203449          0.00191753
                  10            0.022168           0.0205272          0.00172475
                  11            0.023232           0.0207731          0.00157936
                  12            0.013428            0.020161           0.0015663
                  13            0.012308           0.0195569           0.0015623
                  14            0.017144           0.0193846          0.00145664
                  15            0.016416           0.0191867          0.00137042
                  16             0.02168           0.0193425          0.00129135
                  17            0.020984           0.0194391          0.00121685
                  18            0.024692           0.0197309          0.00118379
                  19            0.020756           0.0197848          0.00112105
                  20            0.023596           0.0199754          0.00108046
                  21            0.018888           0.0199236          0.00102903
                  22            0.028524           0.0203145          0.00105615
                  23            0.020304           0.0203141          0.00100919
                  24            0.015072           0.0200957         0.000990604
                  25            0.021648           0.0201578         0.000952181
                  26            0.022896           0.0202631         0.000920868
                  27            0.020332           0.0202656          0.00088611
                  28            0.028664           0.0205656         0.000905025
                  29            0.032284           0.0209697         0.000962219
                  30            0.017928           0.0208683         0.000935105
                  31            0.021452           0.0208871         0.000904633
                  32            0.016524           0.0207507         0.000886456
                  33             0.02002           0.0207286         0.000859459
                  34            0.017544           0.0206349         0.000839042
                  35            0.014016           0.0204458         0.000836378
                  36            0.021376           0.0204717         0.000813224
                  37            0.023644           0.0205574         0.000795573
                  38            0.015168           0.0204156         0.000787235
                  39            0.033412           0.0207488         0.000836066
                  40            0.007492           0.0204174         0.000879714
                   1            0.025144            0.025144                   0
                   2            0.024748            0.024946            0.000198
                   3             0.02676           0.0255507         0.000615378
                   4            0.017448            0.023525          0.00207188
                   5             0.01698            0.022216          0.00207101
                   6            0.010532           0.0202687          0.00257905
                   7            0.022552           0.0205949          0.00220397
                   8            0.015328           0.0199365          0.00201904
                   9            0.026908           0.0207111          0.00194182
                  10            0.023204           0.0209604          0.00175462
                  11            0.023744           0.0212135          0.00160716
                  12            0.012764           0.0205093          0.00162734
                  13            0.011808             0.01984          0.00163977
                  14            0.017888           0.0197006          0.00152452
                  15            0.016004           0.0194541          0.00144049
                  16            0.020104           0.0194948          0.00134806
                  17             0.02118           0.0195939          0.00127016
                  18            0.026156           0.0199584          0.00125178
                  19             0.02114           0.0200206           0.0011857
                  20            0.023736           0.0202064          0.00114009
                  21            0.017268           0.0200665          0.00109343
                  22            0.028868           0.0204665          0.00111667
                  23            0.021572           0.0205146           0.0010681
                  24            0.013996            0.020243          0.00105808
                  25            0.021444            0.020291          0.00101601
                  26            0.023628           0.0204194         0.000984554
                  27            0.021296           0.0204519         0.000947943
                  28            0.029232           0.0207654         0.000965785
                  29              0.0312           0.0211252         0.000998939
                  30            0.018612           0.0210415         0.000968696
                  31            0.019996           0.0210077         0.000937534
                  32            0.016368           0.0208627          0.00091927
                  33              0.0212            0.020873         0.000891036
                  34            0.018096           0.0207913         0.000868282
                  35            0.014748           0.0206186         0.000860608
                  36            0.022096           0.0206597         0.000837367
                  37            0.021436           0.0206806         0.000814691
                  38            0.015496           0.0205442         0.000804615
                  39            0.033936           0.0208876         0.000855636
                  40            0.007768           0.0205596          0.00089615
