                   1           -0.483576           -0.483576                   0
                   2           -0.486406           -0.484991          0.00141488
                   3           -0.482221           -0.484068           0.0012327
                   4           -0.482828           -0.483758         0.000925069
                   5           -0.483033           -0.483613         0.000731057
                   6           -0.482572           -0.483439         0.000621607
                   7           -0.484612           -0.483607         0.000551416
                   8           -0.480628           -0.483235          0.00060553
                   9           -0.487141           -0.483669         0.000688182
                  10           -0.483252           -0.483627         0.000616935
                  11           -0.482624           -0.483536         0.000565434
                  12           -0.480739           -0.483303         0.000566362
                  13           -0.483599           -0.483326         0.000521475
                  14           -0.481476           -0.483193         0.000500533
                  15           -0.484274           -0.483266          0.00047151
                  16           -0.481716           -0.483169         0.000451571
                  17            -0.48482           -0.483266         0.000435157
                  18           -0.480616           -0.483119         0.000435872
                  19           -0.483794           -0.483154         0.000413822
                  20           -0.483636           -0.483178         0.000393325
                  21           -0.482767           -0.483159         0.000374639
                  22           -0.484225           -0.483207         0.000360476
                  23           -0.483385           -0.483215         0.000344534
                  24           -0.482338           -0.483178         0.000331883
                  25           -0.483335           -0.483185         0.000318393
                  26           -0.484455           -0.483233          0.00030978
                  27           -0.480475           -0.483131         0.000315112
                  28           -0.483897           -0.483159         0.000304878
                  29           -0.482991           -0.483153         0.000294235
                  30           -0.482528           -0.483132         0.000285021
                  31           -0.481915           -0.483093         0.000278453
                  32           -0.484374           -0.483133          0.00027257
                  33           -0.480249           -0.483045         0.000278262
                  34           -0.480565           -0.482972          0.00027964
                  35           -0.484231           -0.483008         0.000273903
                  36           -0.484117           -0.483039         0.000267963
                  37           -0.482807           -0.483033         0.000260696
                  38            -0.48549           -0.483098         0.000261852
                  39           -0.483176             -0.4831         0.000255058
                  40           -0.482602           -0.483087          0.00024891
                   1           -0.482909           -0.482909                   0
                   2           -0.487613           -0.485261          0.00235188
                   3           -0.483888           -0.484804          0.00143288
                   4            -0.48409           -0.484625          0.00102879
                   5           -0.481956           -0.484091         0.000959187
                   6           -0.481728           -0.483697         0.000876616
                   7           -0.484764            -0.48385         0.000756377
                   8           -0.481141           -0.483511         0.000737385
                   9           -0.487823            -0.48399         0.000807738
                  10           -0.481262           -0.483717         0.000772272
                  11            -0.48297           -0.483649         0.000701843
                  12           -0.482211            -0.48353         0.000651803
                  13           -0.482939           -0.483484         0.000601289
                  14           -0.480781           -0.483291         0.000589212
                  15           -0.485718           -0.483453         0.000571894
                  16           -0.482608             -0.4834         0.000537556
                  17           -0.483917           -0.483431         0.000505861
                  18           -0.481834           -0.483342         0.000485105
                  19            -0.48187           -0.483264         0.000465358
                  20           -0.482822           -0.483242         0.000442031
                  21           -0.482264           -0.483196          0.00042303
                  22           -0.483039           -0.483189         0.000403406
                  23            -0.48293           -0.483177         0.000385632
                  24           -0.482821           -0.483162         0.000369513
                  25           -0.482911           -0.483152         0.000354567
                  26           -0.482962           -0.483145         0.000340736
                  27           -0.481406           -0.483081         0.000334143
                  28           -0.483437           -0.483093         0.000322239
                  29           -0.483997           -0.483125         0.000312487
                  30           -0.482811           -0.483114         0.000302072
                  31           -0.480419           -0.483027         0.000304824
                  32           -0.484131           -0.483062         0.000297154
                  33           -0.480371            -0.48298         0.000299325
                  34           -0.480763           -0.482915         0.000297622
                  35           -0.484397           -0.482957         0.000292079
                  36           -0.483999           -0.482986          0.00028532
                  37           -0.483638           -0.483004          0.00027806
                  38           -0.486204           -0.483088         0.000283444
                  39           -0.485867           -0.483159         0.000285129
                  40           -0.482158           -0.483134         0.000279034
