                   1           -0.505888           -0.505888                   0
                   2           -0.507933           -0.506911          0.00102208
                   3           -0.507446           -0.507089         0.000616514
                   4           -0.503703           -0.506243         0.000952224
                   5           -0.505936           -0.506181         0.000740126
                   6           -0.504736            -0.50594         0.000650555
                   7           -0.506122           -0.505966         0.000550428
                   8           -0.505335           -0.505887         0.000483179
                   9           -0.510243           -0.506371         0.000644831
                  10           -0.507777           -0.506512         0.000593647
                  11           -0.505282             -0.5064         0.000548492
                  12           -0.503422           -0.506152          0.00055885
                  13           -0.505677           -0.506115         0.000515363
                  14           -0.502863           -0.505883         0.000530671
                  15           -0.506718           -0.505939         0.000497152
                  16           -0.506068           -0.505947         0.000465114
                  17           -0.506545           -0.505982         0.000438314
                  18           -0.506108           -0.505989         0.000413305
                  19            -0.50535           -0.505955         0.000392392
                  20           -0.507473           -0.506031         0.000379907
                  21           -0.504389           -0.505953         0.000369728
                  22           -0.506556            -0.50598         0.000353587
                  23            -0.50574            -0.50597         0.000338026
                  24           -0.504845           -0.505923          0.00032701
                  25           -0.508815           -0.506039          0.00033431
                  26           -0.507639             -0.5061         0.000327035
                  27           -0.505879           -0.506092         0.000314797
                  28            -0.50471           -0.506043         0.000307337
                  29           -0.507022           -0.506077         0.000298467
                  30           -0.503086           -0.505977          0.00030509
                  31           -0.505705           -0.505968         0.000295215
                  32           -0.507024           -0.506001         0.000287737
                  33           -0.504066           -0.505942         0.000284981
                  34           -0.502503           -0.505841         0.000294399
                  35           -0.506327           -0.505855           0.0002862
                  36           -0.505546           -0.505847         0.000278269
                  37           -0.504145           -0.505801         0.000274524
                  38           -0.506572           -0.505821         0.000267972
                  39           -0.504582           -0.505789         0.000262937
                  40           -0.502615            -0.50571         0.000268282
                   1           -0.504972           -0.504972                   0
                   2           -0.509644           -0.507308            0.002336
                   3            -0.50755           -0.507389           0.0013511
                   4           -0.504781           -0.506737          0.00115657
                   5           -0.505783           -0.506546         0.000915954
                   6           -0.503531           -0.506044         0.000900989
                   7           -0.506023           -0.506041         0.000761481
                   8            -0.50612           -0.506051         0.000659535
                   9           -0.510146           -0.506506         0.000738469
                  10            -0.50562           -0.506417         0.000666415
                  11           -0.505969           -0.506376         0.000604172
                  12           -0.504656           -0.506233         0.000569855
                  13           -0.506166           -0.506228         0.000524216
                  14           -0.502295           -0.505947         0.000560758
                  15            -0.50717           -0.506028         0.000528365
                  16           -0.506501           -0.506058         0.000495121
                  17           -0.505839           -0.506045         0.000465265
                  18           -0.506271           -0.506058         0.000438836
                  19           -0.503668           -0.505932         0.000433725
                  20           -0.507171           -0.505994         0.000416108
                  21           -0.504083           -0.505903         0.000406119
                  22           -0.506278            -0.50592         0.000387595
                  23           -0.505977           -0.505922         0.000370368
                  24            -0.50545           -0.505903         0.000355145
                  25           -0.507215           -0.505955         0.000344665
                  26           -0.506194           -0.505964         0.000331271
                  27           -0.506034           -0.505967         0.000318776
                  28           -0.505688           -0.505957         0.000307341
                  29           -0.506421           -0.505973         0.000296985
                  30           -0.503173            -0.50588         0.000301716
                  31           -0.504098           -0.505822          0.00029743
                  32           -0.506281           -0.505837         0.000288342
                  33           -0.504512           -0.505796         0.000282335
                  34           -0.503259           -0.505722         0.000283892
                  35           -0.506668           -0.505749         0.000276983
                  36           -0.505428            -0.50574         0.000269327
                  37            -0.50594           -0.505745         0.000262003
                  38           -0.507374           -0.505788         0.000258591
                  39           -0.507888           -0.505842         0.000257563
                  40            -0.50238           -0.505755         0.000265542
