0.493991   -0.498793   0.497146
-0.332127   -0.344067   -0.49654
0.487764   -0.329731   -0.335194
-0.342021   -0.492185   -0.325228
-0.167892   0.491841   0.492875
-0.000101855   -0.364581   0.490494
-0.168177   -0.306869   -0.332559
-0.00701004   -0.489746   -0.335551
0.172751   0.480051   -0.493509
0.336599   -0.347784   -0.497343
0.175093   -0.331124   -0.351156
0.331593   0.493198   -0.322457
-0.481527   -0.16764   0.495172
-0.330327   0.00085134   -0.496191
-0.495954   -0.00886818   -0.332314
-0.332627   -0.165129   -0.32222
-0.183376   -0.169728   0.494942
-0.00429673   -0.0116556   -0.491609
-0.166255   0.0015795   -0.342862
-0.00117446   -0.184854   -0.351594
0.194819   -0.16086   -0.496945
0.342176   0.0029733   -0.493837
0.16816   -0.020217   -0.343234
0.343692   -0.167318   -0.327486
0.487324   0.163857   -0.487092
-0.346414   0.343141   -0.47601
0.493512   0.323049   -0.334336
-0.347088   0.165479   -0.343701
-0.182   0.163358   0.498904
-0.000844214   0.336014   0.499257
-0.17595   0.304065   -0.324363
0.00375673   0.158155   -0.326374
0.163702   0.162378   0.495601
0.321029   0.321056   0.499247
0.169901   0.322083   -0.325718
0.318116   0.165613   -0.330449
0.487383   0.497372   -0.162358
-0.327937   -0.323156   -0.160751
0.493584   -0.348556   -0.00205327
-0.3277   -0.479318   0.0137643
-0.177606   -0.498785   -0.185623
-0.0127721   -0.335191   -0.177955
-0.15898   -0.318997   0.0340166
-0.0120119   -0.488252   -0.00797915
0.145717   0.49307   -0.163981
0.335324   -0.331259   -0.15378
0.167006   -0.343556   0.00659085
0.351399   -0.49293   0.006996
0.497621   -0.160073   -0.173602
-0.336646   -0.000369005   -0.186268
-0.497631   0.00274156   -0.00343189
-0.328769   -0.169755   -0.00541111
-0.169578   -0.170244   -0.146272
-0.000417015   -0.0216482   -0.173162
-0.166797   0.00270111   0.00168019
0.0160593   -0.171244   -0.00404769
0.171475   -0.164534   -0.172552
0.346267   -0.00336741   -0.168112
0.161426   0.00581298   -0.00359605
0.354055   -0.164283   -0.00221606
0.494751   0.171239   -0.175466
-0.349465   0.339177   -0.183712
-0.495854   0.340676   -0.000348672
-0.319746   0.166839   0.00466439
-0.168218   0.142048   -0.164919
-0.0199496   0.32658   -0.169143
-0.183836   0.35106   -0.0170269
-0.00472228   0.145839   -0.0166331
0.169895   0.160302   -0.184973
0.314342   0.345096   -0.150623
0.15292   0.326139   0.00153922
0.356718   0.162438   -0.0179264
-0.496741   0.497292   0.160822
-0.343561   -0.31536   0.171261
0.491406   -0.346315   0.346125
-0.329145   -0.492497   0.339174
-0.157717   0.493357   0.164161
0.029238   -0.316259   0.185292
-0.162493   -0.340672   0.327558
0.00764672   0.497305   0.329603
0.156928   0.485851   0.174046
0.335623   -0.336922   0.175088
0.174469   -0.346411   0.352464
0.33578   0.485059   0.317551
0.496195   -0.165547   0.158239
-0.325848   -0.000862782   0.157989
0.497839   -0.0176088   0.322585
-0.315734   -0.160212   0.312756
-0.15841   -0.153976   0.15758
-0.00372342   0.00629966   0.157202
-0.147978   0.00282346   0.332159
0.023769   -0.16792   0.353436
0.193725   -0.164078   0.172619
0.34058   -0.00245336   0.14267
0.160358   0.0108817   0.342259
0.336646   -0.163496   0.337113
0.490829   0.183998   0.168236
-0.32258   0.328922   0.172877
-0.49187   0.339905   0.333209
-0.347133   0.154864   0.339139
-0.149649   0.171872   0.165914
0.00328433   0.335227   0.156403
-0.193202   0.340002   0.348268
-0.00199525   0.188301   0.332123
0.165392   0.165961   0.164286
0.327296   0.326261   0.147404
0.149967   0.331585   0.33556
0.326817   0.142538   0.324033
