1.20351
1.20943
1.21603
1.22026
1.21915
1.21094
1.19581
1.17591
1.15507
1.13802
1.12885
1.12924
1.13736
1.14866
1.15824
1.16335
1.16401
1.16228
1.16086
1.16163
1.16479
1.16905
1.17238
1.17293
1.1697
1.16287
1.15374
1.14409
1.13538
1.12834
1.12301
1.11887
1.11511
1.11085
1.10528
1.09823
1.09091
1.08611
1.08744
1.0976
1.11657
1.14143
1.16776
1.19133
1.20917
1.21993
1.22359
1.2209
1.21318
1.20195
1.18876
1.17524
1.163
1.15367
1.14864
1.14866
1.15334
1.16116
1.16993
1.17735
1.18159
1.18154
1.17687
1.16812
1.15658
1.14414
1.13291
1.12475
1.1209
1.12194
1.1279
1.13853
1.15317
1.17049
1.18803
1.20251
1.21076
1.21048
1.20104
1.18336
1.1598
1.13393
1.11032
1.09428
1.09093
1.10292
1.12814
1.15998
1.19007
1.21136
1.2198
1.21472
1.19851
1.17607
1.15388
1.13839
1.13377
1.14048
1.15582
1.17608
1.198
1.21908
1.2376
1.25243
1.26302
1.26925
1.2713
1.26945
1.26392
1.25467
1.24145
1.22408
1.20274
1.17814
1.15175
1.12557
1.10183
1.0826
1.06944
1.06304
1.06285
1.06733
1.07416
1.08107
1.08633
1.08914
1.08974
1.08898
1.08801
1.08781
1.08908
1.09235
1.09786
1.10612
1.11782
1.13363
1.15366
1.17679
1.20049
1.22114
1.23489
1.23867
1.23111
1.21339
1.18932
1.16454
1.14452
1.13281
1.13025
1.13538
1.14544
1.15738
1.16887
1.17876
1.18699
1.19409
1.20038
1.20572
1.20984
1.2128
1.21484
1.21609
1.21627
1.21482
1.21117
1.20469
1.19453
1.17972
1.15959
1.13478
1.10789
1.08308
1.06475
1.05574
1.05626
1.06404
1.07561
1.08782
1.09888
1.10834
1.11686
1.12543
1.13474
1.14506
1.15616
1.16752
1.17849
1.18872
1.19792
1.20575
1.2116
1.21443
1.21301
1.20638
1.19433
1.17778
1.15899
1.14121
1.12787
1.12128
1.12181
1.12795
1.13708
1.14643
1.15367
1.15719
1.15646
1.15203
1.14554
1.1393
1.13563
1.13587
1.1397
1.1454
1.15016
1.15104
1.14566
1.13305
1.11413
1.09204
1.07146
1.05704
1.05193
1.05694
1.07057
1.08959
1.11011
1.12891
1.14444
1.15687
1.1675
1.17786
1.18882
1.20042
1.21212
1.22327
1.23356
1.24296
1.25138
1.25817
1.26216
1.2621
1.25734
1.24839
1.23696
1.22539
1.21562
1.20824
1.20235
1.19628
1.18836
1.17751
1.16343
1.14671
1.12862
1.11114
1.09674
1.08798
1.0865
1.09194
1.10179
1.11258
1.12158
1.12771
1.1315
1.13419
1.13695
1.14053
1.14549
1.15229
1.16112
1.17171
1.1832
1.19432
1.20369
1.20999
1.2119
1.20804
1.19702
1.17813
1.15217
1.12203
1.09269
1.07011
1.05947
1.06321
1.08026
1.10688
1.13813
1.16912
1.19583
1.21548
1.22674
1.2297
1.2258
1.21724
1.20628
1.19431
1.18128
1.16628
1.14844
1.12809
1.107
1.08784
1.07349
1.06657
1.06892
1.08129
1.10304
1.1319
1.16425
1.19585
1.22295
1.24309
1.25551
1.26103
1.26176
1.26043
1.25962
1.26106
1.26531
1.27163
1.27834
1.283
1.28288
1.27544
1.2589
1.23278
1.19839
1.15879
1.11859
1.08293
1.0564
1.0418
1.03962
1.0482
1.06425
1.08358
1.1019
1.11555
1.12204
1.12046
1.11169
1.09806
1.08263
1.06827
1.05731
1.05161
1.0524
1.0604
1.07542
1.09629
1.12122
1.14841
1.17638
1.20376
1.22925
1.2514
1.26868
1.2796
1.2832
1.27927
1.26862
1.25327
1.23614
1.2205
1.20905
1.20295
1.20147
1.20221
1.20207
1.19843
1.19035
1.17894
1.16672
1.15643
1.14953
1.14558
1.14299
1.14022
1.13706
1.13475
1.13523
1.14002
1.14936
1.16223
1.17658
1.18986
1.19993
1.20583
1.20816
1.20872
1.20953
1.21189
1.21562
1.21917
1.22031
1.21713
1.20884
1.196
1.18015
1.16303
1.14593
1.12972
1.11519
1.10362
1.09684
1.09665
1.10351
1.11573
1.12969
1.14147
1.14825
1.149
1.14447
1.13639
1.12691
1.11813
1.11197
1.11001
1.11311
1.12096
1.13172
1.14237
1.14944
1.15042
1.14474
1.13414
1.12221
1.11324
1.1106
1.11578
1.12811
1.14542
1.16499
1.18447
1.202
1.21642
1.22694
1.23302
1.23411
1.2301
1.22132
1.20868
1.1935
1.17724
1.1613
1.14689
1.13484
1.12553
1.11892
1.1146
1.11224
1.11211
1.11515
1.12262
1.13519
1.15223
1.17183
1.19137
1.20838
1.22113
1.22901
1.23226
1.23147
1.22737
1.22058
1.21179
1.202
1.19265
1.18512
1.1802
1.17748
1.17552
1.17244
1.16699
1.15924
1.1507
1.14375
1.14071
1.14291
1.15007
1.1605
1.17151
1.18026
1.18451
1.18324
1.1768
1.1669
1.15599
1.14616
1.13818
1.13144
1.12468
1.11706
1.10861
1.10013
1.09299
1.08881
1.08909
1.09484
1.10626
1.1227
1.14251
1.16328
1.18231
1.19722
1.2064
1.20945
1.20683
1.19962
1.18895
1.17592
1.16159
1.14708
1.13377
1.12343
1.11816
1.11963
1.12833
1.14328
1.16224
1.18246
1.20133
1.21657
1.22637
1.22969
1.22625
1.21647
1.2014
1.18262
1.1624
1.1436
1.12944
1.12287
1.12576
1.13841
1.15927
1.18492
1.21062
1.23141
1.24318
1.24344
1.23183
1.21009
1.18186
1.15199
1.12525
1.1053
1.09413
1.0921
1.09846
1.11173
1.12991
1.15047
1.17057
1.18719
1.19762
1.20004
1.19401
1.18065
1.16209
1.14108
1.12039
1.1023
1.08841
1.07967
1.07656
1.07936
1.08825
1.10336
1.12417
1.14913
1.17577
1.2013
1.2236
1.2417
1.25555
1.26527
1.27094
1.27252
1.2701
1.26403
1.25453
1.24192
1.22649
1.20883
1.19006
1.17176
1.15537
1.14165
1.13027
1.12003
1.10948
1.09794
1.08601
1.07551
1.06855
1.06645
1.06903
1.07486
1.08193
1.0883
1.09263
1.09422
1.09326
1.09061
1.08751
1.08549
1.08593
1.09009
1.09874
1.11178
1.12812
1.14606
1.16387
1.1803
1.19479
1.20709
1.21716
1.22524
1.23191
1.23817
1.24515
1.25373
1.26409
1.27541
1.28605
1.29377
1.29627
1.29179
1.27951
1.25982
1.23456
1.20663
1.17948
1.1563
1.13907
1.12807
1.122
1.11873
1.1162
1.11291
1.10813
1.10212
1.09678
1.09534
1.10135
1.11715
1.14259
1.17507
1.21049
1.24437
1.27263
1.29202
1.3003
1.29637
1.28047
1.25429
1.22056
1.18264
1.14392
1.1075
1.07611
1.05213
1.03754
1.0336
1.04058
1.05748
1.08197
1.11093
1.1408
1.16818
1.19028
1.20516
1.21212
1.2117
1.2054
1.1953
1.18344
1.17122
1.15933
1.14799
1.13735
1.12814
1.12169
1.11944
1.12231
1.13005
1.14116
1.15317
1.16328
1.16877
1.16792
1.16063
1.1486
1.13515
1.12431
1.11966
1.12351
1.13648
1.15766
1.18474
1.2144
1.24282
1.26636
1.28191
1.28734
1.28159
1.2646
1.23728
1.20158
1.16061
1.11844
1.07951
1.04795
1.02682
1.01761
1.01979
1.03042
1.04491
1.05922
1.07193
1.08473
1.10091
1.12278
1.14942
1.17683
1.20004
1.21544
1.22139
1.21825
1.20752
1.19165
1.17376
1.15746
1.14658
1.14436
1.15242
1.17019
1.19506
1.22331
1.25109
1.27506
1.29265
1.30222
1.30305
1.29521
1.27974
1.25864
1.23491
1.21203
1.19318
1.18037
1.17378
1.17157
1.17043
1.16659
1.15712
1.14061
1.11764
1.09058
1.06283
1.0378
1.018
1.00465
0.997786
0.996791
1.00099
1.00999
1.02371
1.04204
1.06466
1.09078
1.11893
1.14742
1.1745
1.19881
1.21943
1.23614
1.24913
1.2588
1.26541
1.26901
1.26961
1.26717
1.26175
1.2536
1.24313
1.23084
1.2171
1.20216
1.18625
1.16974
1.1533
1.13789
1.12479
1.11534
1.1104
1.11004
1.11322
1.11818
1.12294
1.12583
1.12575
1.12255
1.11697
1.11064
1.10561
1.10395
1.10699
1.11493
1.12679
1.14062
1.15422
1.16553
1.17318
1.17693
1.17745
1.17616
1.17478
1.17477
1.17694
1.18133
1.18725
1.19374
1.19981
1.20495
1.20913
1.21271
1.21588
1.21844
1.21967
1.21822
1.21269
1.20227
1.18709
1.16847
1.14877
1.1308
1.11708
1.10914
1.10708
1.10946
1.11372
1.11707
1.11707
1.11239
1.10312
1.09065
1.07726
1.06541
1.05697
1.05315
1.05465
1.06228
1.07691
1.09891
1.12723
1.15942
1.19227
1.22295
1.24948
1.2706
1.28542
1.29307
1.29268
1.28354
1.26556
1.23974
1.20851
1.1758
1.14661
1.12592
1.11751
1.12265
1.1397
1.16462
1.19214
1.21681
1.23412
1.24115
1.23694
1.22258
1.2008
1.17524
1.1495
1.12643
1.1076
1.09344
1.08363
1.07757
1.07471
1.07475
1.07763
1.0833
1.09131
1.10088
1.11109
1.12142
1.13216
1.14441
1.15921
1.17675
1.19615
1.21575
1.23401
1.24959
1.26153
1.26877
1.27017
1.26446
1.25095
1.23027
1.20452
1.17692
1.15078
1.12866
1.11227
1.10255
1.10007
1.10515
1.11761
1.13639
1.1593
1.18296
1.2036
1.21797
1.22413
1.22161
1.21135
1.1952
1.17549
1.15451
1.134
1.11498
1.09822
1.08493
1.07727
1.07822
1.09044
1.11468
1.14909
1.18953
1.23071
1.26748
1.29574
1.31278
1.3173
1.30935
1.29046
1.26332
1.23172
1.19988
1.17137
1.14809
1.13018
1.11665
1.10612
1.09761
1.09061
1.08504
1.08093
1.07849
1.07819
1.08058
1.086
1.09432
1.10492
1.11712
1.13031
1.14399
1.15737
1.16926
1.17859
1.18486
1.18821
1.18902
1.18755
1.1838
1.17793
1.1705
1.16258
1.15546
1.15023
1.1476
1.14779
1.15045
1.15485
1.16032
1.16629
1.1725
1.17872
1.18461
1.18958
1.1932
1.19522
1.19555
1.19408
1.19075
