-0.196856   -0.0549672   -0.0856133
-0.319941   0.447361   0.410315
0.152247   0.0407998   0.119003
0.205333   -0.102495   -0.0791276
0.257507   0.274186   -0.448768
-0.129757   -0.206797   0.0812298
0.309085   -0.181796   -0.443745
-0.168688   -0.0464095   -0.45643
0.08507   -0.389991   -0.464213
0.383457   -0.0922816   -0.239098
0.25038   0.341274   -0.078441
-0.297716   0.313648   -0.176671
0.0596645   -0.478735   0.161701
0.328626   -0.226945   -0.343649
-0.317871   0.451935   -0.119299
0.402697   0.419   -0.335957
0.455747   -0.153394   -0.172821
-0.169503   0.00444491   -0.170744
-0.285001   0.249853   -0.414298
-0.449908   0.329095   0.115496
-0.438843   0.298294   0.3105
0.454357   -0.135505   0.0574614
0.180637   -0.166325   0.00539309
-0.264456   0.386031   0.059468
-0.175127   0.218957   0.0298201
0.467928   0.0118573   -0.368116
0.132303   -0.0859486   0.395983
0.376522   0.496117   -0.0830032
-0.19913   0.143351   0.367035
-0.118444   -0.0319468   -0.0339695
0.226389   -0.275598   -0.162132
-0.188453   -0.349792   0.353604
-0.060919   -0.362848   -0.138162
-0.265247   0.436136   -0.0336795
0.366655   0.292189   -0.157445
0.0800596   0.0718773   0.0514125
0.493677   0.0129888   0.193905
-0.399216   0.173505   0.237333
0.333488   -0.483095   0.479024
0.143434   -0.345444   -0.179001
-0.313242   0.328251   -0.0607327
-0.179478   -0.214705   -0.449994
-0.0383477   -0.0539866   -0.179718
0.261624   -0.02184   0.446788
-0.477296   0.108079   0.14599
-0.133796   0.176557   -0.0608996
-0.016257   0.0984162   -0.103508
0.31527   -0.100862   0.373845
-0.264604   0.323259   0.491045
-0.204925   0.283033   -0.455637
-0.387302   0.0521928   0.144715
-0.00991614   -0.428672   0.495708
-0.106389   -0.344762   0.0483912
-0.377606   -0.433116   0.262445
0.256812   0.249623   -0.1216
-0.034309   -0.0991976   0.418836
-0.115462   0.393834   0.428766
0.0271677   -0.0037661   0.311511
-0.435079   0.250039   0.239681
0.47379   0.176859   -0.083767
0.236642   -0.367449   -0.408071
-0.403997   -0.459715   0.494368
-0.407464   -0.370027   0.209561
-0.207639   -0.415295   -0.0860572
0.308496   -0.270784   0.203116
-0.208831   -0.255193   0.0359188
-0.349848   -0.410358   -0.361225
-0.230861   -0.136953   0.0936605
0.414195   -0.387683   -0.499013
-0.444095   -0.425004   -0.1978
-0.150821   0.310583   -0.318366
0.453497   0.474328   -0.106785
-0.436797   0.410661   -0.210743
0.257512   -0.192908   0.319517
0.45384   0.296593   -0.0141273
-0.468529   0.17428   -0.172872
-0.14589   0.349022   -0.415857
0.356576   -0.40755   -0.352899
0.325215   -0.324882   -0.392326
0.0107994   0.274662   -0.332732
-0.205371   0.085066   0.452228
0.405692   -0.127073   0.212015
0.0578458   -0.281035   0.202686
0.381048   -0.446709   0.273774
0.227831   0.0832355   -0.476134
-0.273724   0.329398   -0.331522
0.123046   -0.449823   -0.399104
-0.198905   0.329132   0.39907
-0.479356   -0.25822   -0.0402905
0.0558429   -0.437715   0.239433
-0.224399   -0.098996   0.384432
0.0847684   0.0310875   0.363667
0.242031   0.21158   0.474458
0.00151315   0.280003   -0.423263
-0.149868   -0.424145   -0.394324
-0.227313   -0.370419   -0.0290937
0.261233   0.475421   -0.12122
-0.256411   0.247011   -0.316607
0.285922   -0.452232   -0.341476
0.133174   -0.444982   0.198341
-0.0136081   0.462613   0.107045
0.443642   -0.0704273   -0.380889
0.318587   0.119319   0.0536467
-0.26861   -0.290613   -0.3406
0.228   -0.325295   -0.30223
0.30406   0.117008   -0.433975
-0.0448477   -0.156482   0.054939
-0.225128   -0.27969   -0.429828
