-0.398972
-0.395543
-0.392572
-0.39037
-0.388958
-0.388092
-0.387362
-0.386355
-0.384803
-0.382709
-0.380335
-0.37815
-0.376675
-0.376316
-0.377195
-0.37909
-0.38154
-0.384019
-0.386057
-0.387367
-0.387827
-0.387484
-0.386508
-0.385136
-0.383619
-0.382181
-0.381052
-0.380335
-0.380088
-0.380218
-0.380494
-0.380544
-0.379874
-0.377906
-0.374072
-0.367925
-0.359442
-0.349353
-0.339454
-0.332247
-0.329918
-0.332964
-0.339903
-0.348276
-0.355917
-0.361663
-0.365262
-0.366989
-0.367333
-0.366759
-0.365662
-0.364302
-0.362889
-0.361547
-0.360352
-0.359373
-0.358638
-0.358129
-0.357838
-0.357728
-0.357731
-0.357787
-0.357824
-0.357793
-0.357666
-0.357427
-0.357065
-0.356586
-0.355982
-0.355256
-0.354383
-0.353316
-0.352
-0.350405
-0.34848
-0.346207
-0.343656
-0.340961
-0.338349
-0.336162
-0.334688
-0.334115
-0.334426
-0.335273
-0.335952
-0.335505
-0.332787
-0.326713
-0.316808
-0.304036
-0.291588
-0.284301
-0.285937
-0.296192
-0.311046
-0.325864
-0.337917
-0.346614
-0.352571
-0.356762
-0.360043
-0.362926
-0.365614
-0.368064
-0.370117
-0.371593
-0.37234
-0.372298
-0.371462
-0.369933
-0.367878
-0.365489
-0.36301
-0.360694
-0.358765
-0.357412
-0.356709
-0.356685
-0.357272
-0.358308
-0.359622
-0.360993
-0.362221
-0.363114
-0.363551
-0.363488
-0.362933
-0.36195
-0.360662
-0.359209
-0.357738
-0.356425
-0.355414
-0.354834
-0.354799
-0.355343
-0.356438
-0.35801
-0.359953
-0.362113
-0.364388
-0.36667
-0.368885
-0.370995
-0.372972
-0.374817
-0.376516
-0.378087
-0.379539
-0.380863
-0.382102
-0.383289
-0.384462
-0.385635
-0.386806
-0.387907
-0.388849
-0.389489
-0.389691
-0.389354
-0.388464
-0.387118
-0.385566
-0.38416
-0.383298
-0.383294
-0.384262
-0.386061
-0.388299
-0.390516
-0.392266
-0.393181
-0.393046
-0.391775
-0.389381
-0.385992
-0.381843
-0.377267
-0.372638
-0.368379
-0.364862
-0.362334
-0.360894
-0.360445
-0.360768
-0.361567
-0.362568
-0.36354
-0.364305
-0.36474
-0.364792
-0.364413
-0.363597
-0.362324
-0.360602
-0.358472
-0.356086
-0.353741
-0.351862
-0.350989
-0.351596
-0.353906
-0.357746
-0.362558
-0.367575
-0.372015
-0.37526
-0.376929
-0.376898
-0.375323
-0.372617
-0.36944
-0.366611
-0.36486
-0.364651
-0.365933
-0.368241
-0.370929
-0.373337
-0.375018
-0.375782
-0.375628
-0.374671
-0.373057
-0.370911
-0.368317
-0.36532
-0.362007
-0.358501
-0.355053
-0.351959
-0.349553
-0.347993
-0.347277
-0.347155
-0.34722
-0.34702
-0.3461
-0.344026
-0.340383
-0.334783
-0.326957
-0.316981
-0.30572
-0.295148
-0.288099
-0.287089
-0.292818
-0.303724
-0.31704
-0.330223
-0.341705
-0.350905
-0.357854
-0.362918
-0.366591
-0.369362
-0.371597
-0.373523
-0.375183
-0.376506
-0.377313
-0.377374
-0.376432
-0.374259
-0.370657
-0.36556
-0.359147
-0.351986
-0.345108
-0.33985
-0.337434
-0.338426
-0.342467
-0.348437
-0.354993
-0.361068
-0.36603
-0.369648
-0.371954
-0.373097
-0.373248
-0.3726
-0.371314
-0.36953
-0.367363
-0.364919
-0.362306
-0.359597
-0.356909
-0.354308
-0.351892
-0.34979
-0.348091
-0.346949
-0.346489
-0.346795
-0.347928
-0.34991
-0.352663
-0.356003
-0.359697
-0.363455
-0.367047
-0.370303
-0.373178
-0.375771
-0.378282
-0.380946
-0.383941
-0.387312
-0.390962
-0.394699
-0.39823
-0.401271
-0.403577
-0.404974
-0.405356
-0.404716
-0.403118
-0.400755
-0.397925
-0.395027
-0.392502
-0.390735
-0.38995
-0.390136
-0.391056
-0.392351
-0.393672
-0.394697
-0.395261
-0.39534
-0.395015
-0.394417
-0.39374
-0.393142
-0.392742
-0.392575
-0.39262
-0.392796
-0.393019
-0.393222
-0.393405
-0.393666
-0.394145
-0.39506
-0.396568
-0.398801
-0.401736
-0.405277
-0.409212
-0.413292
-0.417297
-0.421
-0.424286
-0.427073
-0.429355
-0.431147
-0.432493
-0.43345
-0.4341
-0.434502
-0.434715
-0.434809
-0.434817
-0.434778
-0.43473
-0.434692
-0.434684
-0.4347
-0.434728
-0.434717
-0.434651
-0.434448
-0.434061
-0.433439
-0.432522
-0.431252
-0.429614
-0.427586
-0.425178
-0.422421
-0.419362
-0.416085
-0.412712
-0.40939
-0.406295
-0.403629
-0.401601
-0.400378
-0.400076
-0.400764
-0.402415
-0.404953
-0.40827
-0.412166
-0.4164
-0.4207
-0.424804
-0.428474
-0.431524
-0.433841
-0.435365
-0.4361
-0.436111
-0.435499
-0.434401
-0.432949
-0.431289
-0.429503
-0.427656
-0.425774
-0.423863
-0.421932
-0.419998
-0.418168
-0.416546
-0.41525
-0.414315
-0.413622
-0.41289
-0.411748
-0.409836
-0.406866
-0.402762
-0.397612
-0.391736
-0.385596
-0.379776
-0.374891
-0.371474
-0.369824
-0.369869
-0.371171
-0.373095
-0.375052
-0.376693
-0.378038
-0.379343
-0.380981
-0.383263
-0.386336
-0.390179
-0.394572
-0.399186
-0.403649
-0.407646
-0.410973
-0.413498
-0.415181
-0.41603
-0.416067
-0.415301
-0.413715
-0.411276
-0.407899
-0.403495
-0.397952
-0.391177
-0.383131
-0.373868
-0.363576
-0.352652
-0.341678
-0.331467
-0.322906
-0.316803
-0.313665
-0.313596
-0.316249
-0.320954
-0.326929
-0.333412
-0.339831
-0.345796
-0.351076
-0.355623
-0.359427
-0.362564
-0.365096
-0.367063
-0.368461
-0.369228
-0.369255
-0.368351
-0.366273
-0.362807
-0.357728
-0.350907
-0.342478
-0.332942
-0.323292
-0.31494
-0.309307
-0.307332
-0.309066
-0.313751
-0.320184
-0.327217
-0.334003
-0.340044
-0.345128
-0.349195
-0.352324
-0.354644
-0.356281
-0.357372
-0.358091
-0.358536
-0.358826
-0.359027
-0.359214
-0.359433
-0.359705
-0.36007
-0.360552
-0.361174
-0.361967
-0.362934
-0.3641
-0.365436
-0.366904
-0.368429
-0.369905
-0.37121
-0.372219
-0.372818
-0.372906
-0.372471
-0.371495
-0.370045
-0.368214
-0.366122
-0.363873
-0.361564
-0.35929
-0.357133
-0.355148
-0.353435
-0.352119
-0.351315
-0.351138
-0.351638
-0.352829
-0.354658
-0.357022
-0.359745
-0.362615
-0.365387
-0.367849
-0.369882
-0.371503
-0.372874
-0.374214
-0.375792
-0.377847
-0.380501
-0.383761
-0.387525
-0.39155
-0.395509
-0.399083
-0.401996
-0.403978
-0.404886
-0.404684
-0.403431
-0.401351
-0.398728
-0.39591
-0.393282
-0.391182
-0.389827
-0.389292
-0.389512
-0.390361
-0.391685
-0.39333
-0.395212
-0.397204
-0.399212
-0.401117
-0.402794
-0.404155
-0.405141
-0.405749
-0.406007
-0.405988
-0.405809
-0.405586
-0.405442
-0.405523
-0.40593
-0.406724
-0.40791
-0.409424
-0.41116
-0.412928
-0.414556
-0.415831
-0.416537
-0.416515
-0.415631
-0.413871
-0.411308
-0.40815
-0.404691
-0.401254
-0.398138
-0.395615
-0.393816
-0.392868
-0.392793
-0.39353
-0.394832
-0.396263
-0.397322
-0.397547
-0.396753
-0.395056
-0.392973
-0.3912
-0.390441
-0.391086
-0.393127
-0.396183
-0.399726
-0.403211
-0.4062
-0.408456
-0.40986
-0.410417
-0.410201
-0.409332
-0.407944
-0.406148
-0.403951
-0.401306
-0.39811
-0.394222
-0.389513
-0.383971
-0.377717
-0.37112
-0.364788
-0.359479
-0.355899
-0.354519
-0.355329
-0.357977
-0.361803
-0.366123
-0.370395
-0.374275
-0.377633
-0.380508
-0.382985
-0.385215
-0.387279
-0.389182
-0.390873
-0.392229
-0.393106
-0.393343
-0.392812
-0.391398
-0.389044
-0.385756
-0.381631
-0.376953
-0.372119
-0.367688
-0.364247
-0.362311
-0.362107
-0.363545
-0.366224
-0.369627
-0.373228
-0.376645
-0.379617
-0.382019
-0.38385
-0.385088
-0.385789
-0.385976
-0.385651
-0.384816
-0.383469
-0.381617
-0.37931
-0.37662
-0.373688
-0.370726
-0.367977
-0.365684
-0.364039
-0.363104
-0.362789
-0.362903
-0.363163
-0.363263
-0.362929
-0.361957
-0.360267
-0.357894
-0.354998
-0.351877
-0.348874
-0.346388
-0.344774
-0.344304
-0.345151
-0.347354
-0.350813
-0.355305
-0.360506
-0.366068
-0.371634
-0.376911
-0.381656
-0.385741
-0.389104
-0.39173
-0.393628
-0.394882
-0.395569
-0.395763
-0.395553
-0.39505
-0.394295
-0.393387
-0.39238
-0.391294
-0.390159
-0.38895
-0.387651
-0.386217
-0.384583
-0.382667
-0.380418
-0.377747
-0.374622
-0.371011
-0.36694
-0.362499
-0.357872
-0.353276
-0.349003
-0.34531
-0.342365
-0.340255
-0.338922
-0.338245
-0.338078
-0.338278
-0.33869
-0.339107
-0.339308
-0.339105
-0.33852
-0.337917
-0.33796
-0.339475
-0.342981
-0.348423
-0.355126
-0.362122
-0.368524
-0.373759
-0.377602
-0.380067
-0.381316
-0.381587
-0.381088
-0.380023
-0.37856
-0.376821
-0.374899
-0.372853
-0.370714
-0.368498
-0.366164
-0.363683
-0.361025
-0.358177
-0.355182
-0.352153
-0.349269
-0.346819
-0.345093
-0.344362
-0.344772
-0.346298
-0.348765
-0.351871
-0.355308
-0.358782
-0.362074
-0.365032
-0.367562
-0.369626
-0.371213
-0.372333
-0.372975
-0.373157
-0.372888
-0.372151
-0.370923
-0.369174
-0.366879
-0.363992
-0.360486
-0.356357
-0.351665
-0.346478
-0.340993
-0.335479
-0.330305
-0.325898
-0.32269
-0.321074
-0.321225
-0.323135
-0.326547
-0.330994
-0.335981
-0.341011
-0.345712
-0.349846
-0.353281
-0.355975
-0.357959
-0.359278
-0.360034
-0.36031
-0.360214
-0.359851
-0.359346
-0.358823
-0.358411
-0.358254
-0.35844
-0.359035
-0.360057
-0.361494
-0.363287
-0.365367
-0.367634
-0.370009
-0.372408
-0.374778
-0.377062
-0.379199
-0.381154
-0.382844
-0.384229
-0.385224
-0.385784
-0.385815
-0.385277
-0.384144
-0.382435
-0.380207
-0.377572
-0.374667
-0.371623
-0.368505
-0.365295
-0.361835
-0.357924
-0.353418
-0.348448
-0.343512
-0.339567
-0.337769
-0.338988
-0.343352
-0.35014
-0.358089
-0.365934
-0.372782
-0.378163
-0.382028
-0.384556
-0.386055
-0.386865
-0.3873
-0.387624
-0.387992
-0.388505
-0.389157
-0.389922
-0.390713
-0.39142
-0.391994
-0.3924
-0.392665
-0.392845
-0.393018
-0.393267
-0.393689
-0.394313
-0.395148
-0.39616
-0.397253
-0.398218
-0.398814
-0.398715
-0.397553
-0.395048
-0.391053
-0.385697
-0.379459
-0.37317
-0.367781
-0.364098
-0.362487
-0.362786
-0.364381
-0.366435
-0.367999
-0.368306
-0.366901
-0.36382
-0.359704
-0.355712
-0.353221
-0.353204
-0.355858
-0.360493
-0.366008
-0.371399
-0.376061
-0.379802
-0.382672
-0.384745
-0.386087
-0.386694
-0.386527
-0.385547
-0.383776
-0.381249
-0.378108
-0.374555
-0.370864
-0.367393
-0.364502
-0.362549
-0.361796
-0.362343
-0.36414
-0.366924
-0.370357
-0.374032
-0.377556
-0.380595
-0.382878
-0.384237
-0.384559
-0.383782
-0.381932
-0.379064
-0.375333
-0.370946
-0.366181
-0.361354
-0.35679
-0.352743
-0.349345
-0.346603
-0.344486
-0.342873
-0.341656
-0.34078
-0.340203
-0.339898
-0.339833
-0.339988
-0.340304
-0.340739
-0.341272
-0.341833
-0.342433
-0.343038
-0.34367
-0.344326
-0.345013
-0.345737
-0.346488
-0.347241
-0.34797
-0.348594
-0.349043
-0.349221
-0.349044
-0.348417
-0.347261
-0.345478
