1.19782
1.19553
1.19356
1.19209
1.19114
1.19056
1.19008
1.1894
1.18837
1.18697
1.18539
1.18393
1.18295
1.18272
1.1833
1.18456
1.18619
1.18784
1.1892
1.19006
1.19037
1.19014
1.18949
1.18857
1.18756
1.1866
1.18585
1.18538
1.18522
1.1853
1.18549
1.18552
1.18507
1.18376
1.18121
1.17711
1.17145
1.16473
1.15813
1.15333
1.15177
1.1538
1.15843
1.16401
1.1691
1.17292
1.17532
1.17648
1.17671
1.17633
1.17559
1.17469
1.17374
1.17284
1.17205
1.17139
1.1709
1.17056
1.17037
1.1703
1.1703
1.17034
1.17036
1.17035
1.17027
1.17011
1.16987
1.16956
1.16916
1.16867
1.16808
1.16736
1.16649
1.16543
1.16414
1.16263
1.16092
1.15912
1.15739
1.15593
1.15494
1.15457
1.15478
1.15534
1.15579
1.15549
1.15367
1.14963
1.14302
1.13451
1.12621
1.12136
1.12245
1.12928
1.13917
1.14905
1.15709
1.16288
1.16686
1.16965
1.17184
1.17376
1.17555
1.17719
1.17856
1.17955
1.18005
1.18002
1.17946
1.17844
1.17706
1.17547
1.17382
1.17228
1.17099
1.17008
1.16961
1.16959
1.16998
1.17068
1.17156
1.17248
1.17329
1.17388
1.17418
1.17414
1.17377
1.17312
1.17226
1.17128
1.17029
1.16941
1.16873
1.16835
1.16833
1.16869
1.16943
1.17048
1.17177
1.17322
1.17473
1.17626
1.17773
1.17914
1.18046
1.18169
1.18282
1.18387
1.18483
1.18571
1.18654
1.18733
1.18811
1.18889
1.18967
1.1904
1.19103
1.19146
1.1916
1.19137
1.19078
1.18988
1.18884
1.1879
1.18733
1.18734
1.18798
1.18917
1.19066
1.19214
1.19331
1.19392
1.19383
1.19298
1.19138
1.18912
1.18636
1.1833
1.18022
1.17738
1.17504
1.17336
1.17239
1.17208
1.17229
1.17282
1.17349
1.17413
1.17464
1.17494
1.17497
1.17473
1.17418
1.17334
1.17219
1.17077
1.16918
1.16761
1.16636
1.16577
1.16618
1.16772
1.17028
1.17349
1.17684
1.1798
1.18196
1.18306
1.18304
1.18199
1.18018
1.17807
1.17618
1.17502
1.17487
1.17572
1.17726
1.17905
1.18066
1.18178
1.18229
1.18219
1.18155
1.18047
1.17905
1.17732
1.17533
1.17312
1.17078
1.16848
1.16642
1.16481
1.16377
1.16329
1.16321
1.16325
1.16312
1.1625
1.16112
1.15869
1.15495
1.14973
1.14308
1.13557
1.12852
1.12383
1.12316
1.12698
1.13425
1.14312
1.15192
1.15958
1.16571
1.17034
1.17373
1.17618
1.17803
1.17953
1.18081
1.18191
1.1828
1.18334
1.18338
1.18275
1.1813
1.17889
1.17549
1.17122
1.16645
1.16186
1.15835
1.15674
1.15741
1.1601
1.16408
1.16845
1.1725
1.1758
1.17822
1.17975
1.18051
1.18062
1.18019
1.17933
1.17814
1.1767
1.17507
1.17333
1.17152
1.16973
1.16799
1.16639
1.16498
1.16385
1.16309
1.16278
1.16297
1.16373
1.16506
1.16689
1.16911
1.17156
1.17407
1.17646
1.17863
1.18055
1.18229
1.18396
1.18574
1.18773
1.18997
1.1924
1.19489
1.19724
1.19926
1.20079
1.20172
1.20197
1.20154
1.20048
1.1989
1.19701
1.19508
1.1934
1.19222
1.1917
1.19182
1.19244
1.19332
1.1942
1.19488
1.19526
1.19531
1.19509
1.19469
1.19424
1.19384
1.19357
1.19346
1.19349
1.1936
1.19375
1.19389
1.19401
1.19418
1.19451
1.19512
1.19613
1.19762
1.19958
1.20194
1.20457
1.20729
1.20996
1.21243
1.21462
1.21648
1.21801
1.2192
1.22011
1.22075
1.22119
1.22145
1.2216
1.22165
1.22165
1.22163
1.22159
1.22157
1.22157
1.22158
1.2216
1.22159
1.22154
1.22141
1.22116
1.22074
1.22013
1.21928
1.21819
1.21683
1.21522
1.21338
1.21134
1.20915
1.2069
1.20468
1.20262
1.20085
1.19949
1.19868
1.19848
1.19893
1.20003
1.20173
1.20394
1.20654
1.20936
1.21223
1.21497
1.21742
1.21945
1.22099
1.22201
1.2225
1.22251
1.2221
1.22137
1.22041
1.21929
1.2181
1.21687
1.21562
1.21435
1.21305
1.21177
1.21054
1.20946
1.2086
1.20798
1.20751
1.20702
1.20626
1.20499
1.20301
1.20027
1.19684
1.19292
1.18883
1.18494
1.18168
1.1794
1.17829
1.17832
1.17919
1.18047
1.18177
1.18287
1.18376
1.18464
1.18573
1.18724
1.18929
1.19186
1.19479
1.19786
1.20084
1.20351
1.20573
1.20741
1.20853
1.2091
1.20912
1.20861
1.20756
1.20593
1.20368
1.20075
1.19705
1.19254
1.18718
1.18101
1.17415
1.16686
1.15955
1.15274
1.14703
1.14296
1.14087
1.14082
1.14259
1.14573
1.14971
1.15404
1.15832
1.16229
1.16581
1.16884
1.17138
1.17347
1.17516
1.17647
1.1774
1.17792
1.17793
1.17733
1.17595
1.17365
1.17025
1.16571
1.16009
1.15373
1.14731
1.14174
1.13798
1.13666
1.13782
1.14094
1.14523
1.14992
1.15444
1.15847
1.16185
1.16457
1.16666
1.1682
1.16929
1.17002
1.1705
1.1708
1.17099
1.17113
1.17126
1.1714
1.17159
1.17183
1.17215
1.17257
1.17309
1.17374
1.17451
1.1754
1.17638
1.17739
1.17837
1.17924
1.17991
1.18031
1.18037
1.18008
1.17943
1.17847
1.17725
1.17585
1.17435
1.17282
1.17131
1.16987
1.16855
1.16741
1.16654
1.166
1.16588
1.16621
1.16701
1.16823
1.16981
1.17162
1.17353
1.17538
1.17702
1.17838
1.17946
1.18037
1.18127
1.18232
1.18369
1.18546
1.18764
1.19015
1.19282
1.19547
1.19786
1.1998
1.20112
1.20172
1.20159
1.20076
1.19937
1.19762
1.19574
1.194
1.1926
1.19169
1.19133
1.19148
1.19205
1.19293
1.19404
1.19529
1.19662
1.19796
1.19922
1.20034
1.20125
1.20191
1.20231
1.20248
1.20247
1.20235
1.2022
1.20211
1.20216
1.20243
1.20296
1.20375
1.20476
1.20591
1.20709
1.20818
1.20903
1.20949
1.20947
1.20888
1.20771
1.206
1.2039
1.20159
1.19929
1.19721
1.19552
1.19432
1.19369
1.19365
1.19414
1.195
1.19596
1.19667
1.19683
1.1963
1.19517
1.19378
1.1926
1.1921
1.19253
1.19389
1.19593
1.19829
1.20061
1.2026
1.20411
1.20504
1.20541
1.20526
1.20469
1.20377
1.20256
1.20109
1.19933
1.1972
1.19461
1.19147
1.18777
1.1836
1.1792
1.17498
1.17145
1.16906
1.16814
1.16868
1.17045
1.17299
1.17587
1.17872
1.1813
1.18354
1.18545
1.18711
1.1886
1.18997
1.19124
1.19237
1.19327
1.19385
1.19401
1.19366
1.19272
1.19115
1.18896
1.18622
1.1831
1.17987
1.17691
1.17462
1.17333
1.1732
1.17416
1.17595
1.17822
1.18062
1.18289
1.18486
1.18647
1.18768
1.18851
1.18898
1.1891
1.18889
1.18833
1.18744
1.18621
1.18467
1.18288
1.18092
1.17894
1.17711
1.17559
1.17449
1.17386
1.17365
1.17373
1.17391
1.17397
1.17375
1.17311
1.17198
1.1704
1.16847
1.16639
1.16439
1.16274
1.16166
1.16135
1.16191
1.16338
1.16569
1.16868
1.17215
1.17585
1.17955
1.18306
1.18623
1.18895
1.19119
1.19294
1.19422
1.19506
1.19552
1.19565
1.19551
1.19517
1.19468
1.19407
1.1934
1.19268
1.19192
1.19111
1.19025
1.18929
1.1882
1.18693
1.18542
1.18365
1.18156
1.17915
1.17643
1.17347
1.17038
1.16731
1.16446
1.162
1.16004
1.15864
1.15774
1.15729
1.15718
1.15731
1.15758
1.15786
1.15799
1.15785
1.15747
1.15706
1.1571
1.15811
1.16045
1.16408
1.16855
1.17321
1.17748
1.18097
1.18353
1.18518
1.18601
1.18619
1.18586
1.18516
1.18418
1.18303
1.18175
1.18038
1.17896
1.17748
1.17592
1.17427
1.1725
1.17061
1.16861
1.16659
1.16467
1.16303
1.16188
1.1614
1.16167
1.16269
1.16433
1.1664
1.16869
1.17101
1.1732
1.17517
1.17686
1.17824
1.1793
1.18004
1.18048
1.1806
1.18042
1.17993
1.17911
1.17795
1.17641
1.17449
1.17215
1.1694
1.16627
1.16281
1.15916
1.15548
1.15203
1.14909
1.14695
1.14587
1.14597
1.14725
1.14952
1.15248
1.1558
1.15915
1.16229
1.16504
1.16733
1.16912
1.17044
1.17133
1.17183
1.17201
1.17195
1.1717
1.17136
1.17102
1.17075
1.17064
1.17077
1.17116
1.17185
1.17281
1.17401
1.17539
1.1769
1.17848
1.18008
1.18166
1.18318
1.18461
1.18591
1.18704
1.18796
1.18863
1.18899
1.18901
1.18866
1.18791
1.18677
1.18529
1.18353
1.1816
1.17957
1.1775
1.17536
1.17305
1.17045
1.16745
1.16414
1.16086
1.15823
1.15704
1.15786
1.16077
1.16529
1.17058
1.17581
1.18037
1.18396
1.18653
1.18821
1.18922
1.18976
1.19005
1.19026
1.1905
1.19084
1.19129
1.1918
1.19232
1.1928
1.19318
1.19345
1.19363
1.19375
1.19386
1.19403
1.19431
1.19472
1.19528
1.19596
1.19668
1.19733
1.19773
1.19766
1.19689
1.19521
1.19255
1.18898
1.18483
1.18064
1.17704
1.17458
1.17351
1.17371
1.17479
1.17615
1.1772
1.17741
1.17647
1.17441
1.17166
1.169
1.16734
1.16733
1.1691
1.17219
1.17586
1.17945
1.18256
1.18505
1.18696
1.18834
1.18923
1.18964
1.18953
1.18888
1.1877
1.18601
1.18392
1.18154
1.17908
1.17677
1.17484
1.17354
1.17303
1.1734
1.17459
1.17645
1.17874
1.18119
1.18354
1.18556
1.18708
1.18799
1.1882
1.18769
1.18646
1.18455
1.18206
1.17913
1.17595
1.17273
1.16969
1.16698
1.16471
1.16289
1.16147
1.16039
1.15959
1.15901
1.15862
1.15842
1.15838
1.15849
1.1587
1.15899
1.15934
1.15972
1.16011
1.16053
1.16095
1.16139
1.16185
1.16233
1.16283
1.16333
1.16381
1.16422
1.16452
1.16464
1.16452
1.16411
1.16333
1.16214
