1.39776
1.39776
1.39776
1.39776
1.39775
1.39775
1.39775
1.39775
1.39775
1.39775
1.39775
1.39775
1.39776
1.39776
1.39776
1.39775
1.39775
1.39774
1.39774
1.39773
1.39772
1.39773
1.39773
1.39772
1.39772
1.39772
1.39772
1.39773
1.39774
1.39774
1.39774
1.39774
1.39774
1.39774
1.39774
1.39773
1.39773
1.39773
1.39774
1.39774
1.39774
1.39774
1.39774
1.39773
1.39773
1.39772
1.39772
1.39773
1.39773
1.39773
1.39772
1.39773
1.39772
1.39772
1.39772
1.39772
1.39771
1.39772
1.39772
1.39772
1.39772
1.39772
1.39772
1.39773
1.39773
1.39774
1.39775
1.39775
1.39775
1.39775
1.39774
1.39773
1.39774
1.39774
1.39773
1.39773
1.39773
1.39772
1.39773
1.39773
1.39773
1.39774
1.39774
1.39773
1.39773
1.39773
1.39772
1.39772
1.39772
1.39773
1.39773
1.39774
1.39774
1.39773
1.39771
1.39771
1.39771
1.39771
1.39771
1.39772
1.39772
1.39772
1.39772
1.39772
1.39773
1.39773
1.39773
1.39773
1.39773
1.39772
1.39771
1.39771
1.39771
1.39772
1.39772
1.39771
1.39771
1.39771
1.3977
1.39771
1.39772
1.39772
1.39771
1.39771
1.39772
1.39772
1.39772
1.39773
1.39772
1.39771
1.3977
1.39769
1.39769
1.3977
1.3977
1.3977
1.3977
1.39771
1.3977
1.39771
1.39771
1.39771
1.39772
1.39772
1.39772
1.39772
1.39772
1.39772
1.3977
1.3977
1.3977
1.3977
1.3977
1.3977
1.3977
1.3977
1.3977
1.3977
1.3977
1.39771
1.3977
1.3977
1.3977
1.3977
1.3977
1.39771
1.39771
1.3977
1.3977
1.3977
1.39769
1.39769
1.3977
1.39769
1.39769
1.39769
1.39769
1.39769
1.39769
1.39769
1.39769
1.3977
1.39769
1.39768
1.39766
1.39766
1.39766
1.39766
1.39766
1.39767
1.39767
1.39768
1.39768
1.39768
1.39768
1.39768
1.39768
1.39767
1.39767
1.39767
1.39767
1.39767
1.39768
1.39768
1.39768
1.39768
1.39767
1.39767
1.39766
1.39766
1.39766
1.39766
1.39766
1.39767
1.39765
1.39765
1.39766
1.39765
1.39765
1.39765
1.39765
1.39765
1.39765
1.39765
1.39766
1.39767
1.39768
1.39767
1.39767
1.39766
1.39767
1.39766
1.39766
1.39766
1.39766
1.39766
1.39766
1.39765
1.39765
1.39765
1.39765
1.39764
1.39764
1.39764
1.39764
1.39765
1.39765
1.39765
1.39765
1.39765
1.39765
1.39766
1.39766
1.39766
1.39767
1.39768
1.39769
1.39769
1.39769
1.39769
1.39769
1.39769
1.39769
1.39769
1.39769
1.39768
1.39768
1.39768
1.39768
1.39768
1.39768
1.39768
1.39769
1.39769
1.39768
1.39768
1.39768
1.39768
1.39768
1.39768
1.39767
1.39768
1.39769
1.39769
1.39769
1.39769
1.39769
1.39768
1.39769
1.39768
1.39768
1.39769
1.39768
1.39769
1.39769
1.39767
1.39767
1.39767
1.39767
1.39766
1.39766
1.39765
1.39765
1.39765
1.39765
1.39765
1.39766
1.39766
1.39766
1.39765
1.39764
1.39764
1.39763
1.39763
1.39762
1.39761
1.3976
1.3976
1.3976
1.3976
1.3976
1.3976
1.3976
1.3976
1.3976
1.3976
1.3976
1.39761
1.39763
1.39762
1.39762
1.39762
1.39762
1.39761
1.39762
1.39762
1.39762
1.39761
1.39761
1.39761
1.39761
1.39761
1.39761
1.39761
1.39761
1.39762
1.39762
1.39762
1.39762
1.39763
1.39764
1.39764
1.39765
1.39764
1.39764
1.39765
1.39765
1.39766
1.39766
1.39766
1.39768
1.39768
1.39768
1.39768
1.39767
1.39766
1.39766
1.39766
1.39767
1.39767
1.39767
1.39766
1.39767
1.39766
1.39766
1.39767
1.39767
1.39767
1.39767
1.39767
1.39766
1.39766
1.39765
1.39764
1.39764
1.39764
1.39764
1.39764
1.39764
1.39764
1.39764
1.39764
1.39763
1.39763
1.39764
1.39764
1.39764
1.39764
1.39765
1.39765
1.39765
1.39765
1.39765
1.39765
1.39765
1.39765
1.39766
1.39766
1.39766
1.39765
1.39765
1.39765
1.39765
1.39766
1.39765
1.39765
1.39765
1.39765
1.39765
1.39765
1.39764
1.39764
1.39765
1.39764
1.39765
1.39765
1.39765
1.39764
1.39764
1.39764
1.39763
1.39763
1.39762
1.39761
1.39761
1.39761
1.3976
1.39761
1.39761
1.39761
1.39761
1.3976
1.39761
1.39761
1.39761
1.39761
1.39761
1.39762
1.39761
1.39761
1.39761
1.39761
1.39762
1.39762
1.39763
1.39762
1.39763
1.39762
1.39763
1.39763
1.39764
1.39764
1.39765
1.39764
1.39764
1.39764
1.39764
1.39764
1.39764
1.39764
1.39763
1.39764
1.39763
1.39764
1.39764
1.39764
1.39764
1.39764
1.39764
1.39764
1.39764
1.39764
1.39765
1.39765
1.39764
1.39764
1.39766
1.39766
1.39765
1.39765
1.39765
1.39766
1.39767
1.39767
1.39766
1.39766
1.39766
1.39766
1.39766
1.39766
1.39766
1.39766
1.39765
1.39766
1.39766
1.39765
1.39765
1.39766
1.39765
1.39766
1.39766
1.39767
1.39767
1.39767
1.39768
1.39768
1.39768
1.39767
1.39767
1.39767
1.39767
1.39767
1.39766
1.39766
1.39766
1.39765
1.39765
1.39764
1.39765
1.39765
1.39766
1.39766
1.39766
1.39766
1.39766
1.39766
1.39767
1.39766
1.39767
1.39768
1.39768
1.39769
1.39768
1.39768
1.39768
1.39769
1.39769
1.39769
1.39768
1.39768
1.39768
1.39768
1.39769
1.39769
1.39769
1.3977
1.39769
1.39769
1.3977
1.39769
1.39768
1.39769
1.3977
1.3977
1.3977
1.3977
1.3977
1.39771
1.39771
1.3977
1.3977
1.39771
1.39771
1.39771
1.39771
1.39771
1.39771
1.39771
1.39773
1.39772
1.39773
1.39772
1.39771
1.39771
1.39771
1.39772
1.39772
1.39772
1.39772
1.39771
1.39771
1.39772
1.39772
1.39772
1.39772
1.39771
1.39771
1.3977
1.39771
1.39771
1.39771
1.3977
1.39769
1.39769
1.39769
1.39769
1.39769
1.39769
1.39768
1.39768
1.39767
1.39767
1.39767
1.39768
1.39768
1.39767
1.39768
1.39768
1.3977
1.3977
1.39771
1.3977
1.39771
1.39771
1.39771
1.39771
1.39771
1.39771
1.3977
1.3977
1.3977
1.3977
1.39769
1.39769
1.3977
1.3977
1.39769
1.39769
1.39769
1.39769
1.39769
1.39769
1.39768
1.39768
1.39768
1.39769
1.39769
1.3977
1.39769
1.3977
1.39769
1.39769
1.39769
1.39768
1.39768
1.39768
1.39767
1.39768
1.39768
1.39768
1.39768
1.39768
1.39768
1.39767
1.39768
1.39768
1.39768
1.39768
1.39768
1.39769
1.39769
1.39769
1.39768
1.39769
1.39769
1.39769
1.39769
1.3977
1.3977
1.3977
1.39768
1.39768
1.39768
1.39767
1.39768
1.39768
1.39768
1.39768
1.39769
1.39769
1.3977
1.3977
1.39769
1.39769
1.39769
1.39769
1.3977
1.3977
1.39769
1.39769
1.39769
1.3977
1.3977
1.3977
1.39771
1.39771
1.3977
1.39771
1.39771
1.39772
1.39772
1.39772
1.39772
1.39772
1.39772
1.39772
1.39772
1.39772
1.39771
1.3977
1.39768
1.39768
1.39769
1.39769
1.39768
1.3977
1.3977
1.3977
1.39771
1.39772
1.39771
1.39772
1.39772
1.39772
1.39772
1.39772
1.39772
1.39772
1.39772
1.39772
1.39772
1.39772
1.39772
1.39772
1.39771
1.39771
1.39771
1.3977
1.3977
1.39769
1.39769
1.3977
1.3977
1.3977
1.39769
1.39769
1.39769
1.39768
1.39768
1.39767
1.39768
1.39768
1.39767
1.39768
1.39769
1.3977
1.3977
1.39769
1.39769
1.3977
1.3977
1.3977
1.3977
1.39771
1.3977
1.39771
1.39771
1.39771
1.39772
1.39772
1.39772
1.39773
1.39772
1.39772
1.39773
1.39773
1.39774
1.39774
1.39773
1.39774
1.39773
1.39773
1.39774
1.39774
1.39774
1.39773
1.39774
1.39773
1.39773
1.39773
1.39772
1.39772
1.39773
1.39773
1.39773
1.39774
1.39775
1.39774
1.39774
1.39774
1.39774
1.39774
1.39774
1.39774
1.39775
1.39774
1.39774
1.39774
1.39774
1.39774
1.39774
1.39774
1.39773
1.39773
1.39774
1.39773
1.39773
1.39772
1.39772
1.39772
1.39771
1.39771
1.39771
1.3977
1.39771
1.39771
1.39771
1.3977
1.3977
1.3977
1.3977
1.39771
1.39771
1.39771
1.39771
1.39771
1.39772
1.39772
1.39772
1.39772
1.39771
1.39771
1.39771
1.39771
1.39772
1.39771
1.39772
1.39771
1.39772
1.39771
1.39771
1.39771
1.39771
1.39772
1.39772
1.39773
1.39773
1.39774
1.39774
1.39774
1.39775
1.39775
1.39776
1.39776
1.39777
1.39778
1.39779
1.3978
1.3978
1.39779
1.39778
1.39779
1.39777
1.39777
1.39777
1.39777
1.39777
1.39777
1.39777
1.39776
1.39776
1.39776
1.39777
1.39778
1.39777
1.39777
1.39777
1.39778
1.39778
1.39777
1.39777
1.39778
1.39777
1.39776
1.39777
1.39777
1.39777
1.39778
1.39778
1.39777
1.39777
1.39777
1.39777
1.39777
1.39778
1.39778
1.39778
1.39778
1.39778
1.39778
1.3978
1.39779
1.3978
1.3978
1.3978
1.3978
1.39779
1.39779
1.39778
1.39779
1.39779
1.39779
1.39778
1.39778
1.39778
1.39778
1.39776
1.39776
1.39776
1.39777
1.39777
1.39778
1.39777
1.39777
1.39777
1.39776
1.39776
1.39775
1.39776
1.39776
1.39775
1.39776
1.39775
1.39775
1.39775
1.39775
1.39775
1.39774
1.39775
1.39775
1.39775
1.39775
1.39775
1.39776
1.39775
1.39774
1.39774
1.39774
1.39774
1.39773
1.39772
1.39773
1.39772
1.39772
1.39773
1.39773
1.39773
1.39774
1.39774
1.39774
1.39774
1.39775
1.39773
1.39774
1.39774
1.39775
1.39775
1.39775
1.39776
1.39776
1.39776
1.39776
1.39775
1.39774
1.39773
1.39773
1.39774
1.39774
1.39774
1.39773
