1.79673
1.7933
1.79033
1.78813
1.78671
1.78585
1.78512
1.78411
1.78256
1.78046
1.77809
1.7759
1.77443
1.77408
1.77495
1.77684
1.77929
1.78176
1.78379
1.78509
1.78555
1.78521
1.78424
1.78286
1.78134
1.77991
1.77877
1.77807
1.77782
1.77796
1.77823
1.77828
1.77761
1.77565
1.77181
1.76566
1.75717
1.74709
1.73719
1.72999
1.72766
1.7307
1.73764
1.74601
1.75364
1.75939
1.76298
1.76471
1.76506
1.76449
1.76339
1.76203
1.76061
1.75926
1.75807
1.75709
1.75635
1.75585
1.75556
1.75545
1.75546
1.75551
1.75554
1.75552
1.7554
1.75517
1.75481
1.75433
1.75373
1.753
1.75212
1.75105
1.74974
1.74814
1.74621
1.74394
1.74138
1.73868
1.73608
1.73389
1.73242
1.73186
1.73217
1.73301
1.73368
1.73323
1.73051
1.72444
1.71453
1.70176
1.68932
1.68204
1.68368
1.69392
1.70876
1.72357
1.73563
1.74433
1.75028
1.75448
1.75776
1.76064
1.76333
1.76579
1.76785
1.76932
1.77007
1.77002
1.76919
1.76766
1.76559
1.7632
1.76072
1.75841
1.75649
1.75512
1.75442
1.75439
1.75497
1.75602
1.75734
1.75871
1.75993
1.76083
1.76127
1.76121
1.76065
1.75968
1.75838
1.75692
1.75544
1.75412
1.7531
1.75253
1.7525
1.75304
1.75414
1.75572
1.75766
1.75983
1.7621
1.76438
1.7666
1.76871
1.77069
1.77253
1.77424
1.7758
1.77724
1.77857
1.7798
1.78099
1.78216
1.78334
1.7845
1.7856
1.78654
1.78719
1.78739
1.78706
1.78617
1.78482
1.78326
1.78186
1.781
1.78101
1.78198
1.78376
1.786
1.78821
1.78996
1.79088
1.79074
1.78947
1.78707
1.78368
1.77954
1.77495
1.77033
1.76607
1.76256
1.76003
1.75858
1.75812
1.75843
1.75923
1.76023
1.7612
1.76197
1.76241
1.76246
1.76209
1.76128
1.76
1.75828
1.75615
1.75377
1.75142
1.74953
1.74866
1.74927
1.75158
1.75542
1.76024
1.76526
1.76969
1.77293
1.77459
1.77456
1.77298
1.77027
1.7671
1.76427
1.76253
1.7623
1.76358
1.7659
1.76858
1.77098
1.77267
1.77343
1.77328
1.77232
1.77071
1.76857
1.76598
1.763
1.75968
1.75617
1.75272
1.74963
1.74721
1.74566
1.74494
1.74481
1.74488
1.74468
1.74375
1.74167
1.73803
1.73243
1.7246
1.71462
1.70336
1.69279
1.68575
1.68474
1.69046
1.70137
1.71469
1.72787
1.73937
1.74857
1.75552
1.76059
1.76427
1.76705
1.76929
1.77121
1.77287
1.77419
1.775
1.77506
1.77413
1.77195
1.76834
1.76324
1.75683
1.74967
1.74279
1.73753
1.73511
1.73611
1.74015
1.74612
1.75267
1.75874
1.76371
1.76733
1.76963
1.77077
1.77093
1.77029
1.769
1.76722
1.76505
1.76261
1.75999
1.75729
1.75459
1.75199
1.74958
1.74747
1.74578
1.74464
1.74416
1.74446
1.7456
1.74758
1.75033
1.75366
1.75735
1.76111
1.7647
1.76795
1.77083
1.77343
1.77595
1.77861
1.78159
1.78495
1.78861
1.79233
1.79586
1.79889
1.80119
1.80258
1.80296
1.80231
1.80071
1.79835
1.79552
1.79262
1.7901
1.78834
1.78755
1.78774
1.78867
1.78998
1.79129
1.79232
1.79288
1.79296
1.79263
1.79204
1.79136
1.79076
1.79036
1.79019
1.79023
1.79041
1.79063
1.79083
1.79102
1.79128
1.79176
1.79267
1.79419
1.79643
1.79937
1.80291
1.80685
1.81094
1.81493
1.81864
1.82193
1.82473
1.82701
1.82881
1.83016
1.83113
1.83178
1.83218
1.83239
1.83248
1.83248
1.83244
1.83239
1.83236
1.83236
1.83237
1.83239
1.83239
1.83231
1.83211
1.83173
1.83111
1.83019
1.82893
1.82728
1.82525
1.82284
1.82007
1.81701
1.81373
1.81035
1.80703
1.80393
1.80127
1.79924
1.79802
1.79772
1.7984
1.80005
1.80259
1.80591
1.80981
1.81404
1.81835
1.82245
1.82612
1.82918
1.83149
1.83301
1.83375
1.83376
1.83316
1.83206
1.83061
1.82894
1.82715
1.82531
1.82343
1.82152
1.81958
1.81765
1.81581
1.81419
1.8129
1.81197
1.81127
1.81053
1.80939
1.80748
1.80452
1.80041
1.79526
1.78938
1.78324
1.77741
1.77252
1.7691
1.76744
1.76748
1.76879
1.77071
1.77266
1.7743
1.77565
1.77695
1.77859
1.78087
1.78394
1.78778
1.79218
1.79679
1.80126
1.80527
1.80859
1.81111
1.81279
1.81364
1.81368
1.81292
1.81134
1.8089
1.80552
1.80112
1.79558
1.78881
1.78077
1.77151
1.76122
1.75029
1.73932
1.72911
1.72055
1.71444
1.7113
1.71123
1.71388
1.71859
1.72456
1.73105
1.73747
1.74343
1.74872
1.75326
1.75707
1.76021
1.76274
1.76471
1.76611
1.76688
1.7669
1.76599
1.76393
1.76047
1.75538
1.74856
1.74013
1.7306
1.72096
1.71261
1.70697
1.70499
1.70673
1.71141
1.71785
1.72488
1.73166
1.73771
1.74278
1.74685
1.74999
1.7523
1.75393
1.75503
1.75575
1.7562
1.75649
1.7567
1.75689
1.75711
1.75738
1.75775
1.75823
1.75885
1.75963
1.76061
1.76177
1.7631
1.76457
1.76609
1.76756
1.76886
1.76986
1.77046
1.77056
1.77012
1.76915
1.76771
1.76588
1.76378
1.76153
1.75923
1.75696
1.7548
1.75282
1.75112
1.7498
1.749
1.74882
1.74932
1.75051
1.75234
1.75471
1.75743
1.7603
1.76307
1.76553
1.76756
1.76919
1.77056
1.7719
1.77349
1.77554
1.77819
1.78146
1.78522
1.78923
1.7932
1.79679
1.79969
1.80168
1.80259
1.80238
1.80114
1.79906
1.79643
1.79361
1.79099
1.7889
1.78754
1.787
1.78722
1.78807
1.78939
1.79106
1.79294
1.79493
1.79693
1.79883
1.80051
1.80187
1.80286
1.80347
1.80373
1.80371
1.80352
1.8033
1.80316
1.80324
1.80365
1.80444
1.80562
1.80714
1.80886
1.81064
1.81227
1.81354
1.81424
1.81421
1.81333
1.81156
1.809
1.80585
1.80238
1.79893
1.79582
1.79328
1.79149
1.79054
1.79047
1.79121
1.7925
1.79394
1.795
1.79525
1.79445
1.79276
1.79067
1.78891
1.78815
1.7888
1.79084
1.7939
1.79743
1.80091
1.8039
1.80616
1.80756
1.80811
1.80789
1.80703
1.80565
1.80384
1.80164
1.799
1.7958
1.79191
1.78721
1.78165
1.77539
1.7688
1.76248
1.75717
1.7536
1.75221
1.75302
1.75567
1.75949
1.76381
1.76808
1.77195
1.77531
1.77817
1.78066
1.78289
1.78496
1.78686
1.78855
1.7899
1.79078
1.79102
1.79049
1.78908
1.78672
1.78344
1.77933
1.77465
1.76981
1.76537
1.76194
1.76
1.7598
1.76124
1.76392
1.76732
1.77092
1.77433
1.77729
1.7797
1.78152
1.78277
1.78347
1.78365
1.78333
1.7825
1.78116
1.77932
1.77701
1.77431
1.77138
1.76841
1.76567
1.76338
1.76174
1.7608
1.76048
1.7606
1.76086
1.76096
1.76063
1.75966
1.75797
1.7556
1.75271
1.74958
1.74659
1.74411
1.74249
1.74202
1.74287
1.74508
1.74854
1.75303
1.75823
1.76378
1.76933
1.77459
1.77934
1.78343
1.78679
1.78941
1.79133
1.79259
1.79327
1.79347
1.79327
1.79276
1.79202
1.79111
1.7901
1.78902
1.78788
1.78667
1.78537
1.78394
1.7823
1.78039
1.77814
1.77547
1.77234
1.76872
1.76465
1.76021
1.75557
1.75097
1.7467
1.743
1.74007
1.73795
1.73662
1.73594
1.73577
1.73597
1.73637
1.73678
1.73698
1.73678
1.7362
1.73559
1.73564
1.73716
1.74068
1.74612
1.75282
1.75981
1.76622
1.77146
1.7753
1.77777
1.77902
1.77929
1.7788
1.77774
1.77627
1.77454
1.77262
1.77058
1.76844
1.76622
1.76389
1.76141
1.75876
1.75591
1.75292
1.74989
1.74701
1.74455
1.74283
1.7421
1.74251
1.74404
1.7465
1.74961
1.75304
1.75651
1.7598
1.76275
1.76529
1.76735
1.76895
1.77006
1.77071
1.7709
1.77063
1.76989
1.76866
1.76692
1.76462
1.76173
1.75823
1.75411
1.7494
1.74422
1.73873
1.73322
1.72805
1.72363
1.72043
1.7188
1.71896
1.72087
1.72428
1.72873
1.7337
1.73873
1.74343
1.74756
1.75099
1.75368
1.75566
1.75699
1.75774
1.75802
1.75792
1.75755
1.75705
1.75653
1.75612
1.75596
1.75615
1.75674
1.75777
1.75921
1.76101
1.76309
1.76535
1.76772
1.77012
1.77249
1.77477
1.77692
1.77886
1.78056
1.78194
1.78294
1.78349
1.78352
1.78299
1.78186
1.78015
1.77793
1.7753
1.7724
1.76936
1.76625
1.76304
1.75958
1.75567
1.75118
1.74621
1.74128
1.73735
1.73556
1.73678
1.74115
1.74793
1.75587
1.76372
1.77056
1.77594
1.7798
1.78232
1.78382
1.78464
1.78507
1.78539
1.78576
1.78627
1.78693
1.7877
1.78848
1.78919
1.78977
1.79018
1.79044
1.79062
1.79079
1.79105
1.79146
1.79208
1.79292
1.79393
1.79502
1.796
1.79659
1.79649
1.79533
1.79282
1.78882
1.78347
1.77724
1.77095
1.76556
1.76188
1.76027
1.76057
1.76218
1.76423
1.7658
1.76611
1.7647
1.76162
1.75749
1.7535
1.751
1.751
1.75365
1.75828
1.76379
1.76918
1.77384
1.77758
1.78044
1.78251
1.78385
1.78446
1.7843
1.78333
1.78155
1.77902
1.77588
1.77232
1.76863
1.76515
1.76226
1.7603
1.75955
1.7601
1.76189
1.76468
1.76811
1.77178
1.77531
1.77834
1.78063
1.78199
1.78231
1.78154
1.77968
1.77682
1.77308
1.76869
1.76392
1.7591
1.75453
1.75048
1.74707
1.74433
1.74221
1.74059
1.73938
1.73851
1.73794
1.73763
1.73758
1.73773
1.73805
1.73849
1.73901
1.73957
1.74017
1.74079
1.74142
1.74208
1.74277
1.74349
1.74424
1.745
1.74572
1.74633
1.74678
1.74695
1.74678
1.74616
1.745
1.74321
