-0.0888332   -0.348886   -0.0512977
0.491038   -0.269151   -0.13145
0.234442   0.335912   0.351797
0.467807   -0.445494   -0.0321194
-0.376931   0.337967   -0.325293
-0.471502   -0.156364   0.493502
0.0612473   0.19992   -0.0364456
-0.218653   -0.403426   -0.41374
-0.0490882   0.451093   -0.00656269
0.0838474   -0.193283   -0.246042
0.0920424   -0.21496   -0.0181703
0.064918   -0.301909   0.339014
0.356753   0.353699   0.159087
0.36925   -0.346191   -0.430042
-0.299205   0.000103588   -0.095435
0.264865   0.188569   0.167689
-0.494066   -0.301334   0.334167
0.0153416   -0.314927   -0.44779
0.493762   0.0530301   0.356978
0.139597   0.375445   0.0638877
-0.406035   -0.064477   0.0663129
0.201896   -0.0597077   0.357193
-0.428103   -0.462894   -0.455317
-0.420656   0.0368872   -0.429687
0.448212   -0.453946   -0.25989
-0.420674   -0.13106   0.279176
-0.0635182   0.47619   0.210095
-0.421354   -0.0540775   -0.248374
0.203635   0.361755   -0.286581
0.359992   -0.153701   0.379418
-0.15433   0.304387   0.175457
0.42659   0.266032   -0.2626
-0.160865   -0.0962775   -0.300331
-0.0555135   0.306527   0.404405
0.00489983   -0.48187   0.454429
-0.165288   0.384776   -0.308842
-0.254032   0.138821   -0.375473
-0.140045   0.122441   -0.217391
-0.198481   -0.0695252   0.275805
-0.304762   0.131828   0.410927
0.108434   0.147751   0.378237
0.112808   0.177673   -0.308049
0.30105   0.198725   -0.399552
-0.0501909   0.107956   0.193615
0.0471921   0.298694   0.20103
0.118657   -0.428579   -0.0825634
-0.248615   -0.435486   -0.19827
0.232686   0.445705   -0.47876
-0.447961   -0.300203   -0.299535
0.22975   0.265441   -0.120644
-0.104318   -0.122673   -0.113683
-0.0908425   -0.28301   -0.262681
0.0064495   -0.121615   0.365874
0.0695544   0.325042   -0.451018
-0.479751   0.256426   0.499071
-0.33171   -0.416708   -0.0298327
0.198461   -0.387088   -0.315879
0.307843   0.122247   0.359154
-0.0893266   0.0714962   0.472437
-0.287537   -0.244115   -0.194332
-0.250441   -0.0705119   0.451233
-0.297635   -0.200212   -0.391479
-0.0665184   0.206126   -0.372062
0.396585   -0.172281   -0.332733
-0.309075   -0.427727   0.210107
-0.36286   0.220695   0.0235317
0.173349   0.0254121   -0.428778
-0.470329   0.392516   0.0601247
0.274885   -0.406921   0.379524
0.191083   -0.252038   0.468233
-0.156011   -0.31132   0.291731
-0.391119   0.140553   -0.212413
0.145094   -0.49074   0.235442
0.0647491   0.0129093   -0.204117
0.321597   -0.24031   0.030235
0.470298   0.244279   0.306442
-0.340189   0.263688   0.233315
0.385242   0.034893   -0.488927
0.0386888   -0.375148   0.108765
-0.123734   -0.219993   0.471989
-0.278859   0.304333   -0.154142
-0.193377   0.00681237   0.0869907
0.186215   -0.177922   0.176812
-0.0736698   -0.21848   0.133295
-0.286097   0.338538   0.485218
-0.023636   0.326899   -0.163081
0.00365289   -0.080631   -0.438348
0.322838   0.0842535   -0.193674
0.472101   0.493327   0.25573
0.0326346   -0.0110092   0.0188496
-0.479034   -0.247191   0.0869755
-0.275594   -0.196011   0.130622
-0.250667   0.405425   0.0186044
-0.157205   0.184857   -0.030783
0.411098   -0.088665   -0.0644392
0.341066   0.4319   -0.124464
0.349939   -0.0495443   0.141611
0.290969   -0.254231   -0.162218
0.0340462   -0.497152   -0.316766
0.128815   0.0438119   0.202295
-0.346364   0.0726447   0.211114
-0.445542   0.393027   -0.135553
-0.316525   -0.311083   0.404328
0.483101   0.118851   0.124879
0.217965   0.0469297   0.0200771
0.381598   0.209995   -0.0164214
0.261085   -0.475985   0.0541412
-0.190664   -0.497345   0.381558
