-0.0887105   -0.348897   -0.0514786
0.491196   -0.269164   -0.131486
0.234262   0.33571   0.351674
0.467929   -0.445516   -0.0321013
-0.376956   0.338044   -0.325369
-0.471412   -0.156444   0.493361
0.0613426   0.199867   -0.0364399
-0.218564   -0.403313   -0.41383
-0.0490564   0.451108   -0.00655558
0.0839018   -0.193288   -0.245983
0.0920401   -0.214965   -0.0180035
0.0648841   -0.302074   0.339025
0.356816   0.353676   0.158911
0.369309   -0.34618   -0.429996
-0.299241   0.000215818   -0.0954869
0.264889   0.188593   0.167759
-0.494075   -0.30133   0.334204
0.0154625   -0.315063   -0.447901
0.493816   0.0530369   0.356937
0.13954   0.375441   0.0636544
-0.406002   -0.0644913   0.0663669
0.201776   -0.0598481   0.357132
-0.428109   -0.462962   -0.455247
-0.420694   0.0368871   -0.42951
0.448214   -0.454117   -0.259868
-0.4207   -0.131045   0.279289
-0.0635629   0.476233   0.210007
-0.421472   -0.0540835   -0.248297
0.20363   0.361821   -0.28657
0.360218   -0.153703   0.379434
-0.154309   0.304337   0.175462
0.426686   0.265932   -0.262496
-0.160779   -0.0963117   -0.300217
-0.055451   0.306561   0.404372
0.00488084   -0.481782   0.45451
-0.165255   0.384754   -0.30895
-0.253988   0.138836   -0.375389
-0.140163   0.12241   -0.217279
-0.198661   -0.0696163   0.275748
-0.304953   0.13191   0.410811
0.1085   0.147614   0.378338
0.112805   0.177649   -0.308044
0.300903   0.198737   -0.399448
-0.050412   0.108013   0.193633
0.0471013   0.298793   0.201096
0.118525   -0.428627   -0.0826882
-0.248632   -0.435326   -0.19818
0.23273   0.445751   -0.478868
-0.447983   -0.300286   -0.299485
0.229732   0.265445   -0.120718
-0.104404   -0.122651   -0.113594
-0.0910106   -0.282847   -0.262713
0.00644039   -0.121609   0.366001
0.0695014   0.325176   -0.451096
-0.479852   0.256376   0.499048
-0.331773   -0.416847   -0.0299657
0.19837   -0.387108   -0.316022
0.307692   0.122192   0.359025
-0.0892043   0.0714772   0.472558
-0.287434   -0.244091   -0.194418
-0.250425   -0.070363   0.451243
-0.29761   -0.20015   -0.391333
-0.0667289   0.206329   -0.372035
0.396677   -0.172265   -0.332766
-0.309231   -0.42778   0.210071
-0.362907   0.220528   0.0237219
0.17324   0.0255254   -0.42862
-0.470247   0.392422   0.0601615
0.27481   -0.40688   0.379504
0.19107   -0.251983   0.4684
-0.155936   -0.31136   0.291775
-0.391022   0.140668   -0.212414
0.14515   -0.490714   0.23537
0.0647362   0.0130143   -0.204106
0.321685   -0.240391   0.0302368
0.470279   0.244266   0.306422
-0.340322   0.26355   0.233186
0.38527   0.0350184   -0.488822
0.0389402   -0.375059   0.108904
-0.123589   -0.219968   0.471905
-0.278862   0.304379   -0.15422
-0.193332   0.00681569   0.086907
0.186338   -0.177746   0.176865
-0.0736913   -0.218453   0.133582
-0.286122   0.338637   0.48528
-0.0236603   0.326876   -0.163262
0.00359423   -0.0807817   -0.438471
0.322732   0.0841835   -0.193435
0.471918   0.493473   0.255649
0.0327353   -0.0110059   0.0189292
-0.479098   -0.247272   0.0870296
-0.275513   -0.196024   0.13053
-0.250589   0.405347   0.0184738
-0.157111   0.184798   -0.0307563
0.411044   -0.0887088   -0.0645318
0.340833   0.432046   -0.124397
0.350075   -0.0496507   0.141491
0.291063   -0.253974   -0.16205
0.0339504   -0.497064   -0.316888
0.128883   0.0438792   0.202219
-0.346242   0.0727184   0.211077
-0.445714   0.393112   -0.135721
-0.316622   -0.311227   0.404511
0.483175   0.118717   0.125036
0.218242   0.0467716   0.0200862
0.381655   0.210087   -0.0165388
0.261298   -0.47605   0.0540502
-0.190715   -0.497479   0.381549
