-4.94815
-4.93271
-4.92439
-4.9269
-4.93597
-4.9513
-4.96782
-4.9813
-4.99023
-4.99307
-4.99248
-4.99026
-4.991
-4.99225
-4.99247
-4.99621
-5.00305
-5.01758
-5.04129
-5.06994
-5.10057
-5.12486
-5.14196
-5.15078
-5.15326
-5.15445
-5.15752
-5.16166
-5.16508
-5.16464
-5.15838
-5.14614
-5.12907
-5.11125
-5.09675
-5.09084
-5.09514
-5.10897
-5.12654
-5.1444
-5.15756
-5.16538
-5.16651
-5.1603
-5.14891
-5.13164
-5.11268
-5.09201
-5.06903
-5.04497
-5.01994
-4.99597
-4.97712
-4.96423
-4.9615
-4.96998
-4.9876
-5.0129
-5.0427
-5.07252
-5.10107
-5.12665
-5.14585
-5.15829
-5.16514
-5.1665
-5.16367
-5.15942
-5.1515
-5.141
-5.12799
-5.11193
-5.09214
-5.06911
-5.04371
-5.01967
-5.00031
-4.98879
-4.9844
-4.9836
-4.98442
-4.98516
-4.98581
-4.9855
-4.98559
-4.98492
-4.98231
-4.97896
-4.97552
-4.97354
-4.97299
-4.97413
-4.9742
-4.97123
-4.96128
-4.94771
-4.92809
-4.90864
-4.89104
-4.87984
-4.87964
-4.88972
-4.90944
-4.9379
-4.96993
-5.00214
-5.02983
-5.04986
-5.0596
-5.056
-5.0412
-5.01762
-4.98993
-4.96403
-4.94572
-4.9395
-4.94411
-4.95454
-4.96513
-4.97361
-4.97379
-4.96952
-4.95932
-4.9469
-4.93621
-4.92817
-4.92719
-4.93344
-4.94683
-4.96129
-4.97744
-4.99155
-5.00612
-5.02198
-5.03877
-5.05432
-5.0711
-5.08745
-5.10154
-5.11354
-5.12134
-5.12398
-5.11903
-5.10455
-5.08382
-5.06024
-5.04014
-5.02952
-5.02573
-5.02622
-5.02941
-5.03159
-5.03351
-5.03535
-5.0345
-5.02969
-5.02285
-5.01384
-5.00528
-4.99733
-4.99325
-4.99442
-5.00237
-5.01395
-5.0287
-5.04164
-5.04542
-5.03944
-5.02208
-4.99856
-4.97479
-4.9608
-4.95998
-4.97396
-4.99898
-5.02636
-5.05165
-5.06891
-5.07638
-5.07264
-5.05909
-5.0363
-5.00477
-4.96668
-4.91994
-4.87151
-4.82658
-4.79432
-4.78036
-4.78707
-4.81111
-4.84105
-4.87223
-4.90003
-4.92202
-4.93814
-4.94937
-4.95551
-4.95675
-4.95619
-4.95475
-4.95362
-4.95552
-4.96159
-4.97081
-4.98085
-4.98953
-4.99855
-5.00532
-5.01063
-5.01588
-5.02117
-5.02513
-5.02665
-5.02636
-5.02297
-5.01607
-5.00748
-4.99883
-4.99335
-4.99051
-4.9871
-4.98211
-4.97287
-4.96079
-4.94791
-4.93572
-4.92629
-4.92367
-4.92786
-4.94259
-4.96487
-4.99307
-5.02327
-5.04985
-5.06832
-5.07944
-5.08012
-5.07106
-5.05444
-5.03099
-4.99761
-4.95915
-4.9183
-4.89006
-4.8858
-4.90756
-4.94352
-4.98244
-5.01607
-5.0431
-5.06352
-5.07687
-5.08359
-5.08448
-5.07748
-5.06569
-5.0472
-5.0254
-5.00354
-4.98497
-4.97028
-4.96083
-4.95482
-4.94904
-4.94279
-4.93745
-4.93567
-4.93833
-4.94781
-4.96065
-4.97097
-4.97878
-4.98387
-4.98707
-4.9912
-4.99707
-5.008
-5.02408
-5.04477
-5.06644
-5.08709
-5.10055
-5.1061
-5.10105
-5.08758
-5.06599
-5.03777
-5.00689
-4.97674
-4.95407
-4.94136
-4.94037
-4.95055
-4.97056
-4.99621
-5.0229
-5.0461
-5.06616
-5.07814
-5.08394
-5.08276
-5.07041
-5.04972
-5.01894
-4.98221
-4.94054
-4.9022
-4.87126
-4.85102
-4.83896
-4.833
-4.83075
-4.83011
-4.83178
-4.8383
-4.85206
-4.87358
-4.90043
-4.93121
-4.96439
-4.99349
-5.01593
-5.03104
-5.03623
-5.03134
-5.01926
-4.9997
-4.97627
-4.94929
-4.92232
-4.89407
-4.86937
-4.84826
-4.83342
-4.82435
-4.81816
-4.81417
-4.81078
-4.8108
-4.8186
-4.83468
-4.86259
-4.89714
-4.93233
-4.96085
-4.9781
-4.98415
-4.97895
-4.96605
-4.94772
-4.92875
-4.9112
-4.8986
-4.89159
-4.88879
-4.88995
-4.8909
-4.89183
-4.89121
-4.89043
-4.8893
-4.89114
-4.89774
-4.91044
-4.92703
-4.9471
-4.96641
-4.98035
-4.987
-4.98379
-4.97385
-4.95845
-4.94215
-4.92614
-4.91427
-4.9079
-4.90767
-4.91256
-4.91986
-4.92962
-4.94047
-4.94996
-4.95829
-4.96592
-4.9711
-4.97459
-4.97563
-4.97462
-4.97448
-4.97721
-4.98534
-4.99841
-5.01558
-5.03591
-5.05559
-5.07405
-5.09183
-5.10321
-5.10986
-5.10949
-5.10272
-5.09241
-5.0798
-5.06635
-5.05274
-5.04214
-5.03407
-5.02894
-5.02525
-5.01955
-5.01327
-5.00673
-5.00378
-5.00692
-5.01754
-5.02879
-5.03973
-5.04565
-5.04523
-5.03436
-5.01545
-4.98902
-4.95935
-4.93386
-4.91195
-4.89858
-4.89142
-4.89098
-4.89501
-4.90506
-4.91974
-4.93776
-4.95784
-4.97772
-4.99773
-5.01431
-5.02654
-5.03539
-5.04006
-5.03921
-5.03316
-5.02236
-5.00746
-4.99087
-4.97919
-4.97258
-4.97539
-4.98855
-5.0107
-5.03982
-5.07172
-5.10297
-5.12981
-5.14707
-5.15339
-5.14674
-5.13108
-5.10924
-5.08489
-5.06099
-5.03775
-5.02112
-5.00928
-5.00199
-4.99749
-4.99261
-4.98573
-4.9765
-4.96489
-4.95515
-4.94898
-4.95097
-4.96008
-4.97566
-4.99558
-5.01577
-5.03251
-5.03914
-5.03458
-5.01563
-4.98646
-4.95033
-4.91267
-4.88176
-4.86137
-4.8556
-4.86149
-4.87679
-4.90036
-4.92877
-4.96068
-4.99454
-5.02867
-5.05786
-5.07923
-5.087
-5.08151
-5.06702
-5.04884
-5.03316
-5.02286
-5.01801
-5.01496
-5.01099
-5.00763
-5.00502
-5.0053
-5.00855
-5.01288
-5.01756
-5.02114
-5.02109
-5.01766
-5.01305
-5.00909
-5.01024
-5.0158
-5.02555
-5.03753
-5.0487
-5.05735
-5.06099
-5.06231
-5.06325
-5.06614
-5.07322
-5.08564
-5.10253
-5.12123
-5.13915
-5.15122
-5.15521
-5.15129
-5.14157
-5.12607
-5.10741
-5.08526
-5.06157
-5.03713
-5.01585
-4.99738
-4.98136
-4.96712
-4.95347
-4.94024
-4.92621
-4.9108
-4.89374
-4.87393
-4.8581
-4.84842
-4.84797
-4.85681
-4.87217
-4.89021
-4.91016
-4.92765
-4.94251
-4.95535
-4.96496
-4.97151
-4.97493
-4.97826
-4.98342
-4.99565
-5.0122
-5.03369
-5.05227
-5.06627
-5.07339
-5.07129
-5.06008
-5.03998
-5.01694
-4.98923
-4.96219
-4.94067
-4.92552
-4.91808
-4.91945
-4.92649
-4.93921
-4.95491
-4.97449
-4.99864
-5.02409
-5.05086
-5.07343
-5.09066
-5.10432
-5.11239
-5.11656
-5.11746
-5.11366
-5.10724
-5.09649
-5.08676
-5.08007
-5.07311
-5.06581
-5.05802
-5.04694
-5.03672
-5.03048
-5.02902
-5.03624
-5.05091
-5.0726
-5.09971
-5.12839
-5.15644
-5.18052
-5.197
-5.20597
-5.20881
-5.20779
-5.20509
-5.20098
-5.19593
-5.18954
-5.18139
-5.16833
-5.14982
-5.12588
-5.09499
-5.06172
-5.02588
-4.9907
-4.95965
-4.93617
-4.92139
-4.91613
-4.91822
-4.92469
-4.93599
-4.94832
-4.96069
-4.96917
-4.96994
-4.96515
-4.95497
-4.94409
-4.93283
-4.92182
-4.90946
-4.89696
-4.88505
-4.87623
-4.87206
-4.87188
-4.87835
-4.88783
-4.89801
-4.90559
-4.90809
-4.90273
-4.89384
-4.88132
-4.87063
-4.8649
-4.86713
-4.87687
-4.89182
-4.90787
-4.92179
-4.93356
-4.94294
-4.94764
-4.94627
-4.94139
-4.93494
-4.93061
-4.9294
-4.93518
-4.94471
-4.95769
-4.97094
-4.98143
-4.98831
-4.98687
-4.97443
-4.95497
-4.93247
-4.91435
-4.905
-4.90369
-4.90676
-4.90952
-4.91138
-4.91325
-4.92025
-4.93362
-4.95359
-4.97865
-5.00606
-5.02986
-5.04577
-5.05627
-5.05698
-5.05085
-5.03758
-5.02163
-5.00758
-5.00249
-5.0111
-5.02859
-5.05139
-5.07137
-5.08508
-5.09381
-5.09797
-5.10251
-5.10814
-5.11305
-5.11665
-5.11667
-5.11208
-5.10385
-5.09417
-5.08516
-5.07994
-5.07705
-5.07881
-5.07993
-5.0805
-5.07639
-5.0673
-5.05061
-5.03031
-5.00784
-4.98647
-4.97179
-4.96534
-4.96884
-4.97824
-4.99264
-5.00731
-5.0189
-5.02712
-5.0317
-5.03461
-5.03335
-5.0308
-5.02863
-5.02587
-5.02395
-5.02191
-5.01889
-5.0153
-5.01218
-5.01009
-5.00915
-5.00966
-5.00887
-5.00631
-4.99957
-4.98781
-4.97261
-4.96243
-4.95964
-4.96792
-4.98264
-4.99794
-5.00758
-5.01047
-5.00752
-4.99862
-4.9859
-4.97082
-4.95008
-4.92823
-4.90641
-4.8908
-4.88606
-4.89696
-4.92152
-4.95492
-4.98852
-5.01805
-5.04109
-5.05677
-5.06471
-5.06548
-5.05939
-5.04733
-5.03096
-5.01509
-4.99895
-4.98563
-4.97784
-4.97557
-4.97921
-4.98664
-4.99707
-5.01083
-5.02419
-5.03456
-5.04034
-5.04055
-5.03534
-5.0249
-5.01246
-5.00046
-4.99368
-4.99178
-4.9936
-4.99775
-5.00347
-5.00428
-5.00011
-4.99035
-4.97519
-4.95431
-4.93144
-4.91187
-4.90016
-4.89776
-4.90651
-4.92371
-4.94616
-4.9695
-4.99111
-5.00756
-5.02028
-5.02795
-5.03408
-5.03837
-5.04266
-5.04621
-5.04809
-5.04775
-5.04474
-5.03916
-5.03168
-5.02361
-5.01362
-5.00424
-4.99853
-4.9963
-4.99678
-4.99546
-4.99109
-4.98047
-4.96815
-4.9553
-4.94547
-4.93907
-4.936
-4.93691
-4.94284
-4.95086
-4.96022
-4.9679
-4.9713
-4.97018
-4.96468
-4.95429
-4.93776
-4.91663
-4.89039
-4.86117
-4.83239
-4.80704
-4.79151
-4.7863
-4.78999
-4.8005
-4.8147
-4.82947
-4.84232
-4.85226
-4.86172
-4.87387
-4.889
-4.90575
-4.92306
-4.93585
-4.94416
-4.94728
-4.94468
-4.93898
-4.93047
-4.92168
-4.91382
-4.91144
-4.91207
-4.91357
-4.91337
-4.90909
-4.90452
-4.90064
-4.90038
-4.90729
-4.92114
-4.94343
-4.97371
-5.008
-5.04449
-5.07868
-5.1119
-5.14018
-5.15979
-5.17213
-5.17959
-5.18116
-5.17845
-5.16986
-5.15761
-5.1419
-5.12293
-5.10475
-5.09079
-5.08336
-5.0828
-5.08952
-5.09768
-5.1062
-5.11003
-5.10606
-5.09545
-5.07334
-5.04066
-5.00236
-4.96391
-4.93254
-4.91465
-4.90851
-4.91263
-4.92413
-4.94128
-4.96177
-4.98519
-5.01131
-5.0406
-5.0689
-5.09564
-5.11659
-5.13315
-5.14473
-5.1505
-5.15094
-5.14709
-5.14038
-5.12847
-5.11303
-5.09297
-5.07098
-5.05054
-5.03534
-5.02606
-5.02508
-5.0296
-5.03867
-5.0484
-5.05805
-5.06678
-5.0756
-5.0845
-5.09621
-5.10823
-5.11746
-5.12117
-5.11883
-5.1091
-5.09282
-5.0752
-5.05668
-5.03725
-5.01921
-5.00572
-4.99774
-4.99532
-4.99702
-5.0017
-5.01073
-5.02298
-5.0375
-5.05233
-5.06438
-5.07147
-5.07633
-5.07734
-5.07523
-5.07248
-5.06772
-5.06481
-5.06129
-5.05659
-5.05548
-5.05696
-5.05899
-5.0607
-5.06207
-5.06078
-5.05639
-5.04976
-5.04252
-5.03513
-5.02978
