1.6314
1.61612
1.60825
1.6094
1.61893
1.6341
1.65107
1.6659
1.67559
1.67919
1.67845
1.67669
1.67622
1.67702
1.6783
1.68097
1.68812
1.70296
1.72636
1.75562
1.78548
1.81053
1.82733
1.83569
1.83848
1.83983
1.8426
1.84674
1.84985
1.84911
1.8427
1.83046
1.81399
1.79663
1.78289
1.77713
1.78143
1.7945
1.81237
1.83022
1.84415
1.85181
1.85249
1.84658
1.83504
1.81913
1.80002
1.77859
1.75546
1.7311
1.70638
1.68301
1.66355
1.65097
1.64779
1.65521
1.67268
1.69797
1.72792
1.7591
1.78841
1.81338
1.83243
1.84503
1.85157
1.85308
1.85071
1.8454
1.83763
1.82743
1.81442
1.7979
1.77736
1.75312
1.72712
1.70293
1.68433
1.67326
1.66887
1.66837
1.66889
1.66887
1.66832
1.668
1.66824
1.66818
1.66648
1.66297
1.65923
1.65725
1.65761
1.6589
1.65867
1.65464
1.64545
1.63097
1.61256
1.59296
1.57581
1.56507
1.56396
1.57404
1.59467
1.62312
1.65546
1.68751
1.71535
1.73554
1.74527
1.74288
1.72853
1.7048
1.67666
1.65046
1.63215
1.62518
1.62903
1.63946
1.6505
1.65732
1.65765
1.65187
1.64182
1.62986
1.61872
1.61159
1.61106
1.61776
1.63009
1.64531
1.66115
1.67662
1.69179
1.70721
1.72324
1.73969
1.75587
1.77101
1.7845
1.79559
1.80309
1.80512
1.79972
1.78599
1.76557
1.74305
1.72446
1.71369
1.7105
1.71189
1.71493
1.71802
1.72039
1.72133
1.72002
1.71597
1.70928
1.70072
1.69156
1.68361
1.67908
1.67995
1.68714
1.69963
1.71422
1.72625
1.73093
1.72511
1.70881
1.68574
1.66289
1.6483
1.64763
1.66146
1.68541
1.7128
1.73733
1.75443
1.7616
1.75816
1.74461
1.72183
1.69044
1.65114
1.60547
1.55703
1.51226
1.47956
1.46604
1.47351
1.49709
1.52838
1.55987
1.58721
1.6089
1.62487
1.6355
1.64134
1.64318
1.64233
1.64059
1.64006
1.64256
1.64878
1.65801
1.66849
1.67838
1.68665
1.69327
1.69873
1.70352
1.70775
1.71112
1.71293
1.71234
1.70864
1.7019
1.69346
1.68557
1.67994
1.67634
1.67278
1.66703
1.65795
1.64587
1.63238
1.6199
1.61107
1.6083
1.6134
1.62737
1.6498
1.67815
1.70804
1.73463
1.754
1.76406
1.76444
1.75598
1.73966
1.71561
1.68329
1.64377
1.60354
1.57575
1.57286
1.59536
1.63192
1.67038
1.70417
1.73134
1.75176
1.76557
1.77275
1.77319
1.76694
1.75439
1.73651
1.71517
1.69316
1.67368
1.65899
1.64924
1.64247
1.63624
1.62953
1.62374
1.62166
1.62538
1.63456
1.64648
1.6577
1.66582
1.67045
1.67306
1.67613
1.68231
1.69338
1.70976
1.73015
1.75182
1.77125
1.78502
1.79057
1.78658
1.77295
1.75076
1.72224
1.69091
1.66121
1.63779
1.62463
1.62394
1.63533
1.65594
1.68159
1.70813
1.73223
1.75154
1.76443
1.76976
1.76677
1.75488
1.73373
1.70356
1.66593
1.62456
1.58532
1.55423
1.53414
1.52358
1.51883
1.51674
1.51625
1.51837
1.52519
1.53866
1.55957
1.58717
1.61916
1.65218
1.68234
1.70599
1.72049
1.72478
1.71944
1.70615
1.68689
1.66331
1.63679
1.60876
1.58112
1.55612
1.53576
1.52107
1.5117
1.50611
1.50242
1.49978
1.49981
1.5064
1.52339
1.55115
1.58554
1.61982
1.64773
1.66529
1.67104
1.66568
1.65172
1.63279
1.61292
1.59552
1.58278
1.57531
1.57236
1.57231
1.5734
1.57433
1.57447
1.57399
1.57392
1.57607
1.58252
1.59476
1.61256
1.63338
1.653
1.66708
1.67282
1.66977
1.65952
1.64488
1.62888
1.61424
1.60313
1.59691
1.59607
1.60006
1.6075
1.61681
1.6266
1.63594
1.64442
1.65175
1.65753
1.66117
1.66236
1.6618
1.66152
1.66425
1.67207
1.68529
1.70261
1.72219
1.74232
1.76138
1.77765
1.78934
1.79508
1.7944
1.78794
1.77717
1.76396
1.75007
1.73705
1.72615
1.71794
1.7119
1.70654
1.70038
1.69336
1.68727
1.68493
1.68837
1.69747
1.70978
1.72133
1.72799
1.72667
1.71595
1.69644
1.67062
1.64231
1.61576
1.59445
1.58018
1.57317
1.57273
1.57797
1.58817
1.60269
1.62071
1.64095
1.66173
1.68128
1.69817
1.71146
1.72061
1.72513
1.72443
1.71823
1.70697
1.69223
1.6767
1.66381
1.65705
1.65911
1.67121
1.69275
1.72142
1.75361
1.78502
1.81125
1.82851
1.83438
1.82848
1.81267
1.79038
1.76543
1.74093
1.71919
1.70181
1.68937
1.68132
1.67591
1.67073
1.6637
1.65417
1.64332
1.63373
1.62846
1.63
1.63942
1.6559
1.67672
1.69766
1.71395
1.72133
1.71693
1.69964
1.67062
1.63389
1.59623
1.56503
1.54554
1.53947
1.54567
1.56172
1.58498
1.61324
1.645
1.67886
1.71253
1.74202
1.76248
1.77025
1.76476
1.74922
1.72999
1.71401
1.70476
1.70066
1.69792
1.6944
1.69059
1.68813
1.68825
1.69105
1.69553
1.70006
1.70289
1.70284
1.69986
1.6954
1.69205
1.69244
1.69785
1.7076
1.71943
1.73059
1.73895
1.74364
1.74541
1.74636
1.74925
1.75648
1.76905
1.78609
1.80493
1.82195
1.83372
1.83816
1.83499
1.82527
1.81053
1.79202
1.77063
1.7474
1.72401
1.70228
1.6832
1.66673
1.65219
1.63884
1.62592
1.61233
1.59678
1.57865
1.5593
1.54241
1.53258
1.53259
1.54189
1.55754
1.57619
1.59523
1.61302
1.62864
1.64147
1.65109
1.65749
1.66151
1.66529
1.67181
1.68359
1.70104
1.72178
1.74157
1.75616
1.76268
1.75998
1.74832
1.72897
1.70396
1.67611
1.64892
1.62605
1.61044
1.60345
1.60467
1.61246
1.62503
1.64134
1.66121
1.68461
1.71052
1.73653
1.7597
1.77799
1.79089
1.79912
1.80344
1.80403
1.80054
1.79306
1.78322
1.77379
1.7665
1.76044
1.7533
1.74384
1.73291
1.7227
1.71585
1.71485
1.72146
1.73613
1.75782
1.78433
1.8127
1.83969
1.86241
1.8789
1.88861
1.89252
1.8924
1.89015
1.88695
1.88296
1.87732
1.86872
1.85581
1.8376
1.81366
1.78429
1.75057
1.71457
1.67924
1.64804
1.62411
1.60933
1.60377
1.60601
1.61399
1.62558
1.63852
1.64998
1.65695
1.65757
1.65217
1.64305
1.63263
1.62197
1.61081
1.59875
1.58626
1.57464
1.56568
1.56106
1.56178
1.56765
1.57698
1.58685
1.59398
1.59572
1.59097
1.58057
1.56745
1.556
1.55057
1.55341
1.5636
1.57809
1.59368
1.60822
1.62044
1.62936
1.63391
1.63345
1.62857
1.62167
1.61628
1.61553
1.62055
1.63038
1.64306
1.65645
1.668
1.67443
1.67253
1.6607
1.64064
1.61784
1.59941
1.58976
1.588
1.59001
1.59232
1.59418
1.59726
1.60441
1.61808
1.63881
1.66463
1.69173
1.71582
1.73355
1.74314
1.7443
1.73772
1.72491
1.70881
1.69476
1.68952
1.69722
1.71561
1.73781
1.75734
1.77119
1.77963
1.78469
1.78879
1.79336
1.79827
1.80186
1.80203
1.79759
1.78921
1.77923
1.77053
1.76515
1.76347
1.76433
1.76575
1.76556
1.7616
1.75205
1.73612
1.71492
1.69154
1.67018
1.6549
1.64844
1.65134
1.66179
1.67634
1.69116
1.70335
1.71158
1.71585
1.71695
1.71584
1.7136
1.71112
1.70897
1.70705
1.70486
1.70199
1.69855
1.69527
1.69319
1.69285
1.69381
1.69453
1.69273
1.68629
1.67468
1.66039
1.64901
1.64652
1.65465
1.66922
1.68376
1.69369
1.69734
1.69485
1.687
1.67474
1.65875
1.63953
1.61782
1.59601
1.57919
1.57416
1.58521
1.61052
1.64331
1.67645
1.70523
1.72751
1.74258
1.75037
1.75099
1.74475
1.73254
1.71618
1.69834
1.68191
1.66919
1.66155
1.65944
1.66262
1.6705
1.68199
1.69529
1.7082
1.71842
1.72419
1.72455
1.71935
1.70951
1.69722
1.68583
1.6786
1.67715
1.68048
1.68583
1.6902
1.69115
1.68699
1.67677
1.66055
1.63968
1.6171
1.59709
1.58401
1.58101
1.58885
1.60575
1.62805
1.65154
1.67269
1.6896
1.70202
1.71089
1.71747
1.72267
1.72681
1.72976
1.73118
1.7307
1.72798
1.72286
1.71538
1.7061
1.69626
1.68764
1.68193
1.6797
1.67957
1.67855
1.67373
1.66417
1.65139
1.6384
1.62797
1.62156
1.6194
1.62121
1.62654
1.63441
1.64316
1.6507
1.655
1.65463
1.64898
1.63814
1.62236
1.60169
1.5762
1.54714
1.51775
1.49286
1.47688
1.47167
1.47596
1.48662
1.50021
1.51378
1.52557
1.53566
1.54573
1.55788
1.573
1.59006
1.60661
1.62
1.62831
1.63098
1.62853
1.62223
1.61372
1.60493
1.59798
1.59439
1.59396
1.5947
1.5942
1.59128
1.58671
1.58298
1.58334
1.59054
1.60591
1.62911
1.65863
1.69247
1.72834
1.76374
1.79606
1.82297
1.84304
1.85598
1.86254
1.86381
1.86064
1.85326
1.84147
1.82546
1.80664
1.78801
1.77344
1.76601
1.76651
1.77308
1.7823
1.7905
1.79449
1.79157
1.77961
1.75734
1.72527
1.68667
1.64777
1.6161
1.59715
1.59177
1.59694
1.60874
1.62484
1.64473
1.66844
1.69547
1.72431
1.75276
1.77859
1.80015
1.81656
1.82753
1.83315
1.8339
1.83049
1.82333
1.81203
1.79598
1.77562
1.75318
1.73214
1.71588
1.7066
1.70486
1.70954
1.7183
1.72848
1.73813
1.74671
1.75508
1.76459
1.77585
1.78771
1.79739
1.80185
1.79921
1.78963
1.77501
1.75755
1.73873
1.7196
1.70201
1.68837
1.68009
1.67691
1.67816
1.68375
1.69369
1.70715
1.72227
1.73679
1.74869
1.75669
1.76049
1.76074
1.75863
1.75529
1.75143
1.74746
1.74379
1.74106
1.73995
1.74067
1.7427
1.74487
1.74578
1.74434
1.7401
1.73332
1.72502
1.71672
1.71017
