1.0876
1.07741
1.07216
1.07293
1.07928
1.0894
1.10072
1.1106
1.11706
1.11946
1.11896
1.11779
1.11748
1.11801
1.11886
1.12065
1.12541
1.13531
1.15091
1.17041
1.19032
1.20702
1.21822
1.2238
1.22565
1.22655
1.2284
1.23116
1.23324
1.23274
1.22847
1.22031
1.20933
1.19775
1.1886
1.18475
1.18762
1.19633
1.20825
1.22015
1.22943
1.23454
1.23499
1.23105
1.22336
1.21275
1.20001
1.18573
1.17031
1.15406
1.13759
1.122
1.10904
1.10065
1.09853
1.10348
1.11512
1.13198
1.15195
1.17274
1.19227
1.20892
1.22162
1.23002
1.23438
1.23539
1.2338
1.23027
1.22508
1.21829
1.20961
1.1986
1.18491
1.16875
1.15142
1.13529
1.12289
1.11551
1.11258
1.11225
1.11259
1.11258
1.11221
1.112
1.11216
1.11212
1.11098
1.10865
1.10615
1.10484
1.10507
1.10593
1.10578
1.10309
1.09697
1.08731
1.07504
1.06197
1.05054
1.04338
1.04264
1.04936
1.06312
1.08208
1.10364
1.12501
1.14357
1.15702
1.16351
1.16192
1.15235
1.13654
1.11777
1.10031
1.0881
1.08345
1.08602
1.09297
1.10034
1.10488
1.1051
1.10125
1.09455
1.08657
1.07914
1.07439
1.07404
1.07851
1.08673
1.09687
1.10744
1.11775
1.12786
1.13814
1.14883
1.15979
1.17058
1.18067
1.18966
1.19706
1.20206
1.20341
1.19981
1.19066
1.17704
1.16203
1.14964
1.14246
1.14033
1.14126
1.14328
1.14534
1.14693
1.14755
1.14668
1.14398
1.13952
1.13381
1.12771
1.12241
1.11938
1.11997
1.12476
1.13308
1.14281
1.15083
1.15396
1.15007
1.13921
1.12383
1.10859
1.09887
1.09842
1.10764
1.12361
1.14186
1.15822
1.16962
1.1744
1.17211
1.16308
1.14788
1.12696
1.10076
1.07031
1.03802
1.00818
0.986372
0.977363
0.982341
0.998063
1.01892
1.03991
1.05814
1.0726
1.08325
1.09033
1.09423
1.09546
1.09489
1.09372
1.09337
1.09504
1.09919
1.10534
1.11233
1.11892
1.12443
1.12885
1.13249
1.13568
1.1385
1.14075
1.14195
1.14156
1.1391
1.1346
1.12897
1.12371
1.11996
1.11756
1.11519
1.11135
1.1053
1.09725
1.08825
1.07993
1.07405
1.0722
1.0756
1.08492
1.09986
1.11877
1.1387
1.15642
1.16933
1.17604
1.17629
1.17065
1.15977
1.14374
1.12219
1.09585
1.06902
1.0505
1.04857
1.06357
1.08795
1.11359
1.13611
1.15423
1.16784
1.17705
1.18183
1.18213
1.17796
1.16959
1.15768
1.14344
1.12877
1.11578
1.106
1.09949
1.09498
1.09083
1.08636
1.0825
1.08111
1.08359
1.0897
1.09766
1.10514
1.11055
1.11364
1.11537
1.11742
1.12154
1.12892
1.13984
1.15343
1.16788
1.18084
1.19001
1.19371
1.19105
1.18197
1.16717
1.14816
1.12727
1.10748
1.09186
1.08309
1.08263
1.09022
1.10396
1.12106
1.13875
1.15482
1.16769
1.17628
1.17984
1.17785
1.16992
1.15582
1.13571
1.11062
1.08304
1.05688
1.03615
1.02276
1.01572
1.01255
1.01116
1.01083
1.01225
1.01679
1.02577
1.03971
1.05811
1.07944
1.10145
1.12156
1.13733
1.147
1.14985
1.14629
1.13743
1.12459
1.10887
1.09119
1.07251
1.05408
1.03741
1.02384
1.01405
1.0078
1.00407
1.00161
0.999857
0.999871
1.00427
1.01559
1.0341
1.05702
1.07988
1.09849
1.11019
1.11402
1.11046
1.10115
1.08853
1.07528
1.06368
1.05518
1.05021
1.04824
1.04821
1.04893
1.04956
1.04965
1.04933
1.04928
1.05071
1.05501
1.06317
1.07504
1.08892
1.102
1.11139
1.11521
1.11318
1.10635
1.09659
1.08592
1.07616
1.06875
1.0646
1.06405
1.0667
1.07167
1.07787
1.0844
1.09063
1.09628
1.10116
1.10502
1.10745
1.10824
1.10787
1.10768
1.1095
1.11472
1.12353
1.13508
1.14813
1.16155
1.17425
1.1851
1.19289
1.19672
1.19627
1.19196
1.18478
1.17597
1.16671
1.15804
1.15077
1.14529
1.14127
1.13769
1.13359
1.1289
1.12485
1.12329
1.12558
1.13165
1.13985
1.14755
1.152
1.15111
1.14397
1.13096
1.11374
1.09487
1.07718
1.06297
1.05345
1.04878
1.04848
1.05198
1.05878
1.06846
1.08047
1.09397
1.10782
1.12086
1.13211
1.14097
1.14708
1.15009
1.14962
1.14549
1.13798
1.12815
1.1178
1.10921
1.1047
1.10607
1.11414
1.1285
1.14761
1.16908
1.19001
1.2075
1.21901
1.22292
1.21899
1.20844
1.19359
1.17695
1.16062
1.14613
1.13454
1.12625
1.12088
1.11727
1.11382
1.10913
1.10278
1.09555
1.08915
1.08564
1.08667
1.09295
1.10394
1.11781
1.13178
1.14263
1.14755
1.14462
1.1331
1.11375
1.08926
1.06416
1.04335
1.03036
1.02631
1.03044
1.04115
1.05665
1.07549
1.09666
1.11924
1.14168
1.16135
1.17498
1.18017
1.17651
1.16615
1.15333
1.14267
1.13651
1.13377
1.13195
1.1296
1.12706
1.12542
1.1255
1.12737
1.13035
1.13337
1.13526
1.13523
1.13324
1.13027
1.12803
1.1283
1.1319
1.1384
1.14628
1.15373
1.1593
1.16243
1.16361
1.16424
1.16617
1.17098
1.17937
1.19073
1.20329
1.21463
1.22248
1.22544
1.22333
1.21685
1.20702
1.19468
1.18042
1.16493
1.14934
1.13485
1.12214
1.11115
1.10146
1.09256
1.08394
1.07489
1.06452
1.05244
1.03953
1.02828
1.02172
1.02172
1.02792
1.03836
1.05079
1.06348
1.07535
1.08576
1.09431
1.10072
1.10499
1.10767
1.1102
1.11454
1.12239
1.13403
1.14785
1.16104
1.17078
1.17512
1.17332
1.16555
1.15265
1.13598
1.11741
1.09928
1.08403
1.07363
1.06897
1.06978
1.07497
1.08335
1.09422
1.10748
1.12308
1.14035
1.15769
1.17313
1.18533
1.19393
1.19941
1.20229
1.20269
1.20036
1.19537
1.18881
1.18253
1.17767
1.17363
1.16886
1.16256
1.15527
1.14847
1.1439
1.14323
1.14764
1.15742
1.17188
1.18955
1.20847
1.22646
1.24161
1.2526
1.25908
1.26168
1.2616
1.2601
1.25797
1.2553
1.25155
1.24581
1.2372
1.22507
1.20911
1.18952
1.16704
1.14305
1.11949
1.09869
1.08274
1.07289
1.06918
1.07067
1.07599
1.08372
1.09235
1.09999
1.10463
1.10504
1.10145
1.09537
1.08842
1.08132
1.07387
1.06584
1.05751
1.04976
1.04379
1.04071
1.04119
1.0451
1.05132
1.0579
1.06265
1.06381
1.06064
1.05371
1.04496
1.03733
1.03371
1.03561
1.0424
1.05206
1.06246
1.07214
1.08029
1.08624
1.08928
1.08896
1.08571
1.08111
1.07752
1.07702
1.08036
1.08692
1.09537
1.1043
1.112
1.11629
1.11502
1.10713
1.09376
1.07856
1.06628
1.05984
1.05867
1.06001
1.06155
1.06279
1.06484
1.06961
1.07872
1.09254
1.10975
1.12782
1.14388
1.1557
1.1621
1.16287
1.15848
1.14994
1.13921
1.12984
1.12635
1.13148
1.14374
1.15854
1.17156
1.1808
1.18642
1.18979
1.19252
1.19557
1.19884
1.20124
1.20135
1.1984
1.19281
1.18615
1.18035
1.17677
1.17565
1.17622
1.17716
1.17704
1.1744
1.16803
1.15742
1.14328
1.1277
1.11345
1.10326
1.09896
1.10089
1.10786
1.11756
1.12744
1.13557
1.14105
1.1439
1.14463
1.1439
1.1424
1.14075
1.13931
1.13803
1.13657
1.13466
1.13237
1.13018
1.12879
1.12857
1.12921
1.12969
1.12849
1.12419
1.11645
1.10693
1.09934
1.09768
1.1031
1.11281
1.1225
1.12913
1.13156
1.1299
1.12467
1.11649
1.10583
1.09302
1.07855
1.064
1.0528
1.04944
1.0568
1.07368
1.09554
1.11763
1.13682
1.15167
1.16172
1.16692
1.16733
1.16317
1.15503
1.14412
1.13223
1.12127
1.1128
1.1077
1.10629
1.10841
1.11367
1.12132
1.1302
1.1388
1.14561
1.14946
1.1497
1.14623
1.13967
1.13148
1.12388
1.11907
1.1181
1.12032
1.12389
1.1268
1.12744
1.12466
1.11785
1.10703
1.09312
1.07807
1.06473
1.05601
1.05401
1.05923
1.0705
1.08537
1.10103
1.11513
1.1264
1.13468
1.14059
1.14498
1.14845
1.15121
1.15317
1.15412
1.1538
1.15199
1.14857
1.14359
1.1374
1.13084
1.12509
1.12129
1.1198
1.11971
1.11903
1.11582
1.10945
1.10093
1.09227
1.08531
1.08104
1.0796
1.08081
1.08436
1.08961
1.09544
1.10046
1.10333
1.10309
1.09932
1.09209
1.08158
1.06779
1.0508
1.03143
1.01183
0.995238
0.984586
0.981113
0.983974
0.991081
1.00014
1.00919
1.01705
1.02377
1.03048
1.03858
1.04867
1.06004
1.07107
1.08
1.08554
1.08732
1.08568
1.08149
1.07581
1.06995
1.06532
1.06292
1.06264
1.06313
1.0628
1.06085
1.05781
1.05532
1.05556
1.06036
1.07061
1.08607
1.10575
1.12831
1.15223
1.17583
1.19737
1.21531
1.22869
1.23732
1.24169
1.24254
1.24043
1.23551
1.22764
1.21697
1.20443
1.19201
1.18229
1.17734
1.17767
1.18205
1.1882
1.19367
1.19633
1.19438
1.1864
1.17156
1.15018
1.12445
1.09851
1.0774
1.06477
1.06118
1.06463
1.07249
1.08323
1.09648
1.11229
1.13032
1.14954
1.1685
1.18573
1.2001
1.21104
1.21836
1.2221
1.2226
1.22033
1.21555
1.20802
1.19732
1.18375
1.16879
1.15476
1.14392
1.13774
1.13657
1.13969
1.14553
1.15232
1.15875
1.16448
1.17005
1.17639
1.1839
1.1918
1.19826
1.20123
1.19947
1.19309
1.18334
1.1717
1.15915
1.1464
1.13467
1.12558
1.12006
1.11794
1.11878
1.1225
1.12913
1.1381
1.14818
1.15786
1.1658
1.17112
1.17366
1.17383
1.17242
1.17019
1.16762
1.16497
1.16253
1.1607
1.15997
1.16045
1.1618
1.16325
1.16386
1.16289
1.16007
1.15555
1.15001
1.14448
1.14011
