-3.31675
-3.31659
-3.31614
-3.3175
-3.31705
-3.3172
-3.31675
-3.31539
-3.31464
-3.31388
-3.31403
-3.31357
-3.31478
-3.31524
-3.31418
-3.31523
-3.31493
-3.31462
-3.31493
-3.31433
-3.31508
-3.31433
-3.31463
-3.31508
-3.31478
-3.31462
-3.31493
-3.31493
-3.31523
-3.31553
-3.31568
-3.31568
-3.31508
-3.31462
-3.31386
-3.31371
-3.31371
-3.31447
-3.31417
-3.31417
-3.31342
-3.31357
-3.31402
-3.31372
-3.31387
-3.31251
-3.31266
-3.31342
-3.31357
-3.31387
-3.31357
-3.31296
-3.31356
-3.31326
-3.31371
-3.31477
-3.31492
-3.31492
-3.31477
-3.31342
-3.31266
-3.31327
-3.31342
-3.31327
-3.31357
-3.31342
-3.31296
-3.31402
-3.31387
-3.31357
-3.31357
-3.31402
-3.31478
-3.31599
-3.31659
-3.31674
-3.31598
-3.31553
-3.31553
-3.31523
-3.31553
-3.31629
-3.3175
-3.3175
-3.31735
-3.31674
-3.31584
-3.31599
-3.31629
-3.31629
-3.31538
-3.31523
-3.31553
-3.31659
-3.31584
-3.31674
-3.31553
-3.31568
-3.31522
-3.31477
-3.31567
-3.31568
-3.31477
-3.31477
-3.31447
-3.31463
-3.31448
-3.31433
-3.31433
-3.31312
-3.31267
-3.31282
-3.31327
-3.31356
-3.31356
-3.31432
-3.31508
-3.31508
-3.31463
-3.31629
-3.31614
-3.31765
-3.3175
-3.31704
-3.3175
-3.31659
-3.31613
-3.31568
-3.31674
-3.31599
-3.31629
-3.31493
-3.31433
-3.31478
-3.31553
-3.31463
-3.31523
-3.31644
-3.31704
-3.31795
-3.31825
-3.31886
-3.31932
-3.31856
-3.31826
-3.31719
-3.31568
-3.31583
-3.31523
-3.31433
-3.31448
-3.31357
-3.31312
-3.31402
-3.31448
-3.31372
-3.31357
-3.31312
-3.31372
-3.31372
-3.31417
-3.31447
-3.31523
-3.31432
-3.31448
-3.31539
-3.31448
-3.31433
-3.31327
-3.31281
-3.3119
-3.3125
-3.31235
-3.3125
-3.31356
-3.31357
-3.31433
-3.31448
-3.31478
-3.31448
-3.31448
-3.31448
-3.31433
-3.31554
-3.31448
-3.31447
-3.31432
-3.31477
-3.31431
-3.31356
-3.31402
-3.31266
-3.31236
-3.31281
-3.31312
-3.31327
-3.31387
-3.31417
-3.31356
-3.31386
-3.31416
-3.31356
-3.31296
-3.3128
-3.31281
-3.31235
-3.31115
-3.3119
-3.31205
-3.3119
-3.31235
-3.31341
-3.31402
-3.31372
-3.31402
-3.31432
-3.31417
-3.31402
-3.31326
-3.31341
-3.31417
-3.31432
-3.31507
-3.31492
-3.31492
-3.31552
-3.31583
-3.31522
-3.31537
-3.31446
-3.31522
-3.31507
-3.31492
-3.31523
-3.31523
-3.31432
-3.31538
-3.31568
-3.31508
-3.31478
-3.31538
-3.31432
-3.31538
-3.31477
-3.3143
-3.31294
-3.3122
-3.3116
-3.31206
-3.3119
-3.31175
-3.31175
-3.3113
-3.31084
-3.3113
-3.31054
-3.3113
-3.31069
-3.31024
-3.31039
-3.31129
-3.31129
-3.3116
-3.31235
-3.31281
-3.31326
-3.31371
-3.31401
-3.31295
-3.31326
-3.31417
-3.31326
-3.31296
-3.31341
-3.31402
-3.31507
-3.31477
-3.31462
-3.31432
-3.31462
-3.31462
-3.31583
-3.31553
-3.31553
-3.31448
-3.31463
-3.31523
-3.31553
-3.31598
-3.31553
-3.31628
-3.31673
-3.31643
-3.31522
-3.31462
-3.31462
-3.31477
-3.31387
-3.31462
-3.31372
-3.31417
-3.31598
-3.31553
-3.31599
-3.31538
-3.31629
-3.31598
-3.31688
-3.31703
-3.31688
-3.31537
-3.31417
-3.31402
-3.31386
-3.31341
-3.31311
-3.31341
-3.31401
-3.31326
-3.31205
-3.3122
-3.31115
-3.30994
-3.31055
-3.31145
-3.3119
-3.31311
-3.31281
-3.31296
-3.31251
-3.31356
-3.31296
-3.31326
-3.3125
-3.31235
-3.31265
-3.31205
-3.31175
-3.31099
-3.31099
-3.3122
-3.31129
-3.31144
-3.3116
-3.31251
-3.31312
-3.31282
-3.31312
-3.31327
-3.31432
-3.31493
-3.31583
-3.31568
-3.31583
-3.31628
-3.31643
-3.31764
-3.31749
-3.31749
-3.31674
-3.31644
-3.31538
-3.31508
-3.31523
-3.31568
-3.31447
-3.31372
-3.31342
-3.31327
-3.31418
-3.31402
-3.31432
-3.31357
-3.31326
-3.3119
-3.31115
-3.311
-3.3116
-3.31251
-3.31236
-3.31281
-3.31387
-3.31402
-3.31387
-3.31417
-3.31357
-3.31342
-3.31327
-3.31281
-3.31296
-3.31296
-3.31326
-3.31311
-3.31296
-3.31372
-3.31327
-3.31266
-3.31418
-3.31388
-3.31478
-3.31509
-3.31478
-3.31523
-3.31584
-3.31629
-3.31568
-3.31598
-3.31614
-3.31704
-3.31871
-3.31916
-3.31991
-3.31946
-3.31885
-3.31855
-3.32006
-3.31901
-3.31841
-3.31765
-3.31856
-3.31841
-3.31901
-3.31841
-3.31704
-3.3181
-3.31749
-3.3184
-3.31825
-3.31825
-3.31704
-3.31689
-3.31704
-3.31705
-3.31689
-3.31599
-3.31644
-3.31614
-3.31508
-3.31478
-3.31493
-3.31478
-3.31493
-3.31538
-3.31523
-3.31417
-3.31538
-3.31553
-3.31628
-3.31734
-3.31795
-3.3184
-3.3181
-3.31795
-3.31856
-3.31856
-3.31902
-3.31826
-3.31841
-3.31886
-3.31946
-3.32007
-3.31855
-3.31931
-3.31991
-3.32067
-3.32158
-3.32188
-3.32203
-3.32233
-3.32157
-3.32142
-3.32051
-3.32097
-3.32066
-3.31976
-3.31886
-3.3181
-3.31856
-3.31781
-3.31765
-3.31599
-3.31584
-3.31644
-3.31643
-3.31673
-3.31582
-3.31613
-3.31583
-3.31507
-3.31538
-3.31553
-3.31568
-3.31568
-3.31614
-3.31584
-3.31675
-3.31675
-3.31675
-3.3178
-3.31885
-3.31915
-3.3181
-3.31735
-3.31704
-3.31659
-3.31704
-3.31689
-3.31704
-3.3175
-3.31735
-3.3175
-3.31825
-3.31825
-3.3178
-3.31765
-3.31704
-3.3178
-3.31795
-3.31795
-3.3181
-3.3181
-3.31841
-3.31735
-3.31689
-3.31689
-3.31689
-3.31674
-3.31659
-3.31644
-3.31629
-3.3172
-3.3175
-3.31705
-3.31629
-3.31629
-3.31554
-3.31539
-3.31463
-3.31418
-3.31312
-3.31357
-3.31417
-3.31463
-3.31493
-3.31463
-3.31433
-3.31388
-3.31403
-3.31509
-3.31463
-3.31568
-3.31583
-3.31538
-3.31493
-3.31463
-3.31402
-3.31493
-3.31463
-3.31388
-3.31388
-3.31388
-3.31403
-3.31342
-3.31297
-3.3116
-3.31206
-3.31115
-3.31191
-3.3107
-3.3101
-3.31071
-3.31131
-3.31176
-3.31101
-3.31297
-3.31312
-3.31327
-3.31463
-3.31508
-3.31463
-3.31478
-3.31403
-3.31418
-3.31357
-3.31327
-3.31403
-3.31357
-3.31433
-3.31373
-3.31267
-3.31342
-3.31327
-3.31312
-3.31342
-3.31312
-3.31418
-3.31327
-3.31297
-3.31357
-3.31267
-3.31252
-3.31418
-3.31403
-3.31402
-3.31463
-3.31417
-3.31478
-3.31478
-3.31478
-3.31538
-3.31569
-3.31675
-3.31811
-3.31811
-3.31735
-3.31629
-3.31539
-3.31493
-3.31403
-3.31297
-3.31222
-3.31267
-3.31252
-3.31222
-3.31222
-3.31071
-3.31116
-3.31131
-3.31146
-3.31161
-3.31206
-3.31206
-3.31236
-3.31221
-3.3107
-3.3104
-3.3098
-3.31071
-3.31222
-3.31237
-3.31297
-3.31191
-3.31146
-3.31086
-3.31101
-3.3107
-3.3107
-3.3104
-3.31055
-3.311
-3.3101
-3.3107
-3.31085
-3.31116
-3.31161
-3.31237
-3.31177
-3.31327
-3.31388
-3.31463
-3.31433
-3.31372
-3.31327
-3.31373
-3.31418
-3.31358
-3.31313
-3.31358
-3.31373
-3.31282
-3.31282
-3.31327
-3.31433
-3.31388
-3.31463
-3.31433
-3.31463
-3.31448
-3.31343
-3.31388
-3.31434
-3.31373
-3.31433
-3.31463
-3.31493
-3.31523
-3.31569
-3.31675
-3.3172
-3.3172
-3.31599
-3.31584
-3.31553
-3.31478
-3.31403
-3.31433
-3.31403
-3.31222
-3.31313
-3.31268
-3.31313
-3.31267
-3.31282
-3.31282
-3.31297
-3.31387
-3.31297
-3.31358
-3.31404
-3.31388
-3.31418
-3.31328
-3.31373
-3.31479
-3.31479
-3.31479
-3.31464
-3.31449
-3.31464
-3.31494
-3.31463
-3.31479
-3.31358
-3.31448
-3.31418
-3.31494
-3.31479
-3.31525
-3.31449
-3.31539
-3.3163
-3.31629
-3.3169
-3.3169
-3.3175
-3.31645
-3.3163
-3.31615
-3.31555
-3.31555
-3.31585
-3.31766
-3.31751
-3.31721
-3.31751
-3.3169
-3.3169
-3.31705
-3.3169
-3.31675
-3.3169
-3.3169
-3.3163
-3.31585
-3.31434
-3.31358
-3.31328
-3.31313
-3.31222
-3.31342
-3.31312
-3.31327
-3.31343
-3.31419
-3.31388
-3.31313
-3.31267
-3.31162
-3.31116
-3.31207
-3.31056
-3.3104
-3.3104
-3.3116
-3.3119
-3.31175
-3.311
-3.31161
-3.31207
-3.31282
-3.31358
-3.31418
-3.31433
-3.31449
-3.31464
-3.31479
-3.31478
-3.31675
-3.31705
-3.31644
-3.31629
-3.31614
-3.31659
-3.31614
-3.31508
-3.31554
-3.31599
-3.31615
-3.31615
-3.316
-3.31599
-3.31539
-3.31524
-3.31463
-3.31508
-3.31463
-3.31312
-3.31192
-3.31328
-3.31313
-3.31313
-3.31358
-3.31464
-3.31464
-3.31433
-3.31478
-3.31614
-3.31675
-3.31765
-3.31796
-3.31811
-3.31796
-3.31842
-3.31796
-3.31827
-3.31706
-3.3166
-3.3157
-3.31585
-3.31645
-3.31691
-3.31706
-3.31675
-3.3163
-3.3163
-3.31751
-3.31736
-3.3166
-3.3166
-3.3166
-3.31721
-3.31691
-3.31736
-3.3163
-3.31675
-3.3169
-3.31751
-3.31751
-3.3166
-3.31569
-3.3163
-3.31645
-3.31706
-3.31721
-3.3163
-3.31555
-3.3157
-3.31615
-3.3154
-3.31494
-3.31419
-3.31403
-3.31463
-3.31418
-3.31463
-3.31463
-3.31403
-3.31388
-3.31449
-3.3157
-3.31675
-3.3166
-3.31599
-3.31599
-3.31599
-3.31569
-3.31645
-3.31585
-3.31585
-3.3163
-3.31615
-3.31675
-3.31675
-3.31675
-3.31584
-3.31705
-3.31811
-3.31887
-3.31917
-3.31781
-3.31781
-3.31765
-3.31705
-3.31675
-3.31523
-3.31433
-3.31508
-3.31554
-3.31614
-3.31494
-3.31584
-3.3172
-3.31675
-3.31614
-3.31705
-3.31735
-3.31781
-3.3166
-3.31614
-3.31644
-3.31629
-3.31674
-3.31735
-3.31734
-3.31629
-3.31644
-3.31539
-3.31569
-3.31554
-3.31449
-3.31585
-3.316
-3.31539
-3.31569
-3.31614
-3.31644
-3.31749
-3.31674
-3.31569
-3.31539
-3.31644
-3.31705
-3.31674
-3.31584
-3.31629
-3.31614
-3.31705
-3.31644
-3.3166
-3.3172
-3.31735
-3.31705
-3.31659
-3.31705
-3.31644
-3.31705
-3.31735
-3.3178
-3.3184
-3.31946
-3.31946
-3.32022
-3.32007
-3.32037
-3.31992
-3.31992
-3.32007
-3.32052
-3.31991
-3.32037
-3.32052
-3.32007
-3.31932
-3.31962
-3.31947
-3.3178
-3.31765
-3.31795
-3.31765
-3.3172
-3.31735
-3.31765
-3.3184
-3.31886
-3.31795
-3.31704
-3.31584
-3.31523
-3.31554
-3.31569
-3.31478
-3.31584
-3.31659
-3.31659
-3.3172
-3.31629
-3.31735
-3.3175
-3.31553
-3.31553
-3.31629
-3.31629
-3.31584
-3.31629
-3.31644
-3.31629
-3.31644
-3.3175
-3.3184
-3.31961
