-0.196851   -0.0549144   -0.0856396
-0.319942   0.447359   0.410337
0.15221   0.0408453   0.119003
0.205253   -0.10253   -0.0790743
0.257496   0.274106   -0.44873
-0.12979   -0.206766   0.0812116
0.309077   -0.181742   -0.44381
-0.168715   -0.0464538   -0.456508
0.0850998   -0.389913   -0.464249
0.383427   -0.0923421   -0.239086
0.250347   0.34127   -0.0783678
-0.297725   0.313676   -0.176644
0.0597131   -0.478701   0.161684
0.328607   -0.226896   -0.343627
-0.317865   0.451918   -0.119279
0.402678   0.419   -0.33591
0.455721   -0.153379   -0.172876
-0.169484   0.00443935   -0.170769
-0.284988   0.249845   -0.414327
-0.44993   0.329081   0.115467
-0.438857   0.298365   0.310537
0.454314   -0.135478   0.0574924
0.180681   -0.166403   0.00536122
-0.264448   0.38605   0.059489
-0.175134   0.218952   0.0298416
0.46792   0.0118142   -0.368051
0.132295   -0.0859336   0.396025
0.376544   0.496087   -0.0829666
-0.199053   0.143307   0.366982
-0.118452   -0.0319951   -0.0339287
0.226458   -0.275502   -0.162193
-0.188332   -0.349758   0.353618
-0.0608735   -0.362803   -0.138164
-0.265295   0.436152   -0.0337364
0.366683   0.292253   -0.15743
0.0800254   0.0717674   0.05149
0.493694   0.0129983   0.193889
-0.39916   0.173459   0.23734
0.333536   -0.48306   0.478989
0.143449   -0.345471   -0.178939
-0.313217   0.328263   -0.0606846
-0.179495   -0.214659   -0.450081
-0.0383807   -0.0539575   -0.179791
0.261606   -0.0219235   0.446848
-0.477271   0.108057   0.145967
-0.133787   0.176506   -0.0608556
-0.0162414   0.0984301   -0.103433
0.315276   -0.100898   0.373774
-0.264597   0.323236   0.491049
-0.20496   0.282964   -0.455586
-0.387296   0.0521491   0.144681
-0.00988318   -0.428631   0.495706
-0.10639   -0.344754   0.0484612
-0.377573   -0.433052   0.262402
0.256721   0.24962   -0.121555
-0.034389   -0.0992235   0.418817
-0.115487   0.393847   0.428777
0.0271847   -0.0037812   0.31157
-0.435108   0.250066   0.23969
0.47383   0.176802   -0.0838332
0.236748   -0.367506   -0.408043
-0.404003   -0.459683   0.494409
-0.407449   -0.37009   0.209604
-0.207629   -0.415282   -0.0860991
0.308506   -0.270801   0.203059
-0.208853   -0.255236   0.0359631
-0.349848   -0.410423   -0.361227
-0.230877   -0.136868   0.0937019
0.414202   -0.387746   -0.499009
-0.444177   -0.42498   -0.197783
-0.150823   0.310669   -0.318364
0.453441   0.474367   -0.10681
-0.436819   0.410685   -0.210755
0.257499   -0.19284   0.319525
0.453877   0.296535   -0.0141591
-0.468507   0.174305   -0.172847
-0.14588   0.349091   -0.415839
0.35655   -0.40753   -0.352916
0.32524   -0.324834   -0.392379
0.0108445   0.274595   -0.332769
-0.205396   0.0850855   0.452241
0.405706   -0.127043   0.212042
0.0578123   -0.281016   0.202628
0.381077   -0.446704   0.273794
0.227906   0.0831817   -0.4761
-0.273705   0.329386   -0.331488
0.123063   -0.449844   -0.399089
-0.198957   0.329103   0.399039
-0.479312   -0.258272   -0.040275
0.0558232   -0.43778   0.239446
-0.224434   -0.0989719   0.384438
0.0847357   0.0311318   0.363666
0.242076   0.211524   0.474455
0.00146141   0.280044   -0.423346
-0.14987   -0.424125   -0.394362
-0.227314   -0.370442   -0.0292076
0.261192   0.475447   -0.121199
-0.256486   0.246957   -0.316626
0.285861   -0.452212   -0.341446
0.13325   -0.444887   0.198358
-0.0135512   0.462646   0.107047
0.443626   -0.070404   -0.380924
0.318567   0.119364   0.0536059
-0.268651   -0.290666   -0.340578
0.227963   -0.325285   -0.302267
0.304088   0.117004   -0.433977
-0.0448131   -0.156491   0.0548884
-0.225095   -0.279774   -0.429801
