0.951598  -1.20736  -1.57378
0.90209  -3.05014  -3.15277
0.90209  -3.05014  -3.15277
2.10225  -0.966525  -1.96156
2.10225  -0.966525  -1.96156
2.10225  -0.966525  -1.96156
2.10225  -0.966525  -1.96156
2.10225  -0.966525  -1.96156
-0.179779  2.04255  -3.93642
-0.179779  2.04255  -3.93642
0.0343653  2.36797  -3.99795
3.47635  4.80562  -5.37958
0.0859463  2.9404  -7.06024
0.0859463  2.9404  -7.06024
3.47998  1.6648  -9.36687
4.11987  1.1556  -8.17383
1.14  1.07863  -4.7339
2.11352  1.9873  -3.04905
2.16652  -0.42256  -3.57772
2.16652  -0.42256  -3.57772
2.16652  -0.42256  -3.57772
5.0084  -0.345334  -2.61898
5.0084  -0.345334  -2.61898
5.0084  -0.345334  -2.61898
5.0084  -0.345334  -2.61898
5.0084  -0.345334  -2.61898
1.47834  2.68247  0.929745
1.47834  2.68247  0.929745
1.47834  2.68247  0.929745
1.47834  2.68247  0.929745
1.47834  2.68247  0.929745
2.71307  3.32474  4.81273
2.71307  3.32474  4.81273
1.90768  1.73657  6.30374
1.90768  1.73657  6.30374
4.2826  3.98384  3.80141
4.2826  3.98384  3.80141
4.2826  3.98384  3.80141
4.2826  3.98384  3.80141
0.934793  0.177993  2.67081
-1.5888  1.86511  2.6635
-1.5888  1.86511  2.6635
-1.5888  1.86511  2.6635
-2.65315  -2.12055  3.39965
-2.65315  -2.12055  3.39965
-2.65315  -2.12055  3.39965
-2.65315  -2.12055  3.39965
-2.65315  -2.12055  3.39965
-0.0726895  -0.445195  6.94547
0.89355  2.74478  6.61259
0.89355  2.74478  6.61259
0.89355  2.74478  6.61259
0.89355  2.74478  6.61259
-0.75249  3.31453  3.07484
2.88619  1.69804  5.21795
0.162878  -1.29188  3.3454
0.162878  -1.29188  3.3454
0.162878  -1.29188  3.3454
0.162878  -1.29188  3.3454
0.162878  -1.29188  3.3454
0.162878  -1.29188  3.3454
0.162878  -1.29188  3.3454
0.162878  -1.29188  3.3454
0.162878  -1.29188  3.3454
-1.45188  0.428523  3.68298
-0.602824  0.103207  6.18638
-0.602824  0.103207  6.18638
-0.602824  0.103207  6.18638
-0.602824  0.103207  6.18638
-0.602824  0.103207  6.18638
-0.602824  0.103207  6.18638
-0.602824  0.103207  6.18638
-0.975859  0.783326  4.38391
-0.975859  0.783326  4.38391
-0.975859  0.783326  4.38391
-0.975859  0.783326  4.38391
-2.40697  -0.363124  2.56507
-1.29  0.602452  3.10695
-1.29  0.602452  3.10695
-1.29  0.602452  3.10695
1.47482  1.46819  2.24283
-2.46016  -1.59168  -1.67638
-2.46016  -1.59168  -1.67638
1.3301  0.860273  2.31425
1.3301  0.860273  2.31425
2.82647  0.941867  3.69065
2.82647  0.941867  3.69065
2.82647  0.941867  3.69065
2.82647  0.941867  3.69065
2.82647  0.941867  3.69065
2.82647  0.941867  3.69065
2.82647  0.941867  3.69065
0.626063  -2.34245  1.76255
0.626063  -2.34245  1.76255
-1.14502  0.177396  -1.31205
-1.14502  0.177396  -1.31205
-1.14502  0.177396  -1.31205
-4.19446  -2.38508  -3.71301
-4.19446  -2.38508  -3.71301
-4.19446  -2.38508  -3.71301
-1.54265  0.136808  -2.37052
-1.54265  0.136808  -2.37052
-1.54265  0.136808  -2.37052
-1.54265  0.136808  -2.37052
-1.10052  3.71328  -2.82522
2.07698  0.49333  -2.17293
2.07698  0.49333  -2.17293
-0.252814  -1.48122  -2.64747
-0.252814  -1.48122  -2.64747
-0.252814  -1.48122  -2.64747
-0.252814  -1.48122  -2.64747
-0.252814  -1.48122  -2.64747
-0.252814  -1.48122  -2.64747
1.15681  0.248249  -3.94258
1.15681  0.248249  -3.94258
1.15681  0.248249  -3.94258
1.15681  0.248249  -3.94258
1.15681  0.248249  -3.94258
1.15681  0.248249  -3.94258
1.15681  0.248249  -3.94258
1.15681  0.248249  -3.94258
1.15681  0.248249  -3.94258
0.995853  -0.0395551  -2.81194
0.995853  -0.0395551  -2.81194
0.995853  -0.0395551  -2.81194
0.995853  -0.0395551  -2.81194
0.995853  -0.0395551  -2.81194
0.995853  -0.0395551  -2.81194
0.995853  -0.0395551  -2.81194
-1.63724  1.18476  -1.9918
-1.63724  1.18476  -1.9918
-0.651722  0.659329  -1.35975
-0.640213  0.692289  1.97883
-0.640213  0.692289  1.97883
-0.640213  0.692289  1.97883
-0.640213  0.692289  1.97883
-0.640213  0.692289  1.97883
-0.640213  0.692289  1.97883
1.13118  -0.402551  2.47022
1.13118  -0.402551  2.47022
1.13118  -0.402551  2.47022
1.13118  -0.402551  2.47022
1.13118  -0.402551  2.47022
1.13118  -0.402551  2.47022
1.13118  -0.402551  2.47022
2.35205  -1.49199  0.940028
-0.85237  -2.40869  2.15578
-0.85237  -2.40869  2.15578
0.536334  -0.375764  3.75366
0.536334  -0.375764  3.75366
2.98  0.401372  3.23655
0.682917  -2.85604  3.46764
-1.55377  -1.66457  2.13778
-1.55377  -1.66457  2.13778
-1.55377  -1.66457  2.13778
-1.55377  -1.66457  2.13778
-1.55377  -1.66457  2.13778
-3.45883  -5.54253  1.85923
-3.77679  -6.21656  5.46988
-3.77679  -6.21656  5.46988
-3.77679  -6.21656  5.46988
-7.47984  -4.12534  4.08015
-5.72125  -1.57847  0.448141
-2.687  -1.44938  4.2081
-2.687  -1.44938  4.2081
-2.687  -1.44938  4.2081
-2.687  -1.44938  4.2081
-2.687  -1.44938  4.2081
-2.687  -1.44938  4.2081
-3.86845  2.11883  5.20301
-3.86845  2.11883  5.20301
-3.86845  2.11883  5.20301
-4.19109  -0.853116  3.24513
-4.19109  -0.853116  3.24513
-4.19109  -0.853116  3.24513
-4.19109  -0.853116  3.24513
-3.53842  -1.82659  0.693291
-0.237782  1.2916  4.65062
0.748007  -0.463407  4.81581
0.748007  -0.463407  4.81581
1.93796  1.88686  1.05357
-1.06945  1.29825  2.44288
-1.06945  1.29825  2.44288
-1.06945  1.29825  2.44288
-0.598565  2.25525  -0.305414
2.72594  -0.0502309  2.85253
2.72594  -0.0502309  2.85253
2.72594  -0.0502309  2.85253
2.72594  -0.0502309  2.85253
2.61865  0.866208  4.24686
2.61865  0.866208  4.24686
2.61865  0.866208  4.24686
2.61865  0.866208  4.24686
2.61865  0.866208  4.24686
0.547827  0.478459  6.75259
0.547827  0.478459  6.75259
0.547827  0.478459  6.75259
0.547827  0.478459  6.75259
0.547827  0.478459  6.75259
-0.827019  0.723963  6.38698
2.44206  -3.23892  3.48832
2.44206  -3.23892  3.48832
2.44206  -3.23892  3.48832
2.44206  -3.23892  3.48832
-0.20917  -2.5344  6.56482
-0.20917  -2.5344  6.56482
-0.20917  -2.5344  6.56482
1.54625  -1.22666  8.4174
5.48464  -1.43192  8.02059
3.01648  -3.66253  11.9212
3.01648  -3.66253  11.9212
3.01648  -3.66253  11.9212
3.35721  -1.87606  8.16256
3.35721  -1.87606  8.16256
3.35721  -1.87606  8.16256
1.11355  -1.16416  9.03959
-1.33225  1.46038  9.3561
-4.19497  -0.532386  5.68763
-4.19497  -0.532386  5.68763
-4.19497  -0.532386  5.68763
-2.77068  3.22359  6.26917
-2.77068  3.22359  6.26917
-2.77068  3.22359  6.26917
-0.953406  2.80697  5.18751
1.18848  3.42725  2.8588
0.337285  3.37849  3.53762
-1.49673  0.812107  5.44939
-1.49673  0.812107  5.44939
-1.49673  0.812107  5.44939
-1.94151  -2.17377  2.92415
-1.94151  -2.17377  2.92415
-1.94151  -2.17377  2.92415
-1.94151  -2.17377  2.92415
1.24473  1.01311  2.02418
5.01751  -2.57558  4.82861
7.63844  -1.44602  7.66289
7.63844  -1.44602  7.66289
8.68238  1.52115  6.56396
8.68238  1.52115  6.56396
8.68238  1.52115  6.56396
8.68238  1.52115  6.56396
8.68238  1.52115  6.56396
8.04863  3.57227  9.07378
7.63404  0.374204  7.59965
8.63929  1.66581  3.70407
8.69447  4.81575  4.50175
11.1761  5.3261  3.32318
8.58333  6.7754  4.75637
8.58333  6.7754  4.75637
6.30481  9.08599  1.09259
6.30481  9.08599  1.09259
3.07224  10.8458  -2.82181
3.07224  10.8458  -2.82181
-0.341571  9.45401  0.953231
2.21542  12.4372  4.78366
2.21542  12.4372  4.78366
2.21542  12.4372  4.78366
5.839  14.655  3.1349
5.839  14.655  3.1349
6.62857  15.1112  6.58932
6.62857  15.1112  6.58932
6.62857  15.1112  6.58932
7.32164  12.7492  5.88197
7.32164  12.7492  5.88197
7.32164  12.7492  5.88197
3.96011  12.6253  5.55519
1.90531  9.25066  5.67211
5.31881  5.77864  4.7236
4.53349  5.47666  5.71267
4.53349  5.47666  5.71267
1.30147  4.97247  5.34402
1.30147  4.97247  5.34402
-1.0926  3.023  4.68162
-1.70701  0.00471826  6.52523
-1.70701  0.00471826  6.52523
-0.199731  1.87109  6.41911
-0.199731  1.87109  6.41911
-0.0752889  -0.74348  4.9035
-2.31989  0.575277  1.91511
-0.837922  1.31845  -1.0442
-2.71921  -2.00329  -2.63417
-2.71921  -2.00329  -2.63417
-2.71921  -2.00329  -2.63417
-0.519039  -2.2548  -3.23053
-0.519039  -2.2548  -3.23053
-0.519039  -2.2548  -3.23053
-0.381841  0.699195  -5.63764
2.44784  1.11475  -6.42644
1.75055  3.28695  -10.0885
1.75055  3.28695  -10.0885
3.88258  1.51233  -7.30942
3.88258  1.51233  -7.30942
3.88258  1.51233  -7.30942
-0.00191869  4.27433  -5.90481
-0.00191869  4.27433  -5.90481
-0.00191869  4.27433  -5.90481
-2.83369  0.677492  -2.3264
-0.0541561  -1.65301  -2.35501
-0.0541561  -1.65301  -2.35501
-0.0541561  -1.65301  -2.35501
-0.0541561  -1.65301  -2.35501
-0.0541561  -1.65301  -2.35501
-0.0541561  -1.65301  -2.35501
-0.0541561  -1.65301  -2.35501
-0.0541561  -1.65301  -2.35501
-0.0541561  -1.65301  -2.35501
-0.0541561  -1.65301  -2.35501
-0.0541561  -1.65301  -2.35501
-0.0541561  -1.65301  -2.35501
-0.0541561  -1.65301  -2.35501
-0.0541561  -1.65301  -2.35501
-0.0541561  -1.65301  -2.35501
-0.0541561  -1.65301  -2.35501
-0.0541561  -1.65301  -2.35501
-0.0541561  -1.65301  -2.35501
-0.0541561  -1.65301  -2.35501
-0.0541561  -1.65301  -2.35501
-0.0541561  -1.65301  -2.35501
-0.0541561  -1.65301  -2.35501
-0.540122  -0.243953  -0.782742
1.38013  -0.423057  -1.35257
1.16626  -2.57331  -2.63496
1.16626  -2.57331  -2.63496
1.16626  -2.57331  -2.63496
1.16626  -2.57331  -2.63496
1.16626  -2.57331  -2.63496
-0.0702791  -3.29978  1.24255
-3.14792  -3.98423  2.97146
-3.14792  -3.98423  2.97146
-3.14792  -3.98423  2.97146
-3.14792  -3.98423  2.97146
-3.14792  -3.98423  2.97146
-3.14792  -3.98423  2.97146
-3.14792  -3.98423  2.97146
-3.14792  -3.98423  2.97146
-3.14792  -3.98423  2.97146
-3.14792  -3.98423  2.97146
-3.14792  -3.98423  2.97146
-0.199681  -2.30688  -0.994498
0.0912088  1.11987  -3.68668
2.04597  -1.50356  -6.2196
2.04597  -1.50356  -6.2196
-1.03336  -3.06174  -2.85742
-1.03336  -3.06174  -2.85742
-1.03336  -3.06174  -2.85742
1.40886  -3.62213  -4.99536
1.40886  -3.62213  -4.99536
1.40886  -3.62213  -4.99536
1.40886  -3.62213  -4.99536
1.40886  -3.62213  -4.99536
1.40886  -3.62213  -4.99536
1.40886  -3.62213  -4.99536
1.40886  -3.62213  -4.99536
1.40886  -3.62213  -4.99536
4.24499  -0.0217307  -7.48005
1.52235  -0.951247  -7.99816
1.52235  -0.951247  -7.99816
1.52235  -0.951247  -7.99816
-0.0167355  -4.52409  -8.1906
-0.0167355  -4.52409  -8.1906
-0.0167355  -4.52409  -8.1906
-0.622426  -0.958972  -7.156
-0.622426  -0.958972  -7.156
-0.622426  -0.958972  -7.156
-1.19861  2.80664  -5.48797
0.185148  1.02358  -5.50773
1.6593  3.00823  -2.7236
4.15432  -0.182019  0.583079
4.15432  -0.182019  0.583079
1.69023  -1.15152  4.29112
0.102704  1.09302  3.48806
0.102704  1.09302  3.48806
0.102704  1.09302  3.48806
0.102704  1.09302  3.48806
0.102704  1.09302  3.48806
0.102704  1.09302  3.48806
0.102704  1.09302  3.48806
0.102704  1.09302  3.48806
0.102704  1.09302  3.48806
3.50754  0.445763  5.57444
3.50754  0.445763  5.57444
3.50754  0.445763  5.57444
5.79908  0.318148  7.23637
5.79908  0.318148  7.23637
5.79908  0.318148  7.23637
5.79908  0.318148  7.23637
5.79908  0.318148  7.23637
3.24305  -0.835364  4.42071
-0.442096  -1.859  3.04227
2.31742  1.27244  5.4893
2.37313  -2.51246  2.954
-0.891004  -0.444039  -0.305565
-4.1697  -0.631276  -2.0113
-4.1697  -0.631276  -2.0113
-2.82708  1.42106  -5.53544
-2.82708  1.42106  -5.53544
0.536213  -1.86246  -9.30471
1.08609  1.87334  -8.50557
-1.28867  0.981409  -6.78613
-0.236203  2.88401  -5.64706
2.81462  0.444664  -4.64246
2.81462  0.444664  -4.64246
0.381257  0.0627568  -1.17702
0.381257  0.0627568  -1.17702
-1.75744  -1.10891  -2.76823
-1.75744  -1.10891  -2.76823
-1.75744  -1.10891  -2.76823
-1.75744  -1.10891  -2.76823
1.14008  0.31999  -4.61454
1.14008  0.31999  -4.61454
1.14008  0.31999  -4.61454
1.14008  0.31999  -4.61454
1.14008  0.31999  -4.61454
1.14008  0.31999  -4.61454
-0.603998  -2.81729  -2.02859
-0.603998  -2.81729  -2.02859
1.68106  1.03246  -4.07481
1.02118  -2.68026  -4.977
1.02572  -0.177778  -2.63909
1.02572  -0.177778  -2.63909
1.02572  -0.177778  -2.63909
1.02572  -0.177778  -2.63909
1.02572  -0.177778  -2.63909
1.02572  -0.177778  -2.63909
1.02572  -0.177778  -2.63909
1.02572  -0.177778  -2.63909
-0.0618336  -2.37475  -3.13916
-0.0618336  -2.37475  -3.13916
0.964707  1.57141  -4.87732
0.47977  -0.714101  -5.22381
2.70009  -0.675241  -3.29915
2.70009  -0.675241  -3.29915
-0.554706  -1.23722  -1.5027
-0.976417  -0.192206  -0.86879
-0.976417  -0.192206  -0.86879
0.772718  3.45109  0.850604
2.49343  1.32932  -1.7118
1.88078  -0.800963  -2.77502
1.88078  -0.800963  -2.77502
1.88078  -0.800963  -2.77502
1.88078  -0.800963  -2.77502
1.88078  -0.800963  -2.77502
1.88078  -0.800963  -2.77502
1.88078  -0.800963  -2.77502
1.88078  -0.800963  -2.77502
1.88078  -0.800963  -2.77502
1.88078  -0.800963  -2.77502
1.88078  -0.800963  -2.77502
1.88078  -0.800963  -2.77502
1.88078  -0.800963  -2.77502
-0.557984  1.17091  -3.28084
-0.557984  1.17091  -3.28084
-0.557984  1.17091  -3.28084
-0.557984  1.17091  -3.28084
-0.557984  1.17091  -3.28084
-0.557984  1.17091  -3.28084
-0.557984  1.17091  -3.28084
-0.557984  1.17091  -3.28084
-0.557984  1.17091  -3.28084
-0.557984  1.17091  -3.28084
-3.58543  0.367399  -3.81072
-1.07786  3.0623  -1.91644
-1.07786  3.0623  -1.91644
-1.07786  3.0623  -1.91644
-1.07786  3.0623  -1.91644
-1.07786  3.0623  -1.91644
-1.07786  3.0623  -1.91644
-1.07786  3.0623  -1.91644
-4.00251  1.79971  -5.82058
-4.00251  1.79971  -5.82058
-4.70755  4.13106  -5.53422
-5.57932  3.00509  -4.3267
-5.57932  3.00509  -4.3267
-2.40755  2.29538  -3.86056
-2.40755  2.29538  -3.86056
-2.40755  2.29538  -3.86056
-2.40755  2.29538  -3.86056
-2.40755  2.29538  -3.86056
-2.40755  2.29538  -3.86056
-2.40755  2.29538  -3.86056
1.24241  -0.483178  -6.37741
1.24241  -0.483178  -6.37741
1.24241  -0.483178  -6.37741
0.527643  2.1279  -3.29795
0.527643  2.1279  -3.29795
0.527643  2.1279  -3.29795
0.527643  2.1279  -3.29795
1.24016  -1.82952  -2.84377
4.86249  1.20049  -4.34447
4.86249  1.20049  -4.34447
4.86249  1.20049  -4.34447
4.86249  1.20049  -4.34447
4.31325  1.14511  -2.39441
4.31325  1.14511  -2.39441
4.31325  1.14511  -2.39441
4.31325  1.14511  -2.39441
4.31325  1.14511  -2.39441
7.04635  0.246414  -3.10323
7.72728  2.41813  -6.43963
7.72728  2.41813  -6.43963
6.34014  -0.343121  -7.47447
6.27683  -3.0484  -4.74385
6.27683  -3.0484  -4.74385
3.89115  -2.18632  -2.32513
3.89115  -2.18632  -2.32513
3.89115  -2.18632  -2.32513
3.89115  -2.18632  -2.32513
3.89115  -2.18632  -2.32513
1.21722  -3.82101  -5.67362
1.21722  -3.82101  -5.67362
1.21722  -3.82101  -5.67362
1.6626  -3.77303  -3.8793
1.6626  -3.77303  -3.8793
1.6626  -3.77303  -3.8793
2.02178  -5.00773  -5.49321
2.02178  -5.00773  -5.49321
1.39617  -2.62182  -7.7378
1.39617  -2.62182  -7.7378
-0.490611  -3.59179  -8.16369
-4.09942  -2.40155  -7.67516
-4.09942  -2.40155  -7.67516
-2.07108  1.41853  -6.41833
-2.07108  1.41853  -6.41833
-2.07108  1.41853  -6.41833
-2.07108  1.41853  -6.41833
1.75931  1.47064  -5.28525
1.27931  -0.809178  -2.31938
1.27931  -0.809178  -2.31938
1.27931  -0.809178  -2.31938
1.27931  -0.809178  -2.31938
-0.0677196  1.76435  1.06661
-0.0677196  1.76435  1.06661
-0.0677196  1.76435  1.06661
-0.0677196  1.76435  1.06661
-0.0677196  1.76435  1.06661
-0.0677196  1.76435  1.06661
3.1586  -1.57365  -0.883243
3.1586  -1.57365  -0.883243
-0.371411  0.876166  2.81695
-0.371411  0.876166  2.81695
-0.371411  0.876166  2.81695
-0.371411  0.876166  2.81695
-0.371411  0.876166  2.81695
-0.371411  0.876166  2.81695
-0.371411  0.876166  2.81695
-0.371411  0.876166  2.81695
-0.371411  0.876166  2.81695
-0.371411  0.876166  2.81695
-0.897244  -0.54452  2.46195
-0.897244  -0.54452  2.46195
-0.897244  -0.54452  2.46195
-0.897244  -0.54452  2.46195
-0.897244  -0.54452  2.46195
1.88184  0.410419  4.42155
1.88184  0.410419  4.42155
0.615903  -0.159959  2.91049
0.615903  -0.159959  2.91049
0.615903  -0.159959  2.91049
0.615903  -0.159959  2.91049
1.62748  -0.0426031  6.39129
1.62748  -0.0426031  6.39129
2.85142  -1.05783  4.44013
2.85142  -1.05783  4.44013
2.85142  -1.05783  4.44013
2.85142  -1.05783  4.44013
2.85142  -1.05783  4.44013
2.31695  -0.946462  2.40053
2.31695  -0.946462  2.40053
2.31695  -0.946462  2.40053
2.31695  -0.946462  2.40053
2.31695  -0.946462  2.40053
2.31695  -0.946462  2.40053
2.31695  -0.946462  2.40053
2.31695  -0.946462  2.40053
2.31695  -0.946462  2.40053
-0.544783  -0.8686  4.43955
-2.05993  -0.132255  2.10701
-2.05993  -0.132255  2.10701
-2.05993  -0.132255  2.10701
-2.05993  -0.132255  2.10701
-2.05993  -0.132255  2.10701
-2.05993  -0.132255  2.10701
-2.05993  -0.132255  2.10701
-2.05993  -0.132255  2.10701
-2.05993  -0.132255  2.10701
-2.05993  -0.132255  2.10701
-2.05993  -0.132255  2.10701
-2.05993  -0.132255  2.10701
-2.05993  -0.132255  2.10701
0.655632  1.90491  3.20734
0.679812  1.18666  5.01298
0.231575  -2.28324  2.93743
0.231575  -2.28324  2.93743
-1.62357  1.43364  3.18028
-1.62357  1.43364  3.18028
-3.20304  2.77388  4.96142
-3.20304  2.77388  4.96142
-3.20304  2.77388  4.96142
-4.06203  4.53677  5.70881
-1.39712  2.96773  2.9599
-1.39712  2.96773  2.9599
-1.39712  2.96773  2.9599
-1.39712  2.96773  2.9599
-1.39712  2.96773  2.9599
-1.39712  2.96773  2.9599
-1.39712  2.96773  2.9599
-1.39712  2.96773  2.9599
-1.39712  2.96773  2.9599
-0.0599217  1.85574  2.18435
0.460352  -0.343147  -0.734326
0.460352  -0.343147  -0.734326
3.23891  -0.999171  -3.48706
-0.668458  0.213779  -2.02679
0.849224  -1.76213  -2.79034
0.849224  -1.76213  -2.79034
0.849224  -1.76213  -2.79034
0.849224  -1.76213  -2.79034
0.849224  -1.76213  -2.79034
3.84814  0.308833  0.634334
4.86227  -0.24567  -1.95109
4.86227  -0.24567  -1.95109
4.86227  -0.24567  -1.95109
4.86227  -0.24567  -1.95109
4.59075  2.75656  -4.56757
3.67969  6.31564  -1.60265
3.67969  6.31564  -1.60265
3.67969  6.31564  -1.60265
3.75215  7.44736  -3.21818
3.75215  7.44736  -3.21818
3.75215  7.44736  -3.21818
3.75215  7.44736  -3.21818
3.22735  4.76242  -6.36297
3.22735  4.76242  -6.36297
3.22735  4.76242  -6.36297
1.91937  1.88388  -7.35241
-2.01855  4.30905  -6.64533
-5.84069  3.44385  -6.47614
-3.55614  5.13259  -5.60067
-3.55614  5.13259  -5.60067
-3.55614  5.13259  -5.60067
-3.55614  5.13259  -5.60067
-3.55614  5.13259  -5.60067
-3.19301  5.25454  -4.52923
-2.8125  1.63119  -7.30839
-2.67746  -0.292047  -6.04839
-4.90433  -2.10895  -2.84005
-2.9551  -1.34264  -2.64435
-1.97597  1.88026  -4.62376
-1.88306  5.13426  -2.36498
-1.88306  5.13426  -2.36498
-1.88306  5.13426  -2.36498
1.61099  2.20688  -5.88033
1.61099  2.20688  -5.88033
3.26816  -1.39771  -4.07762
1.35093  0.883508  -2.46027
1.35093  0.883508  -2.46027
1.35093  0.883508  -2.46027
1.35093  0.883508  -2.46027
1.35093  0.883508  -2.46027
1.35093  0.883508  -2.46027
1.35093  0.883508  -2.46027
3.86668  1.63713  -3.41767
3.86668  1.63713  -3.41767
3.86668  1.63713  -3.41767
2.84837  1.48332  -2.41922
4.45129  3.0011  -3.3788
4.45129  3.0011  -3.3788
4.45129  3.0011  -3.3788
7.02978  1.09447  -2.15631
7.02978  1.09447  -2.15631
3.16081  -2.21183  1.56012
3.16081  -2.21183  1.56012
3.16081  -2.21183  1.56012
3.16081  -2.21183  1.56012
0.148276  1.3432  2.91479
0.148276  1.3432  2.91479
1.27273  0.698076  1.41985
-0.852282  2.68132  3.20704
-0.852282  2.68132  3.20704
-0.852282  2.68132  3.20704
-0.852282  2.68132  3.20704
-0.852282  2.68132  3.20704
-1.88676  1.167  5.95794
-1.83488  4.10582  2.34058
-1.83488  4.10582  2.34058
-1.83488  4.10582  2.34058
-1.83488  4.10582  2.34058
-1.83488  4.10582  2.34058
-1.83488  4.10582  2.34058
-2.24248  6.05871  3.79117
-2.24248  6.05871  3.79117
-2.24248  6.05871  3.79117
-2.24248  6.05871  3.79117
-3.38948  3.69275  1.61799
-3.38948  3.69275  1.61799
-4.2329  3.38389  2.10134
-4.2329  3.38389  2.10134
-4.2329  3.38389  2.10134
-4.2329  3.38389  2.10134
-4.2329  3.38389  2.10134
-4.23992  2.0532  3.07172
-4.23992  2.0532  3.07172
-4.06562  3.3093  4.49801
-4.06562  3.3093  4.49801
-4.06562  3.3093  4.49801
-2.21955  -0.02658  3.55897
-2.21955  -0.02658  3.55897
-3.53764  0.647473  5.02374
-3.53764  0.647473  5.02374
-3.53764  0.647473  5.02374
-0.772253  -1.24687  5.96639
-0.825562  2.67605  5.4355
0.341825  2.24389  2.52593
0.341825  2.24389  2.52593
0.341825  2.24389  2.52593
0.341825  2.24389  2.52593
-1.01797  -1.1297  1.38518
-1.57176  -0.741903  2.05394
-1.57176  -0.741903  2.05394
1.32088  -0.9038  5.17229
1.32088  -0.9038  5.17229
1.32088  -0.9038  5.17229
1.32088  -0.9038  5.17229
1.32088  -0.9038  5.17229
0.819631  0.960773  2.23743
0.819631  0.960773  2.23743
0.819631  0.960773  2.23743
0.819631  0.960773  2.23743
0.819631  0.960773  2.23743
0.819631  0.960773  2.23743
0.819631  0.960773  2.23743
0.819631  0.960773  2.23743
0.819631  0.960773  2.23743
0.819631  0.960773  2.23743
0.819631  0.960773  2.23743
0.819631  0.960773  2.23743
0.819631  0.960773  2.23743
0.819631  0.960773  2.23743
0.819631  0.960773  2.23743
0.819631  0.960773  2.23743
0.819631  0.960773  2.23743
0.819631  0.960773  2.23743
0.819631  0.960773  2.23743
0.819631  0.960773  2.23743
-1.17195  0.242399  4.01361
-1.17195  0.242399  4.01361
0.280023  2.30106  5.39105
0.280023  2.30106  5.39105
0.280023  2.30106  5.39105
0.280023  2.30106  5.39105
0.280023  2.30106  5.39105
-2.41567  1.47938  5.77081
-2.41567  1.47938  5.77081
-0.0140887  0.665814  4.71281
-0.0140887  0.665814  4.71281
-0.0140887  0.665814  4.71281
2.09208  4.39499  5.56038
2.09208  4.39499  5.56038
3.80836  1.69419  7.39888
3.80836  1.69419  7.39888
1.31339  4.12597  8.0234
1.86072  3.8361  10.0444
-0.181937  2.68142  13.4548
-0.181937  2.68142  13.4548
-0.181937  2.68142  13.4548
-0.181937  2.68142  13.4548
-2.8462  -1.02695  10.7732
-2.8462  -1.02695  10.7732
-2.8462  -1.02695  10.7732
-4.64444  -4.78362  7.97907
-2.72997  -3.79369  8.42344
-2.65401  -3.39078  4.75286
-2.65401  -3.39078  4.75286
1.32465  0.0423962  2.66548
1.32465  0.0423962  2.66548
1.32465  0.0423962  2.66548
1.32465  0.0423962  2.66548
1.32465  0.0423962  2.66548
1.32465  0.0423962  2.66548
-1.75741  3.29111  4.07828
-4.63873  2.6026  5.60598
-5.46823  -0.606458  6.15487
-5.46823  -0.606458  6.15487
-4.64731  2.10411  6.90738
-1.44731  -1.83338  3.76171
-1.44731  -1.83338  3.76171
-1.44731  -1.83338  3.76171
-1.44731  -1.83338  3.76171
1.33232  -0.135678  5.8201
-1.23163  3.02915  5.08823
0.288854  2.42335  3.17793
0.288854  2.42335  3.17793
0.288854  2.42335  3.17793
0.288854  2.42335  3.17793
0.978724  -0.802366  2.54609
0.978724  -0.802366  2.54609
0.978724  -0.802366  2.54609
0.978724  -0.802366  2.54609
0.978724  -0.802366  2.54609
4.12153  0.753073  3.51857
0.41934  3.98969  2.93654
0.41934  3.98969  2.93654
-1.23742  2.29648  4.85188
-1.23742  2.29648  4.85188
-1.23742  2.29648  4.85188
-3.33383  5.64567  6.08763
-0.21985  3.65006  7.80681
-0.973517  5.33234  10.1943
-0.973517  5.33234  10.1943
-0.973517  5.33234  10.1943
-0.973517  5.33234  10.1943
2.35054  8.56026  10.0986
4.38154  9.11972  6.38316
4.38154  9.11972  6.38316
8.01212  6.69153  6.95767
5.07271  7.29335  4.2988
5.83519  7.35409  3.94677
5.83519  7.35409  3.94677
5.83519  7.35409  3.94677
3.40449  3.47272  5.5439
3.40449  3.47272  5.5439
3.40449  3.47272  5.5439
4.34327  3.10429  7.609
4.48877  3.14826  5.10953
7.36867  1.03427  5.82003
7.36867  1.03427  5.82003
7.35571  -1.09782  5.58346
4.79055  -3.97335  6.69414
1.98912  -6.45021  4.63902
1.98912  -6.45021  4.63902
1.98912  -6.45021  4.63902
1.98912  -6.45021  4.63902
1.98912  -6.45021  4.63902
1.98912  -6.45021  4.63902
-1.81348  -9.7816  4.10431
-1.81348  -9.7816  4.10431
-1.81348  -9.7816  4.10431
-1.81348  -9.7816  4.10431
-0.121925  -10.2292  3.78025
-0.121925  -10.2292  3.78025
-0.121925  -10.2292  3.78025
-0.121925  -10.2292  3.78025
-0.121925  -10.2292  3.78025
-1.98397  -12.0748  4.30797
-3.19656  -12.9875  4.11944
-3.19656  -12.9875  4.11944
-6.66722  -12.4253  6.96821
-4.35101  -11.5928  7.21346
-4.35101  -11.5928  7.21346
-4.35101  -11.5928  7.21346
-6.35782  -10.7006  4.94895
-6.35782  -10.7006  4.94895
-6.35782  -10.7006  4.94895
-8.69069  -7.91913  4.97761
-8.69069  -7.91913  4.97761
-8.00668  -8.26104  7.85089
-8.14134  -4.37116  8.97827
-5.37761  -5.03178  7.43449
-6.61985  -1.14381  6.042
-2.63646  1.61542  4.87374
-2.63646  1.61542  4.87374
-2.63646  1.61542  4.87374
-0.0312327  1.60702  4.28179
-0.0312327  1.60702  4.28179
3.03915  -0.643584  2.8892
0.0704734  0.166363  3.95518
1.10549  0.804538  3.82118
1.10549  0.804538  3.82118
1.10549  0.804538  3.82118
1.10549  0.804538  3.82118
1.10549  0.804538  3.82118
1.10549  0.804538  3.82118
1.10549  0.804538  3.82118
1.6619  -1.55419  2.56051
-0.00331848  2.17405  3.09419
-0.00331848  2.17405  3.09419
-0.00331848  2.17405  3.09419
-0.00331848  2.17405  3.09419
-0.00331848  2.17405  3.09419
0.0521728  -1.12941  2.15383
0.0521728  -1.12941  2.15383
0.0521728  -1.12941  2.15383
0.0521728  -1.12941  2.15383
0.0521728  -1.12941  2.15383
0.0521728  -1.12941  2.15383
0.0521728  -1.12941  2.15383
0.0521728  -1.12941  2.15383
0.0521728  -1.12941  2.15383
0.0521728  -1.12941  2.15383
3.37615  -0.292579  2.81528
3.37615  -0.292579  2.81528
3.37615  -0.292579  2.81528
3.37615  -0.292579  2.81528
3.37615  -0.292579  2.81528
1.96263  1.61548  0.916349
1.96263  1.61548  0.916349
0.33822  -1.16498  0.665069
1.42214  1.98169  -0.817611
-1.50452  -0.348416  -2.32384
-1.50452  -0.348416  -2.32384
-1.50452  -0.348416  -2.32384
-1.50452  -0.348416  -2.32384
1.53671  0.638423  -5.29909
0.159981  2.21333  -2.1647
-0.890202  0.298446  -5.31391
-0.890202  0.298446  -5.31391
-0.890202  0.298446  -5.31391
0.572703  0.901972  -3.62629
0.572703  0.901972  -3.62629
-1.16668  -1.58403  -1.76384
-1.16668  -1.58403  -1.76384
2.25426  -3.28273  -4.38963
-1.29213  -2.55244  -4.37857
-1.96817  -3.01803  -3.7712
-1.96817  -3.01803  -3.7712
-0.329954  -3.32564  -2.5143
-0.125774  -3.33121  -4.88807
-0.125774  -3.33121  -4.88807
-0.125774  -3.33121  -4.88807
-0.125774  -3.33121  -4.88807
-0.125774  -3.33121  -4.88807
-0.999156  -1.9117  -1.40217
1.02719  -1.57419  -3.31742
-0.47081  1.20977  -2.73949
-0.47081  1.20977  -2.73949
-0.47081  1.20977  -2.73949
-0.47081  1.20977  -2.73949
-0.842727  -0.869568  -2.73782
-1.94056  2.56158  -1.88978
-1.94056  2.56158  -1.88978
-0.251761  0.171365  -4.06039
-0.251761  0.171365  -4.06039
-0.251761  0.171365  -4.06039
-0.251761  0.171365  -4.06039
-0.251761  0.171365  -4.06039
-1.17896  3.32116  -3.46957
-1.17896  3.32116  -3.46957
-1.17896  3.32116  -3.46957
-1.17896  3.32116  -3.46957
-0.812307  5.5144  -2.28029
-1.89321  2.55536  -1.10505
-0.22115  -0.48249  -3.6644
-0.22115  -0.48249  -3.6644
-0.22115  -0.48249  -3.6644
-0.22115  -0.48249  -3.6644
-0.22115  -0.48249  -3.6644
-0.22115  -0.48249  -3.6644
-0.22115  -0.48249  -3.6644
-3.07556  -0.746843  -3.13592
-3.07556  -0.746843  -3.13592
-3.26441  -0.564582  -3.12942
0.167479  1.55062  -6.5873
2.1961  3.58162  -4.09303
1.27581  3.0697  -2.8954
1.27581  3.0697  -2.8954
1.27581  3.0697  -2.8954
-1.61015  1.07241  -0.424585
-1.70542  -0.267125  -3.4678
-1.70542  -0.267125  -3.4678
0.341815  2.05727  -1.59112
0.341815  2.05727  -1.59112
0.341815  2.05727  -1.59112
0.341815  2.05727  -1.59112
0.341815  2.05727  -1.59112
0.341815  2.05727  -1.59112
-0.123846  2.4445  1.47836
-0.123846  2.4445  1.47836
-0.123846  2.4445  1.47836
-0.123846  2.4445  1.47836
3.62387  1.60828  -2.0171
3.62387  1.60828  -2.0171
1.08742  3.47267  -4.2639
1.08742  3.47267  -4.2639
1.08742  3.47267  -4.2639
1.08742  3.47267  -4.2639
1.08742  3.47267  -4.2639
-0.512785  4.95388  -5.99034
-0.512785  4.95388  -5.99034
-0.512785  4.95388  -5.99034
-0.512785  4.95388  -5.99034
-0.512785  4.95388  -5.99034
-0.512785  4.95388  -5.99034
-0.512785  4.95388  -5.99034
-0.512785  4.95388  -5.99034
3.05633  2.72156  -6.5548
3.05633  2.72156  -6.5548
3.05633  2.72156  -6.5548
3.05633  2.72156  -6.5548
0.742202  1.06503  -7.41828
0.742202  1.06503  -7.41828
4.71156  1.31346  -7.86466
4.71156  1.31346  -7.86466
4.67483  -0.273826  -6.47375
4.67483  -0.273826  -6.47375
3.62756  2.28225  -3.40399
0.490482  1.28609  -5.59685
-1.42175  -0.130004  -4.02795
-1.42175  -0.130004  -4.02795
0.805662  -0.998126  -6.97246
0.805662  -0.998126  -6.97246
0.805662  -0.998126  -6.97246
0.805662  -0.998126  -6.97246
0.805662  -0.998126  -6.97246
0.805662  -0.998126  -6.97246
3.91163  2.21291  -4.15568
3.91163  2.21291  -4.15568
3.91163  2.21291  -4.15568
4.23314  -1.45103  -4.51119
4.23314  -1.45103  -4.51119
4.23314  -1.45103  -4.51119
4.23314  -1.45103  -4.51119
1.03355  -0.730005  -5.40592
1.03355  -0.730005  -5.40592
1.03355  -0.730005  -5.40592
1.03355  -0.730005  -5.40592
3.00695  1.21789  -1.49807
3.00695  1.21789  -1.49807
3.00695  1.21789  -1.49807
3.00695  1.21789  -1.49807
0.782823  3.25721  -2.50021
0.782823  3.25721  -2.50021
0.782823  3.25721  -2.50021
2.09094  -0.741897  -2.87129
2.09094  -0.741897  -2.87129
2.09094  -0.741897  -2.87129
0.316949  -0.504443  0.987595
0.316949  -0.504443  0.987595
0.316949  -0.504443  0.987595
0.28463  -0.871591  4.4293
0.28463  -0.871591  4.4293
0.28463  -0.871591  4.4293
0.28463  -0.871591  4.4293
-1.35426  1.14998  0.91841
-1.35426  1.14998  0.91841
-1.35426  1.14998  0.91841
-1.35426  1.14998  0.91841
-2.03627  1.63473  4.57478
-2.03627  1.63473  4.57478
-2.03627  1.63473  4.57478
0.576594  2.38193  3.83566
0.576594  2.38193  3.83566
-2.11795  2.59782  6.08721
0.894153  -1.09204  2.63843
-2.28448  -1.22904  4.49142
-2.28448  -1.22904  4.49142
-3.82526  1.06129  3.62116
-2.95316  -1.33032  3.76293
-1.01739  2.2365  3.89851
-1.01739  2.2365  3.89851
-1.01739  2.2365  3.89851
-4.48582  1.45126  4.0443
-4.48582  1.45126  4.0443
-4.48582  1.45126  4.0443
-4.48582  1.45126  4.0443
-3.33433  1.88039  2.42403
-3.33433  1.88039  2.42403
-0.863651  1.47096  5.083
1.98979  1.96801  2.81039
1.98979  1.96801  2.81039
1.98979  1.96801  2.81039
1.98979  1.96801  2.81039
1.98979  1.96801  2.81039
1.98979  1.96801  2.81039
1.98979  1.96801  2.81039
2.3414  1.92528  1.34341
1.70083  -1.22866  0.757911
1.70083  -1.22866  0.757911
1.70083  -1.22866  0.757911
1.31596  1.36182  -1.81172
-1.55636  -2.58813  -2.37482
2.04508  -0.646348  -5.68331
-1.08991  -0.508188  -3.92969
-1.08991  -0.508188  -3.92969
-1.08991  -0.508188  -3.92969
-1.08991  -0.508188  -3.92969
-1.08991  -0.508188  -3.92969
-1.08991  -0.508188  -3.92969
-3.88068  0.686719  -2.4029
-0.53684  1.8997  -1.63753
-0.53684  1.8997  -1.63753
-0.53684  1.8997  -1.63753
2.23325  3.03714  -1.68646
5.17065  2.4813  -3.96117
5.17065  2.4813  -3.96117
3.49753  0.00325838  -1.74053
2.08164  -3.05889  -3.70815
-0.809406  0.819146  -5.73611
-1.38358  1.11564  -4.93329
-1.38358  1.11564  -4.93329
-2.11367  2.60021  -3.80973
-2.11367  2.60021  -3.80973
-2.11367  2.60021  -3.80973
-2.81366  0.416444  -3.24213
-2.81366  0.416444  -3.24213
-2.25476  -0.907959  -5.95823
-2.25476  -0.907959  -5.95823
-2.25476  -0.907959  -5.95823
-2.85056  -1.5197  -2.24101
-2.85056  -1.5197  -2.24101
-2.85056  -1.5197  -2.24101
-2.85056  -1.5197  -2.24101
0.826126  -1.27716  -3.78432
0.826126  -1.27716  -3.78432
0.826126  -1.27716  -3.78432
0.826126  -1.27716  -3.78432
0.826126  -1.27716  -3.78432
0.826126  -1.27716  -3.78432
0.826126  -1.27716  -3.78432
-1.16217  -1.54593  -2.66434
-1.16217  -1.54593  -2.66434
-1.16217  -1.54593  -2.66434
-1.16217  -1.54593  -2.66434
-0.988401  -4.34041  -4.06589
-0.988401  -4.34041  -4.06589
-0.988401  -4.34041  -4.06589
-0.988401  -4.34041  -4.06589
0.226858  -5.56129  -4.72747
0.226858  -5.56129  -4.72747
0.226858  -5.56129  -4.72747
-0.931987  -5.62113  -1.44674
-2.24371  -6.99433  -3.19974
-2.24371  -6.99433  -3.19974
-3.60572  -5.95566  -2.40199
-3.60572  -5.95566  -2.40199
-3.60572  -5.95566  -2.40199
-3.60572  -5.95566  -2.40199
-3.60572  -5.95566  -2.40199
-0.587059  -6.97503  -1.92558
-0.587059  -6.97503  -1.92558
-4.21624  -4.76337  1.6147
-4.21624  -4.76337  1.6147
-4.21624  -4.76337  1.6147
-4.21624  -4.76337  1.6147
-4.21624  -4.76337  1.6147
-4.21624  -4.76337  1.6147
-4.21624  -4.76337  1.6147
-4.21624  -4.76337  1.6147
-1.60878  -6.78178  2.70848
-1.60878  -6.78178  2.70848
-0.763032  -5.21738  6.06836
-1.88862  -4.79465  6.44708
-1.88862  -4.79465  6.44708
-1.88862  -4.79465  6.44708
-1.88862  -4.79465  6.44708
-1.88862  -4.79465  6.44708
-1.88862  -4.79465  6.44708
-1.99743  -5.12557  6.56088
-1.99743  -5.12557  6.56088
-1.99743  -5.12557  6.56088
-1.99743  -5.12557  6.56088
-4.96003  -5.13757  4.36578
-5.03039  -4.04675  2.48683
-2.46547  -2.46057  0.794773
1.35752  -4.69305  3.13341
1.35752  -4.69305  3.13341
1.35752  -4.69305  3.13341
1.35752  -4.69305  3.13341
1.35752  -4.69305  3.13341
1.35752  -4.69305  3.13341
1.86664  -1.9602  4.11075
1.86664  -1.9602  4.11075
1.86664  -1.9602  4.11075
-0.215087  1.7076  5.64445
-2.03484  3.14234  5.46324
-0.389649  -0.292723  6.48685
0.0926357  2.001  6.39196
1.96637  1.74767  5.84975
1.96637  1.74767  5.84975
0.0862609  -0.0926706  8.72252
-0.938537  -1.39445  7.11957
-0.938537  -1.39445  7.11957
-0.938537  -1.39445  7.11957
-0.938537  -1.39445  7.11957
0.247843  -0.0580541  7.96081
3.00255  2.60934  6.69065
3.00255  2.60934  6.69065
3.05331  0.825779  4.23181
3.05331  0.825779  4.23181
1.45968  0.829372  3.28759
1.45968  0.829372  3.28759
1.45968  0.829372  3.28759
3.03468  2.80773  5.34053
3.03468  2.80773  5.34053
3.03468  2.80773  5.34053
3.03468  2.80773  5.34053
3.03468  2.80773  5.34053
6.12468  -0.620254  5.51374
5.66998  -3.17321  3.4946
2.7901  -2.40959  2.87962
2.7901  -2.40959  2.87962
2.7901  -2.40959  2.87962
3.07636  0.467445  3.44015
4.0899  2.12706  1.47087
1.8553  5.17694  -1.74761
1.8553  5.17694  -1.74761
0.632504  2.165  -2.40687
1.99538  1.5057  -3.27819
1.77574  3.25459  -5.99356
1.27579  3.47055  -5.38583
1.27579  3.47055  -5.38583
1.27579  3.47055  -5.38583
3.3441  3.24099  -1.42453
3.3441  3.24099  -1.42453
3.3441  3.24099  -1.42453
3.3441  3.24099  -1.42453
4.32935  -0.369739  1.41712
3.23107  1.63121  -0.635108
2.92357  0.973298  0.886275
-0.0707472  0.802501  1.43245
-0.0707472  0.802501  1.43245
-0.0707472  0.802501  1.43245
-0.0707472  0.802501  1.43245
0.103893  -1.45266  5.0493
0.103893  -1.45266  5.0493
0.103893  -1.45266  5.0493
0.103893  -1.45266  5.0493
-0.326013  -4.75146  2.97897
-0.326013  -4.75146  2.97897
-0.326013  -4.75146  2.97897
-0.326013  -4.75146  2.97897
-0.38465  -3.38135  1.54338
-0.626123  -1.83451  -1.1388
-0.626123  -1.83451  -1.1388
-0.626123  -1.83451  -1.1388
1.14353  -2.17739  -2.60684
0.0748961  0.0792541  -4.82418
0.0748961  0.0792541  -4.82418
2.60358  -0.982747  -2.27292
0.51145  1.56349  -3.12934
0.51145  1.56349  -3.12934
0.51145  1.56349  -3.12934
0.51145  1.56349  -3.12934
0.51145  1.56349  -3.12934
0.51145  1.56349  -3.12934
2.30411  0.240162  -4.49511
2.30411  0.240162  -4.49511
-0.983178  1.63378  -4.12749
2.72012  -1.19033  -6.08405
2.72012  -1.19033  -6.08405
4.02987  0.576076  -5.1045
4.02987  0.576076  -5.1045
4.02987  0.576076  -5.1045
0.967562  2.41476  -5.74076
0.967562  2.41476  -5.74076
0.967562  2.41476  -5.74076
0.967562  2.41476  -5.74076
2.1739  0.706289  -3.93679
2.1739  0.706289  -3.93679
2.1739  0.706289  -3.93679
1.01581  0.979471  -1.40871
1.01581  0.979471  -1.40871
2.08861  2.32325  -3.4213
-0.0331222  -0.624013  -7.23883
-0.0331222  -0.624013  -7.23883
-2.71964  0.744509  -4.6756
-3.01929  -1.13305  -5.60015
-3.01929  -1.13305  -5.60015
0.475961  1.99548  -7.13007
-2.51666  1.61158  -4.9243
-2.51666  1.61158  -4.9243
-2.51666  1.61158  -4.9243
-0.481675  -1.29335  -3.65133
-1.67857  -4.93833  -5.96038
-1.67857  -4.93833  -5.96038
-1.67857  -4.93833  -5.96038
-1.67857  -4.93833  -5.96038
-1.10019  -8.20788  -7.49845
-1.10019  -8.20788  -7.49845
-1.04956  -7.12192  -9.80156
1.19087  -8.75756  -9.057
1.19087  -8.75756  -9.057
1.19087  -8.75756  -9.057
1.19087  -8.75756  -9.057
1.18239  -6.29699  -10.3693
-2.19149  -8.01912  -10.1297
-4.63191  -4.28623  -6.90005
-4.63191  -4.28623  -6.90005
-4.63191  -4.28623  -6.90005
-2.57083  -4.74902  -7.61807
1.13339  -5.34495  -7.61737
1.13339  -5.34495  -7.61737
1.13339  -5.34495  -7.61737
1.13339  -5.34495  -7.61737
1.13339  -5.34495  -7.61737
-0.582617  -1.43445  -8.09596
-0.528029  -1.53089  -4.84949
-0.294608  -0.841298  -5.24406
-0.294608  -0.841298  -5.24406
-0.294608  -0.841298  -5.24406
-0.828432  -4.81173  -3.2929
3.05015  -0.913742  -6.76503
2.40986  0.915112  -6.44415
1.35897  -1.10048  -3.24637
0.503317  -0.949547  -3.88047
0.503317  -0.949547  -3.88047
0.503317  -0.949547  -3.88047
0.503317  -0.949547  -3.88047
0.503317  -0.949547  -3.88047
0.933277  -2.35046  -3.12485
0.933277  -2.35046  -3.12485
1.71053  -1.24367  -2.35764
1.71053  -1.24367  -2.35764
1.71053  -1.24367  -2.35764
1.71053  -1.24367  -2.35764
-0.951627  2.69185  1.12681
0.0126399  0.476347  0.518242
0.0126399  0.476347  0.518242
-1.06147  0.348333  1.54446
0.541666  -1.51683  -2.06229
0.541666  -1.51683  -2.06229
0.541666  -1.51683  -2.06229
0.541666  -1.51683  -2.06229
0.541666  -1.51683  -2.06229
-0.506044  0.25293  -1.11258
-0.506044  0.25293  -1.11258
-0.506044  0.25293  -1.11258
-0.928892  1.15567  -2.48833
-0.928892  1.15567  -2.48833
-0.928892  1.15567  -2.48833
0.829567  0.819541  1.43747
0.829567  0.819541  1.43747
0.829567  0.819541  1.43747
0.829567  0.819541  1.43747
0.829567  0.819541  1.43747
0.829567  0.819541  1.43747
0.829567  0.819541  1.43747
0.829567  0.819541  1.43747
1.97022  -0.220689  1.92627
1.97022  -0.220689  1.92627
0.913995  1.59332  1.06259
0.913995  1.59332  1.06259
0.913995  1.59332  1.06259
0.913995  1.59332  1.06259
0.913995  1.59332  1.06259
-0.48635  -0.333298  4.9724
-0.48635  -0.333298  4.9724
-0.774159  0.46137  1.70981
-0.774159  0.46137  1.70981
-0.774159  0.46137  1.70981
-3.7092  1.16723  -1.67343
-0.964358  -2.2475  -1.8415
-0.964358  -2.2475  -1.8415
0.451145  -3.79157  1.43541
0.451145  -3.79157  1.43541
0.451145  -3.79157  1.43541
0.451145  -3.79157  1.43541
0.451145  -3.79157  1.43541
2.98133  -4.84251  2.35186
0.723111  -3.49335  3.14653
0.723111  -3.49335  3.14653
0.643479  -3.08161  5.30903
0.643479  -3.08161  5.30903
0.643479  -3.08161  5.30903
0.643479  -3.08161  5.30903
-1.84749  -3.93105  3.19259
-1.84749  -3.93105  3.19259
-5.23562  -0.2225  4.82613
-5.01224  -0.946717  4.07711
-5.01224  -0.946717  4.07711
-5.01224  -0.946717  4.07711
-4.07824  -0.468424  4.51922
-4.07824  -0.468424  4.51922
-6.6237  3.16818  3.01239
-6.6237  3.16818  3.01239
-6.6237  3.16818  3.01239
-6.6237  3.16818  3.01239
-6.6237  3.16818  3.01239
-6.6237  3.16818  3.01239
-6.6237  3.16818  3.01239
-8.26827  1.2177  2.15357
-8.63429  -0.62018  3.03732
-7.20138  -0.0259582  2.76533
-7.20138  -0.0259582  2.76533
-7.20138  -0.0259582  2.76533
-5.17372  1.51253  1.35498
-5.17372  1.51253  1.35498
-5.17372  1.51253  1.35498
-5.17372  1.51253  1.35498
-5.17372  1.51253  1.35498
-5.17372  1.51253  1.35498
-4.34638  -2.05765  2.45215
-4.49369  -3.89028  2.46853
-2.61425  -2.97211  4.99393
-2.61425  -2.97211  4.99393
-3.14844  -3.37116  3.32697
-2.89486  -2.71471  5.95292
-2.09005  -0.663672  6.86142
-2.09005  -0.663672  6.86142
-2.09005  -0.663672  6.86142