1  5
2  5
3  5.07584
4  5.98932
5  5.98932
6  8.27449
7  8.27449
8  7.57867
9  7.25899
10  7.25899
11  8.53415
12  9.54951
13  9.8964
14  9.8964
15  9.8964
16  8.23078
17  8.54438
18  8.54438
19  6.90485
20  6.90485
21  4.7993
22  5.93217
23  5.93217
24  5.99949
25  7.24924
26  7.24924
27  7.24924
28  6.44632
29  6.44632
30  6.44632
31  6.64293
32  7.79174
33  8.86627
34  9.48306
35  10.2795
36  10.2795
37  10.2795
38  10.128
39  8.46324
40  8.0272
41  9.1713
42  11.5949
43  11.8606
44  11.2004
45  10.6968
46  11.0734
47  11.0734
48  12.4425
49  11.6784
50  12.0449
51  12.0449
52  11.8476
53  10.8397
54  9.36593
55  9.36593
56  10.9068
57  10.2502
58  10.2502
59  10.245
60  8.94756
61  8.3797
62  8.3797
63  9.8678
64  9.56372
65  9.01676
66  7.40234
67  7.08443
68  7.10355
69  7.10355
70  9.78581
71  9.78581
72  9.78581
73  9.71208
74  9.71208
75  8.56807
76  8.56807
77  8.56807
78  7.32577
79  6.65338
80  4.8767
81  5.0824
82  5.0824
83  4.02629
84  2.2502
85  2.42369
86  2.42369
87  2.42369
88  2.84241
89  4.47882
90  5.19441
91  5.19441
92  3.62365
93  3.26652
94  3.26652
95  3.26652
96  3.27794
97  3.27794
98  3.27794
99  3.27794
100  3.27794
101  3.27794
102  3.27794
103  4.0263
104  5.15099
105  4.88572
106  4.88572
107  4.88572
108  3.29838
109  3.62934
110  3.37752
111  2.45473
112  2.98167
113  2.98167
114  3.139
115  3.38882
116  3.24366
117  4.28462
118  4.28462
119  5.63764
120  5.63764
121  4.69523
122  4.69523
123  4.99751
124  4.99751
125  5.82225
126  5.82225
127  4.4377
128  6.02268
129  3.24474
130  3.24474
131  2.14267
132  2.14267
133  2.14267
134  5.21783
135  5.21783
136  5.21783
137  3.18727
138  3.18727
139  3.18727
140  3.18727
141  6.71675
142  8.18002
143  4.52044
144  4.52044
145  4.52044
146  3.58095
147  3.58095
148  3.58095
149  3.18136
150  2.60809
151  2.60809
152  2.60809
153  2.60809
154  3.29517
155  4.87113
156  3.01899
157  3.01899
158  3.01899
159  1.8568
160  4.15837
161  4.15837
162  4.15837
163  4.1488
164  4.1488
165  4.1488
166  4.1488
167  4.1488
168  5.07002
169  5.07002
170  3.55369
171  3.55369
172  3.55369
173  3.55369
174  2.50251
175  3.45735
176  3.9668
177  3.9668
178  6.14217
179  6.14217
180  6.14217
181  8.85506
182  5.52114
183  3.22665
184  4.26408
185  3.50545
186  2.55289
187  2.55289
188  2.55289
189  2.55289
190  2.55289
191  2.55289
192  2.7172
193  2.7172
194  2.7172
195  4.60514
196  4.60514
197  4.57726
198  3.45187
199  3.45187
200  4.02387
201  3.24918
202  3.9111
203  4.80692
204  6.057
205  6.057
206  6.35969
207  7.68193
208  7.68193
209  6.64344
210  6.64344
211  4.56348
212  4.56348
213  4.32228
214  1.9213
215  3.75939
216  4.7532
217  4.7532
218  2.18431
219  2.18431
220  2.18431
221  2.18431
222  3.7459
223  3.28155
224  3.28155
225  4.79264
226  4.79264
227  4.34007
228  3.13097
229  3.13097
230  3.13097
231  4.69668
232  4.69668
233  3.93113
234  4.02909
235  4.02909
236  4.02909
237  4.02909
238  4.18434
239  4.09108
240  4.09108
241  4.09108
242  4.09108
243  4.40976
244  3.64638
245  5.19346
246  4.24477
247  3.2014
248  2.95465
249  2.95465
250  2.95465
251  1.84072
252  3.47566
253  3.47566
254  3.47566
255  5.50458
256  3.24997
257  2.44095
258  1.86267
259  2.6949
260  5.2485
261  5.2485
262  5.2485
263  5.2485
264  5.2485
265  4.15232
266  4.15232
267  4.15232
268  4.15232
269  4.15232
270  4.15232
271  4.15232
272  3.14376
273  4.81758
274  4.81758
275  2.95187
276  2.95187
277  2.95187
278  1.47903
279  1.47903
280  4.15591
281  4.15591
282  4.15591
283  3.41471
284  3.41471
285  3.94516
286  3.94516
287  4.42122
288  4.42122
289  3.3692
290  3.3692
291  3.3692
292  3.3692
293  3.77005
294  3.77005
295  3.77005
296  3.77005
297  2.74566
298  2.74566
299  2.74566
300  3.4726
301  3.4726
302  3.4726
303  3.70124
304  3.14699
305  3.02257
306  3.02257
307  3.58705
308  4.87634
309  4.18501
310  4.18501
311  4.58043
312  4.23392
313  4.23392
314  4.23392
315  6.06945
316  6.06945
317  6.01491
318  4.44088
319  4.44088
320  4.44088
321  4.44088
322  6.48201
323  7.47236
324  7.47236
325  7.47236
326  6.24975
327  5.83815
328  4.98667
329  5.94368
330  5.94368
331  4.47313
332  4.68452
333  2.88352
334  2.00139
335  2.00139
336  2.99914
337  4.06987
338  4.06987
339  4.06987
340  3.26301
341  3.26301
342  3.26301
343  4.57864
344  4.57864
345  4.57864
346  4.57864
347  3.52329
348  5.27915
349  5.27915
350  4.16417
351  4.16417
352  3.88412
353  1.64761
354  1.64761
355  1.64761
356  1.64761
357  1.64761
358  1.64761
359  1.64761
360  3.52889
361  4.80822
362  4.7803
363  4.7803
364  3.68276
365  2.65588
366  2.65588
367  2.65588
368  2.65588
369  2.65588
370  5.97995
371  5.97995
372  7.10781
373  8.52576
374  8.34629
375  8.34629
376  7.04503
377  7.04503
378  6.58096
379  4.04956
380  4.9149
381  5.76145
382  5.76145
383  5.76145
384  7.38094
385  7.38094
386  5.96645
387  6.51909
388  4.73034
389  4.73034
390  5.80676
391  4.5765
392  4.5765
393  4.76195
394  3.85442
395  3.85442
396  1.71773
397  1.71773
398  1.71773
399  1.71773
400  1.71773
401  3.1542
402  6.03355
403  4.25937
404  4.72839
405  3.73229
406  3.73229
407  1.59001
408  1.59001
409  2.49964
410  2.87686
411  3.08077
412  3.08077
413  2.51146
414  2.39519
415  3.99908
416  3.34314
417  3.34314
418  3.02093
419  3.00643
420  3.00643
421  1.6877
422  2.82598
423  3.89058
424  4.74048
425  4.74048
426  3.95531
427  3.95531
428  3.95531
429  3.69883
430  3.69883
431  3.69883
432  2.59125
433  2.59125
434  2.59125
435  4.71745
436  4.90364
437  6.79593
438  6.52539
439  6.60675
440  6.60675
441  9.17179
442  8.29269
443  7.74862
444  6.01235
445  5.12307
446  4.14961
447  5.19299
448  5.19299
449  5.19299
450  5.19299
451  6.40962
452  6.40962
453  6.41577
454  8.22215
455  7.34998
456  7.34998
457  9.5695
458  7.99909
459  7.99909
460  8.7053
461  8.7053
462  9.50708
463  8.17066
464  7.06872
465  7.06872
466  5.63761
467  5.63761
468  6.86279
469  7.56571
470  8.59006
471  8.59006
472  8.59006
473  10.4057
474  10.5115
475  10.7149
476  10.3369
477  13.5128
478  14.0534
479  12.1809
480  12.8023
481  12.3923
482  12.3923
483  12.3923
484  11.4603
485  10.2719
486  10.2719
487  10.2719
488  10.2719
489  10.2719
490  10.2034
491  10.4215
492  10.4269
493  9.77233
494  7.92859
495  6.18134
496  6.18134
497  7.75649
498  7.75649
499  8.4617
500  7.3788
501  6.54268
502  5.42227
503  5.42227
504  5.42227
505  5.145
506  6.24754
507  4.85326
508  4.16954
509  4.16954
510  4.16954
511  6.95781
512  7.2288
513  6.72278
514  5.07564
515  3.9274
516  4.31232
517  3.16295
518  2.67477
519  2.67477
520  4.62265
521  4.62265
522  4.62265
523  4.62265
524  4.62265
525  4.62265
526  4.14059
527  4.7905
528  4.7905
529  3.39702
530  3.72546
531  2.88915
532  0.259412
533  2.15187
534  3.35131
535  3.35131
536  3.35131
537  3.18604
538  2.86781
539  2.86781
540  2.86781
541  3.41083
542  3.41083
543  3.41083
544  2.87265
545  2.2673
546  2.2673
547  6.36465
548  6.36465
549  5.15355
550  5.15355
551  5.15355
552  5.15355
553  5.15355
554  6.7816
555  6.41985
556  6.27257
557  8.65949
558  8.88879
559  9.38484
560  8.846
561  6.381
562  5.24169
563  5.24169
564  5.81057
565  7.05746
566  7.3508
567  7.3508
568  7.40304
569  7.40304
570  7.13969
571  9.82015
572  9.97676
573  9.68522
574  9.68522
575  9.13123
576  8.33242
577  8.33242
578  9.37602
579  9.37602
580  8.9756
581  8.57449
582  8.57449
583  8.25042
584  5.96795
585  4.60004
586  4.05432
587  4.05432
588  3.97925
589  3.90449
590  3.90449
591  4.79513
592  3.43029
593  5.13294
594  5.13294
595  7.91774
596  8.24749
597  8.24749
598  8.5422
599  8.96275
600  8.96275
601  5.60775
602  5.60775
603  5.60775
604  5.95904
605  5.2939
606  4.63394
607  4.63394
608  4.63394
609  4.63394
610  2.82345
611  3.60148
612  3.30214
613  2.66627
614  2.66627
615  2.66627
616  2.66627
617  1.2262
618  1.40744
619  2.75289
620  2.75289
621  2.75289
622  3.19811
623  3.99825
624  4.83855
625  5.63991
626  7.12457
627  7.12457
628  5.31817
629  5.69784
630  6.26619
631  6.61618
632  5.57852
633  5.57852
634  4.90771
635  4.90771
636  7.75836
637  7.01672
638  7.50308
639  7.50308
640  6.29156
641  6.29156
642  5.96818
643  5.96818
644  5.61418
645  5.61418
646  6.16024
647  7.9587
648  7.03772
649  4.21726
650  6.56732
651  6.6577
652  6.6577
653  6.6577
654  6.6577
655  6.6577
656  8.73652
657  8.57791
658  8.07416
659  9.17863
660  8.15046
661  8.15046
662  8.15046
663  8.14633
664  8.14633
665  7.27323
666  7.27323
667  8.13743
668  8.13743
669  8.58821
670  8.58821
671  7.26389
672  7.04672
673  7.91793
674  7.91793
675  7.64196
676  7.52463
677  6.20842
678  6.63542
679  4.90479
680  6.70198
681  6.70198
682  6.70198
683  8.56149
684  8.56149
685  8.56149
686  9.0298
687  12.2927
688  12.2927
689  12.5302
690  12.5302
691  12.5498
692  12.5498
693  12.3807
694  11.0968
695  10.101
696  10.7233
697  10.7233
698  11.5983
699  11.5983
700  11.3437
701  11.3437
702  11.3437
703  9.60454
704  9.60454
705  8.98225
706  8.98225
707  8.88051
708  9.36673
709  10.2653
710  11.3575
711  9.18784
712  8.63554
713  8.63554
714  6.50304
715  6.50304
716  6.94357
717  6.94357
718  6.94357
719  6.94357
720  6.94357
721  6.94357
722  7.62013
723  8.04339
724  9.5919
725  8.86434
726  7.90682
727  9.15571
728  9.60928
729  9.44802
730  9.64626
731  8.80997
732  8.68231
733  8.69633
734  7.99221
735  9.13401
736  9.13401
737  8.03289
738  8.38902
739  8.38902
740  9.13088
741  6.74217
742  7.02716
743  7.02716
744  7.02716
745  7.02716
746  6.52464
747  7.36069
748  6.75312
749  6.75312
750  6.75312
751  6.75312
752  6.75312
753  6.75312
754  6.75312
755  3.78224
756  2.57728
757  3.10664
758  3.10664
759  2.26866
760  2.26866
761  2.26866
762  1.75878
763  3.54941
764  3.54941
765  2.97999
766  4.33581
767  4.94818
768  4.83845
769  5.5668
770  5.5668
771  5.40802
772  5.40802
773  5.40802
774  6.01434
775  6.01434
776  5.23833
777  6.78047
778  6.78047
779  6.78047
780  7.65013
781  6.59261
782  6.33019
783  6.42612
784  5.8677
785  5.78706
786  6.49454
787  5.89315
788  7.16588
789  7.10437
790  6.03639
791  6.9259
792  6.9259
793  6.9259
794  6.23122
795  6.23122
796  6.77734
797  7.03608
798  7.41793
799  10.152
800  10.8525
801  9.10637
802  9.10637
803  9.92681
804  9.26608
805  9.26608
806  8.04661
807  8.04661
808  8.26101
809  6.43067
810  6.43067
811  5.84116
812  8.2163
813  7.36685
814  7.36685
815  9.29249
816  9.51672
817  10.9756
818  10.9756
819  10.2577
820  8.2254
821  8.27359
822  8.27359
823  7.54952
824  7.43973
825  4.27377
826  4.91019
827  6.79829
828  5.89547
829  5.89547
830  6.4017
831  7.05066
832  5.81152
833  5.81152
834  4.98858
835  4.7785
836  4.7785
837  6.74418
838  5.4591
839  4.98757
840  5.09562
841  5.09562
842  4.19824
843  4.22669
844  3.64126
845  3.64126
846  4.48029
847  6.71613
848  6.71613
849  7.42623
850  6.86369
851  4.81555
852  4.81555
853  6.31782
854  6.31782
855  5.52137
856  5.52137
857  3.23842
858  3.23842
859  2.4475
860  2.4475
861  2.4475
862  3.05147
863  4.47433
864  5.42086
865  4.74077
866  4.09999
867  4.4834
868  2.99571
869  3.09482
870  3.09482
871  2.7942
872  3.83072
873  2.13236
874  1.38685
875  2.90035
876  2.90035
877  2.90035
878  2.90035
879  5.06319
880  2.14734
881  2.14734
882  2.14734
883  2.08848
884  2.08848
885  2.08848
886  2.18107
887  2.18107
888  1.99064
889  2.3134
890  3.73576
891  3.13196
892  2.82195
893  2.82195
894  3.79983
895  2.21632
896  4.24546
897  4.39341
898  5.23995
899  3.00392
900  3.00392
901  3.00392
902  3.84032
903  3.84032
904  3.84032
905  3.84032
906  4.90093
907  3.72037
908  3.72037
909  3.72037
910  3.72037
911  3.69276
912  5.34047
913  5.67762
914  5.67762
915  5.73128
916  6.56914
917  6.21447
918  5.80703
919  5.80703
920  5.80703
921  5.28008
922  7.75513
923  8.00647
924  8.00647
925  8.00647
926  8.00647
927  6.58903
928  5.12297
929  3.23342
930  3.23342
931  3.23342
932  3.23342
933  3.23342
934  3.23342
935  5.23405
936  4.30817
937  6.3775
938  6.3775
939  6.3775
940  6.21649
941  6.44243
942  6.44243
943  6.44243
944  4.71761
945  6.55469
946  6.55469
947  7.8721
948  4.82748
949  4.16019
950  4.16019
951  4.16019
952  4.92887
953  6.83325
954  6.27899
955  6.2105
956  6.2105
957  6.2105
958  6.2105
959  6.2105
960  7.09036
961  7.09036
962  9.08153
963  8.84949
964  8.84949
965  8.84949
966  8.84949
967  8.84949
968  8.84949
969  9.82088
970  9.82088
971  9.82088
972  8.1095
973  8.1095
974  8.1095
975  5.58827
976  7.11195
977  8.07747
978  8.07747
979  8.07747
980  8.07747
981  8.07747
982  7.76334
983  8.32017
984  8.32017
985  8.32017
986  8.32017
987  6.34065
988  6.34065
989  6.93642
990  6.18977
991  9.13434
992  9.13434
993  7.99952
994  7.99952
995  5.70302
996  8.38257
997  9.41155
998  9.92662
999  9.92662
1000  8.83753
