0
0.515544
0.515544
0.515544
0.515544
1.33586
1.33586
1.33586
1.68627
1.93418
1.60533
1.60533
1.60533
1.60533
2.81712
1.53609
2.16663
2.07222
1.80151
1.68986
0.904209
1.87189
1.87189
1.87189
1.61543
1.61543
2.45062
2.96769
2.8988
2.8988
2.04481
2.04481
0.975294
0.861672
1.3384
1.3384
1.03963
0.754681
0.754681
0.754681
0.898362
0.34544
0.34544
0.486456
0.486456
0.486456
0.486456
0.486456
0.486456
0.879104
1.31607
2.09101
2.09101
2.1729
2.71747
2.50685
2.50685
2.85283
2.85283
2.85283
2.85283
2.85283
2.30153
2.79505
2.79505
3.02452
3.02452
3.01373
3.48468
3.48468
3.48468
2.91593
2.83729
2.10773
2.10773
2.10773
2.10773
2.62013
2.62013
1.55836
0.33173
0.33173
0.33173
1.03146
1.03146
0.535084
0.535084
0.535084
0.535084
0.535084
0.535084
0.535084
0.437486
1.02834
1.02834
1.02834
1.18384
1.07526
1.07526
1.07526
1.07526
1.29125
0.536755
0.536755
0.536755
0.536755
0.536755
0.536755
0.536755
0.536755
0.536755
0.536755
0.536755
0.536755
0.832272
0.832272
0.832272
0.832272
1.29965
1.20227
1.12063
1.12063
1.45391
1.707
1.707
1.03582
1.09519
1.09519
0.716497
0.716497
1.10262
1.10262
1.2895
0.960336
1.64711
2.25352
2.25352
3.10959
2.73456
2.73734
2.73734
1.86498
1.86498
1.86498
1.69565
1.9534
2.26718
2.36112
2.36112
1.73481
1.3894
0.819053
1.12823
1.12823
1.12823
1.12823
1.13438
1.05294
1.05294
0.558406
0.558406
0.558406
0.558406
0.558406
0.558406
0.558406
0.558406
0.558406
1.97111
2.2192
2.2192
3.38988
2.92527
2.92527
2.34125
2.31556
2.05835
1.70258
1.70258
1.70258
2.23358
2.23358
1.29725
1.29725
1.29725
1.32547
1.18035
1.18035
0.709428
0.709428
0.709428
0.709428
1.04478
0.568563
0.568563
0.568563
0.568563
0.600756
0.600756
0.600756
0.611924
0.611924
0.611924
0.611924
0.904676
0.85387
0.85387
0.85387
0.85387
0.85387
1.64796
1.64796
1.67634
1.74296
1.74296
1.74296
2.14294
2.14294
2.14294
2.14294
2.14294
1.23903
0.519035
0.519035
0.519035
0.519035
0.519035
0.519035
0.519035
0.519035
0.519035
0.519035
0.519035
0.519035
0.519035
0.87542
0.97968
0.97968
0.94279
0.554136
0.554136
1.01855
1.04212
1.04212
2.03589
2.03589
1.88357
1.05957
1.05957
1.05957
1.05957
1.66311
1.86413
1.86413
2.33032
1.85095
1.63259
1.63259
1.63259
0.564622
0.564622
0.564622
0.564622
0.564622
1.34007
2.33605
2.71014
3.05651
1.80686
0.477566
0.643997
0.643997
0.643997
0.643997
0.643997
0.643997
0.643997
0.643997
0.643997
0.920024
0.920024
0.920024
0.957449
0.957449
0.957449
0.957449
0.696885
1.32105
1.62127
1.62127
1.86702
2.07272
1.01666
1.01666
1.01666
1.01666
1.01666
1.01666
1.01666
2.16327
1.2271
1.2271
0.75529
1.02888
1.02888
0.798759
0.798759
0.602426
1.78222
0.838137
0.838137
1.8622
1.8622
1.44022
1.4141
1.84472
1.84423
1.65287
1.65287
1.68137
1.68137
0.785682
0.785682
1.37038
1.37038
1.38997
0.956892
0.956892
0.956892
0.956892
0.956892
1.08475
0.894668
0.894668
1.52752
0.969176
0.969176
0.969176
1.13866
0.473425
1.24953
1.24953
1.24953
1.24953
1.06277
1.06277
1.06277
1.06277
1.06277
1.50263
1.41972
0.805831
0.805831
0.805831
0.805831
1.52679
1.52679
2.16941
2.10285
1.84857
1.84857
1.84857
2.60899
2.60899
2.60899
2.23467
2.23467
2.23467
2.6589
3.22907
3.22907
2.6753
2.16044
2.00982
2.00982
2.00982
2.00982
2.00982
2.00982
3.11269
3.7294
3.82386
3.09589
3.09589
3.67686
3.67686
3.64733
3.64733
2.87623
2.87623
2.95621
2.52429
1.87402
1.87402
1.26204
1.26204
1.11051
2.21386
2.21386
1.10842
1.10842
1.10842
1.10842
1.47319
1.47319
1.8866
1.62009
1.87422
1.48818
0.619738
0.619738
0.72284
0.928656
1.67269
2.52036
2.6882
2.07162
1.87461
1.87461
1.87461
1.87461
1.58926
1.77374
1.73596
1.73596
1.73596
1.73596
1.68304
1.68304
1.08895
1.18026
0.437888
0.856527
0.856527
0.734572
0.734572
0.734572
0.885745
1.52612
2.55836
2.55836
2.55836
2.55836
1.97721
1.92881
1.92881
1.92881
2.04447
0.973796
0.930152
0.930152
1.48965
1.0219
1.14685
1.21547
1.88229
1.82318
1.40987
1.40987
1.07444
1.07444
1.07444
1.07444
0.968561
0.55894
0.55894
0.55894
0.951652
0.968631
1.15832
1.14414
1.02961
0.565959
0.565959
0.565959
0.565959
2.00247
3.06626
3.06626
3.06626
3.90995
3.15649
3.15649
3.15649
2.87851
2.67508
2.88283
2.88283
3.6889
3.68213
3.60435
3.72045
5.0021
4.72261
3.89822
3.53233
3.53233
3.53233
4.06193
2.80337
2.8484
2.6079
2.2097
1.17783
1.22961
1.22961
1.22961
1.22961
1.37267
1.63075
2.94738
3.41239
3.41239
3.96273
3.45932
2.94806
2.68132
2.68132
3.43579
3.43579
3.83605
3.83605
4.23732
4.14467
4.14467
4.14467
3.44582
3.69263
3.69263
4.17455
4.46408
4.79557
4.88844
4.05267
3.59542
3.59542
4.30917
4.48306
3.6483
3.51241
3.51241
3.58226
2.82415
2.17727
2.17727
2.17727
1.86245
1.86245
1.86245
1.86245
1.86245
1.7855
1.7855
1.7855
1.13939
1.13939
1.1184
1.1184
1.4896
0.853972
0.853972
1.16326
1.0322
1.04008
1.04008
0.588896
0.588896
0.588896
0.588896
0.588896
0.588896
1.20763
0.963559
1.45406
1.87023
1.76341
1.76341
1.76341
1.58098
1.71844
1.71844
1.08252
1.08252
1.08252
0.466806
0.466806
0.466806
0.466806
1.11362
1.11362
1.11362
1.11362
1.38593
1.38593
1.34235
1.34235
1.34235
1.34235
1.53761
1.53761
0.614574
0.614574
0.614574
0.614574
0.974809
0.974809
0.974809
0.973255
0.973255
0.973255
0.973255
0.914969
0.914969
1.18992
1.05369
1.05369
1.05369
1.05369
0.754931
1.19032
1.19032
1.19032
1.83355
1.83355
1.83355
1.20611
1.49345
1.49345
1.49345
1.12974
1.19291
1.19291
1.87911
2.14575
1.24506
1.30666
1.79882
1.79882
1.26599
0.752643
0.752643
0.752643
0.410352
0.410352
0.410352
0.410352
0.410352
0.410352
0.410352
1.42743
1.90354
1.90354
1.90354
1.90354
2.20073
2.20073
2.1276
2.1276
2.1276
2.1276
1.24692
1.24692
1.22756
0.70056
0.70056
0.991041
0.991041
0.991041
0.489763
0.489763
0.489763
0.489763
0.489763
0.489763
0.489763
0.489763
1.30646
1.30646
1.30646
0.715343
0.715343
0.715343
0.715343
0.715343
1.04697
1.24857
1.41804
1.41804
1.41804
1.41804
1.41804
1.70694
1.70694
1.70694
1.70694
1.37227
1.37227
1.37227
1.37227
1.53529
1.58382
1.55371
0.679485
0.679485
0.743728
1.04798
1.04798
1.02689
1.02689
0.836091
0.88412
0.88412
0.689354
1.07087
1.07087
0.550176
0.582215
1.62055
0.737467
0.737467
1.09773
0.542132
0.542132
0.542132
0.542132
0.542132
0.542132
0.542132
0.542132
0.542132
0.237169
0.237169
0.520998
1.27994
1.27994
1.39316
1.88486
2.55479
2.28974
2.31216
2.31216
2.31216
2.57046
2.00104
2.08305
2.73093
2.73093
2.60608
3.47402
2.93271
2.93271
2.39054
2.08936
1.63685
1.90417
0.893393
0.893393
0.893393
0.893393
0.893393
0.893393
1.04062
1.04062
1.46039
1.46039
0.83539
0.747261
0.747261
0.747261
1.20712
1.95778
1.1574
0.664179
0.664179
0.664179
0.587589
0.587589
0.587589
0.587589
0.587589
0.90758
0.90758
1.31891
1.31891
1.19245
1.19245
1.37892
2.10511
2.10511
2.55302
2.55302
1.82753
1.82753
1.19309
1.16408
1.51789
1.51789
1.27006
1.08037
1.08037
1.25194
1.25194
1.25956
0.82745
0.675961
0.675961
0.675961
0.675961
0.675961
0.797491
1.77329
0.804893
0.804893
0.804893
0.804893
0.610426
0.610426
0.610426
1.4757
0.941582
0.655309
0.655309
0.655309
0.655309
0.655309
1.70396
1.3111
1.3111
1.73155
1.61545
1.48684
1.48684
0.955742
1.00707
1.00707
1.02003
1.88991
1.88991
2.80655
1.9329
1.98046
1.98046
1.98046
1.98046
1.36477
1.24527
1.81597
1.95996
1.21536
1.42396
1.55503
1.19419
0.911693
1.06975
1.06975
1.41081
1.18955
1.18955
1.18955
0.543125
0.543125
1.21393
2.45183
2.61128
2.61128
2.61128
2.61128
2.43221
2.43221
2.48135
2.48135
2.55833
3.3398
2.72851
2.88248
3.11575
2.52512
1.7236
1.5356
1.02297
1.06503
1.06503
1.01777
0.749645
1.71486
3.31497
3.15337
4.29072
4.01118
3.60103
2.40373
2.40373
2.43958
2.25294
2.25294
1.49433
1.49433
1.25572
1.25572
1.25572
1.23568
1.23568
1.72234
1.72234
2.37831
2.37831
1.77621
1.77621
2.61722
2.61722
2.61722
2.61722
2.61722
3.20836
3.20442
2.51272
2.51272
2.51272
2.92722
2.92722
2.05945
2.05945
2.01678
1.28084
1.28084
2.14606
2.14606
1.80708
1.80708
1.80119
1.80119
1.01089
1.16523
0.638141
0.638141
0.638141
0.638141
0.638141
0.97508
0.790931
0.935817
0.935817
0.8551
1.14247
0.873811
0.873811
1.87045
1.5025
1.20457
1.54327
2.06194
2.06194
1.53095
1.53095
1.53095
1.53095
1.53095
0.851328
0.851328
0.851328
0.851328
0.851328
0.629714
0.629714
0.629714
0.629714
0.629714
0.629714
0.629714
0.629714
0.749405
0.875176
1.02682
1.16167
1.60127
1.96866
1.73178
1.56566
2.18185
1.9254
1.68261
1.7883
1.7883
1.96
1.96
1.42581
1.42581
1.42581
1.42581
1.42581
1.42581
1.42581
1.42581
1.46493
1.46493
2.10814
2.10814
2.18667
2.18667
1.57729
