1  0
2  1.08603
3  1.68875
4  1.68875
5  2.44784
6  2.44784
7  1.69842
8  1.69842
9  1.30286
10  1.86489
11  1.86489
12  1.86489
13  1.86489
14  1.86489
15  1.86489
16  2.00999
17  2.00999
18  1.51632
19  1.51632
20  0.754911
21  1.08598
22  1.08598
23  1.12034
24  1.5086
25  1.5086
26  1.5086
27  1.23136
28  1.23136
29  1.23136
30  1.27767
31  1.67365
32  2.16651
33  2.45311
34  2.84096
35  2.84096
36  2.84096
37  2.7725
38  2.07218
39  2.14736
40  2.58207
41  2.58207
42  2.58207
43  2.66291
44  2.27609
45  2.77139
46  2.42989
47  3.20637
48  3.18566
49  2.97335
50  2.97335
51  3.04322
52  2.68493
53  1.87928
54  1.87928
55  1.87928
56  1.8674
57  1.8674
58  2.03808
59  1.86155
60  1.93987
61  1.93987
62  2.41468
63  2.42258
64  2.50818
65  2.63312
66  2.63312
67  3.16737
68  3.72949
69  4.82633
70  4.82633
71  4.82633
72  4.79864
73  4.79864
74  4.10149
75  4.10149
76  4.10149
77  3.67551
78  3.34505
79  2.84306
80  2.39121
81  2.39121
82  2.30204
83  1.99332
84  2.43154
85  2.43154
86  2.43154
87  2.69933
88  2.69933
89  3.19626
90  3.19626
91  2.5132
92  1.97225
93  1.97225
94  1.97225
95  1.12424
96  1.12424
97  1.47276
98  1.47276
99  1.47276
100  1.47276
101  1.47276
102  1.39646
103  1.39646
104  1.39646
105  1.39646
106  1.18767
107  1.18767
108  0.947938
109  0.707536
110  0.87986
111  0.87986
112  0.87986
113  1.05376
114  1.05376
115  1.24008
116  1.24008
117  1.24008
118  1.82813
119  1.82813
120  0.951036
121  0.951036
122  1.50719
123  1.50719
124  1.93708
125  1.93708
126  1.29896
127  2.0043
128  1.79248
129  1.79248
130  1.59697
131  1.59697
132  1.59697
133  1.7011
134  1.7011
135  1.7011
136  1.29388
137  1.29388
138  1.29388
139  1.29388
140  2.49173
141  2.49173
142  2.21197
143  2.21197
144  2.21197
145  2.06206
146  2.06206
147  2.06206
148  1.86002
149  1.78792
150  1.78792
151  1.78792
152  1.78792
153  2.01917
154  1.81533
155  1.05209
156  1.05209
157  1.05209
158  1.42162
159  0.607281
160  0.607281
161  0.324464
162  0.324464
163  0.324464
164  0.324464
165  0.324464
166  0.324464
167  1.40828
168  1.40828
169  1.42881
170  1.42881
171  1.27457
172  1.27457
173  1.24288
174  1.51479
175  1.51479
176  1.51479
177  1.97638
178  1.99355
179  1.99355
180  3.25958
181  1.74513
182  1.59025
183  0.844599
184  0.90162
185  0.827607
186  0.827607
187  1.31921
188  1.60489
189  1.60489
190  1.60489
191  1.31066
192  1.29175
193  1.29175
194  1.64231
195  2.15567
196  1.55446
197  1.97434
198  1.97434
199  2.12998
200  1.82556
201  3.04681
202  3.15632
203  3.77627
204  4.36291
205  3.32781
206  2.75192
207  2.75192
208  2.75192
209  3.16015
210  2.6433
211  2.6433
212  1.65313
213  2.51134
214  1.89631
215  1.97893
216  1.56939
217  2.20504
218  1.87808
219  1.87808
220  3.2388
221  2.12268
222  2.12268
223  2.12268
224  1.41835
225  1.41835
226  1.61133
227  0.930676
228  0.930676
229  1.35209
230  1.06733
231  1.06733
232  0.719793
233  0.698755
234  0.698755
235  0.698755
236  0.698755
237  0.689014
238  0.689014
239  0.689014
240  0.689014
241  0.755353
242  0.887619
243  0.890886
244  1.23962
245  0.777618
246  0.776812
247  0.407263
248  0.407263
249  0.407263
250  1.18812
251  1.18812
252  1.18812
253  2.67491
254  3.45875
255  2.5061
256  2.0935
257  1.77967
258  2.30152
259  2.30152
260  2.30152
261  2.30152
262  2.30152
263  2.30152
264  1.72065
265  1.72065
266  1.72065
267  1.48685
268  1.48685
269  1.61208
270  1.7099
271  2.53774
272  2.07334
273  1.81017
274  1.81017
275  1.81017
276  1.81017
277  1.25178
278  1.25178
279  1.25178
280  1.25178
281  1.25178
282  1.50808
283  0.446245
284  0.446245
285  0.446245
286  0.160539
287  0.160539
288  0.160539
289  0.160539
290  0.160539
291  0.160539
292  0.415152
293  0.415152
294  0.415152
295  0.415152
296  0.526444
297  0.526444
298  0.526444
299  0.569105
300  0.569105
301  0.569105
302  0.476063
303  0.476063
304  0.433432
305  0.433432
306  1.84843
307  2.69538
308  1.94614
309  1.94614
310  1.94614
311  1.48179
312  1.48179
313  1.48179
314  1.62591
315  1.62591
316  1.38403
317  1.14891
318  1.14891
319  1.14891
320  1.40145
321  0.483455
322  0.67873
323  0.67873
324  0.67873
325  0.294641
326  0.30207
327  0.30207
328  1.04325
329  1.04325
330  0.657469
331  0.657469
332  0.657469
333  0.853749
334  0.853749
335  1.24286
336  1.24286
337  1.24286
338  2.45854
339  2.62577
340  2.62577
341  2.62577
342  1.69176
343  1.39704
344  1.23444
345  1.23444
346  0.659109
347  0.913595
348  0.913595
349  0.573458
350  0.573458
351  0.365495
352  0.365495
353  0.365495
354  0.365495
355  0.365495
356  1.57784
357  1.57784
358  1.57784
359  1.86498
360  1.63861
361  1.65783
362  1.65015
363  1.31645
364  0.722133
365  0.722133
366  2.34197
367  2.89766
368  2.89766
369  2.70977
370  2.70977
371  2.71734
372  2.94501
373  2.80103
374  2.80103
375  1.49777
376  1.49777
377  1.48244
378  1.48791
379  1.68218
380  1.68218
381  1.68218
382  1.68218
383  1.11718
384  1.11718
385  0.746094
386  0.746094
387  0.746094
388  0.746094
389  1.00528
390  1.27853
391  1.27853
392  1.28826
393  0.796145
394  0.858307
395  0.858307
396  0.858307
397  0.858307
398  0.858307
399  0.746604
400  1.04425
401  2.43801
402  2.09023
403  2.24786
404  2.00856
405  2.00856
406  1.02443
407  1.02443
408  1.12854
409  0.556129
410  0.632746
411  0.632746
412  0.632746
413  0.599059
414  1.26537
415  1.1326
416  1.1326
417  0.998106
418  1.07606
419  1.07606
420  0.629076
421  0.629076
422  0.961564
423  0.961564
424  0.961564
425  1.65522
426  1.65522
427  1.85537
428  2.23643
429  1.42499
430  1.42499
431  1.79083
432  1.79083
433  1.79083
434  2.60054
435  2.60054
436  3.01975
437  2.87045
438  2.96588
439  2.96588
440  3.57512
441  3.43744
442  3.0593
443  2.63923
444  2.2745
445  2.06164
446  2.06164
447  2.06164
448  2.16939
449  2.11341
450  2.79718
451  2.79718
452  2.67348
453  3.62682
454  2.80046
455  2.80046
456  3.77699
457  3.2043
458  3.2043
459  3.46108
460  3.46108
461  4.07391
462  3.15324
463  2.97184
464  2.97184
465  1.89055
466  1.89055
467  1.89055
468  2.64286
469  3.0116
470  3.0116
471  3.0116
472  3.99439
473  3.70784
474  3.63439
475  3.84753
476  3.84753
477  4.25914
478  3.89441
479  4.18915
480  4.22715
481  4.27482
482  4.18146
483  4.10268
484  3.6272
485  3.6272
486  3.6272
487  3.6272
488  3.6272
489  3.60424
490  3.60848
491  3.19191
492  3.02415
493  2.83738
494  1.96979
495  1.96979
496  1.96979
497  1.96979
498  1.76439
499  1.13626
500  0.751381
501  0.194596
502  0.194596
503  0.194596
504  0.194596
505  0.900354
506  0.603535
507  0.765456
508  0.664652
509  0.664652
510  1.24322
511  1.17603
512  1.17603
513  0.553158
514  0.553158
515  0.553158
516  1.15031
517  0.723186
518  0.723186
519  1.3751
520  1.3751
521  1.3751
522  1.20245
523  1.20245
524  1.20245
525  0.920815
526  1.25041
527  1.25041
528  0.840559
529  0.412597
530  0.527168
531  1.32356
532  0.486552
533  0.494972
534  0.494972
535  0.494972
536  0.494972
537  1.27077
538  1.12307
539  0.708577
540  1.10031
541  0.833637
542  0.795001
543  0.55549
544  0.55549
545  0.55549
546  2.2039
547  2.2039
548  1.25662
549  1.25662
550  1.25662
551  1.25662
552  1.25662
553  1.25662
554  1.27532
555  1.0967
556  2.27226
557  2.24855
558  2.38885
559  2.29413
560  1.53984
561  1.27002
562  1.27002
563  1.40118
564  1.25811
565  1.31789
566  1.31789
567  1.29131
568  1.29131
569  1.3374
570  1.3374
571  1.35819
572  1.02771
573  1.02771
574  0.196523
575  0.636049
576  0.636049
577  0.647343
578  0.647343
579  0.647343
580  0.358849
581  0.358849
582  0.723498
583  0.723498
584  1.36324
585  1.16126
586  1.04168
587  1.1776
588  1.28416
589  1.33398
590  1.33398
591  1.33398
592  1.27561
593  1.38079
594  2.23457
595  2.16765
596  2.16765
597  2.01591
598  2.22548
599  2.22548
600  0.716376
601  0.716376
602  0.716376
603  1.10678
604  1.08371
605  0.791691
606  0.791691
607  0.791691
608  0.791691
609  0.791691
610  0.809811
611  0.981978
612  0.894353
613  0.894353
614  0.894353
615  0.894353
616  1.24828
617  0.718873
618  0.874363
619  0.874363
620  0.874363
621  1.41248
622  1.15371
623  1.14399
624  1.14399
625  1.6952
626  1.6952
627  1.11134
628  1.15296
629  1.16467
630  1.4147
631  1.34503
632  1.34503
633  1.34625
634  1.34625
635  1.8688
636  1.58703
637  1.92248
638  1.92248
639  1.37501
640  1.37501
641  1.46016
642  1.46016
643  1.36262
644  1.36262
645  1.52006
646  2.49784
647  2.69229
648  2.13259
649  2.12355
650  2.12355
651  2.12355
652  2.12355
653  2.12355
654  2.12355
655  3.10717
656  2.80951
657  2.46342
658  3.09953
659  2.7701
660  2.7701
661  2.7701
662  2.80943
663  3.09555
664  3.44833
665  3.44833
666  2.74623
667  2.74623
668  3.17206
669  3.17206
670  2.37784
671  2.10271
672  2.52472
673  2.52472
674  2.33158
675  2.28877
676  1.59583
677  2.04911
678  1.72076
679  2.35084
680  2.35084
681  2.35084
682  3.09127
683  3.09127
684  3.12074
685  3.12074
686  4.49554
687  4.49554
688  4.59053
689  4.59053
690  4.68266
691  4.68266
692  4.6907
693  4.03868
694  3.48482
695  3.92016
696  3.92016
697  4.46841
698  4.46841
699  4.00712
700  4.00712
701  4.00712
702  3.13589
703  3.13589
704  2.7863
705  2.7863
706  2.70966
707  2.70966
708  2.70966
709  3.53194
710  3.07013
711  2.9844
712  2.9844
713  1.82163
714  1.82163
715  1.40347
716  1.40347
717  1.40347
718  1.40347
719  1.59004
720  1.59004
721  1.59004
722  1.86442
723  2.67751
724  2.49941
725  1.68528
726  1.68528
727  1.68682
728  1.59702
729  1.59702
730  1.32301
731  1.24701
732  1.1944
733  0.973342
734  0.973342
735  0.973342
736  1.15032
737  1.22514
738  1.22514
739  1.76631
740  1.20087
741  0.997384
742  1.17475
743  1.17475
744  1.17475
745  0.729446
746  0.952322
747  0.606
748  0.606
749  0.606
750  0.606
751  0.606
752  0.606
753  0.606
754  0.606
755  0.920723
756  0.693319
757  0.693319
758  0.591272
759  0.591272
760  0.591272
761  0.591272
762  0.591272
763  0.591272
764  1.59535
765  2.53454
766  3.02388
767  2.51596
768  1.71492
769  1.71492
770  2.07242
771  2.07242
772  2.07242
773  2.07242
774  1.58817
775  1.53473
776  1.53473
777  1.53473
778  1.53473
779  1.74524
780  1.50075
781  1.35904
782  1.48593
783  1.14942
784  1.45722
785  2.08388
786  1.53863
787  2.31714
788  1.78065
789  1.67576
790  1.67576
791  1.69516
792  1.69516
793  1.98176
794  1.98176
795  1.73439
796  2.03359
797  2.32051
798  2.32051
799  2.58232
800  2.06216
801  2.06216
802  2.28992
803  1.66262
804  1.66262
805  1.64924
806  1.64924
807  1.70576
808  0.857695
809  0.714206
810  0.508106
811  0.508106
812  0.508106
813  0.508106
814  1.33099
815  1.7006
816  2.34641
817  2.34641
818  2.15822
819  1.87689
820  2.16722
821  2.16722
822  2.16641
823  2.66668
824  2.35659
825  1.99738
826  2.18691
827  2.43845
828  2.43845
829  2.43845
830  2.50287
831  2.38385
832  2.38385
833  2.38385
834  2.37067
835  2.37067
836  2.37507
837  1.75645
838  1.75645
839  1.30172
840  1.30172
841  1.12883
842  0.575094
843  1.34522
844  1.34522
845  1.52505
846  2.25095
847  2.25095
848  2.05064
849  2.02954
850  2.2796
851  2.2796
852  2.1265
853  2.1265
854  1.86833
855  1.86833
856  0.67681
857  1.70748
858  2.19635
859  2.94559
860  2.70655
861  2.49664
862  2.5179
863  3.29178
864  2.82704
865  2.82704
866  3.24976
867  3.11461
868  3.52847
869  3.26488
870  3.125
871  3.125
872  3.125
873  2.56148
874  2.5227
875  3.13624
876  3.13624
877  3.13624
878  2.93171
879  2.97334
880  2.73021
881  2.73021
882  2.73021
883  2.73021
884  1.84772
885  1.84772
886  1.84772
887  1.63222
888  1.56645
889  1.56645
890  0.708036
891  0.708036
892  0.805664
893  0.583681
894  0.583681
895  0.583681
896  0.614601
897  1.31749
898  0.505836
899  0.505836
900  0.505836
901  1.05509
902  1.05509
903  1.05509
904  1.05509
905  1.05871
906  1.29083
907  1.29083
908  1.07404
909  1.07404
910  0.729167
911  1.51593
912  1.64995
913  1.82828
914  2.3773
915  2.83401
916  2.04395
917  1.8374
918  1.8374
919  1.8374
920  2.13012
921  2.7701
922  2.73467
923  2.73467
924  2.58074
925  2.58074
926  2.06963
927  0.828691
928  1.0023
929  1.63199
930  1.42695
931  1.42695
932  1.42695
933  1.3616
934  1.06862
935  0.90804
936  1.24544
937  1.08668
938  1.08668
939  0.302941
940  0.302941
941  0.302941
942  0.302941
943  0.302941
944  1.90095
945  1.90095
946  2.05848
947  1.11011
948  0.983942
949  0.983942
950  0.983942
951  0.439237
952  1.14178
953  0.903841
954  1.39877
955  1.39877
956  1.39877
957  1.39877
958  1.39877
959  1.48645
960  1.48645
961  1.48645
962  1.36012
963  1.36012
964  1.36012
965  1.36012
966  1.36012
967  1.36012
968  1.86447
969  1.86447
970  1.86447
971  1.23269
972  1.23269
973  1.23269
974  1.06317
975  1.06317
976  1.36926
977  1.36926
978  1.36926
979  1.36926
980  1.36926
981  1.83321
982  2.46942
983  2.46942
984  2.46942
985  2.52731
986  1.47671
987  1.47671
988  1.68961
989  1.68961
990  1.68961
991  1.68961
992  1.55376
993  1.55376
994  0.431725
995  1.36923
996  2.09453
997  2.0597
998  2.0597
999  1.60905
1000  1.60905
