2  1.5116  0.0212131
3  1.53181  0.0236306
4  1.51002  0.0274609
5  1.48593  0.0321364
6  1.4705  0.0304415
7  1.46469  0.026376
8  1.46781  0.0230554
9  1.45432  0.0244
10  1.43965  0.0262993
11  1.42344  0.0287885
12  1.40361  0.0329186
13  1.41492  0.0323219
14  1.41962  0.0302916
15  1.41508  0.0285634
16  1.43428  0.032906
17  1.44128  0.0316906
18  1.44081  0.0298819
19  1.43593  0.0286831
20  1.44026  0.0275537
21  1.4297  0.028255
22  1.4289  0.0269522
23  1.42013  0.027204
24  1.41794  0.0261381
25  1.42468  0.0259604
26  1.43336  0.0264104
27  1.43954  0.0261539
28  1.43315  0.0260007
29  1.44722  0.0287642
30  1.45916  0.0302456
31  1.45536  0.0294994
32  1.45399  0.0285956
33  1.44851  0.0282511
34  1.45411  0.0279742
35  1.46271  0.0284918
36  1.45804  0.02808
37  1.45619  0.0273732
38  1.46087  0.0270513
39  1.46106  0.0263493
40  1.46981  0.0271317
41  1.47117  0.0264967
42  1.47196  0.0258702
43  1.47828  0.0260391
44  1.47991  0.0254928
45  1.47766  0.0250213
46  1.47875  0.0244956
47  1.48004  0.0240032
48  1.48206  0.0235851
49  1.48203  0.0230987
50  1.48141  0.0226406
51  1.48566  0.0225954
52  1.48704  0.0221996
53  1.48866  0.0218363
54  1.48791  0.0214412
55  1.48837  0.0210528
56  1.48778  0.0206817
57  1.49366  0.0211498
58  1.49894  0.0214421
59  1.50279  0.0214245
60  1.49839  0.0215201
61  1.50153  0.0213964
62  1.49943  0.0211535
63  1.49883  0.0208236
64  1.49684  0.0205918
65  1.49642  0.0202768
66  1.49839  0.0200632
67  1.49513  0.0200281
68  1.4968  0.0198021
69  1.49536  0.0195664
70  1.49113  0.0197425
71  1.49631  0.0201404
72  1.49362  0.0200409
73  1.49271  0.0197851
74  1.48841  0.0199842
75  1.49122  0.0199148
76  1.49111  0.0196513
77  1.49088  0.0193958
78  1.49217  0.019189
79  1.49129  0.0189649
80  1.48975  0.01879
81  1.49315  0.0188666
82  1.49457  0.0186889
83  1.49444  0.0184629
84  1.49296  0.0183016
85  1.48987  0.0183468
86  1.4911  0.0181736
87  1.49146  0.0179671
88  1.49172  0.0177636
89  1.49175  0.0175629
90  1.49439  0.0175669
91  1.49371  0.017386
92  1.49307  0.017208
93  1.49648  0.0173598
94  1.49699  0.0171816
95  1.49872  0.0170879
96  1.50037  0.0169894
97  1.5016  0.0168581
98  1.50247  0.0167077
99  1.5012  0.0165866
100  1.50042  0.0164383
101  1.50101  0.0162851
102  1.50118  0.0161256
103  1.50187  0.0159833
104  1.50236  0.0158366
105  1.5051  0.0159214
106  1.50458  0.0157791
107  1.50384  0.0156485
108  1.50307  0.0155218
109  1.50549  0.0155684
110  1.5031  0.0156102
111  1.50085  0.0156322
112  1.50059  0.0154942
113  1.49919  0.0154204
114  1.49704  0.0154342
115  1.49881  0.0154008
116  1.49909  0.0152701
117  1.49966  0.0151497
118  1.50089  0.0150707
119  1.49943  0.0150146
120  1.49795  0.0149623
121  1.49752  0.0148444
122  1.49938  0.0148397
123  1.49846  0.0147474
124  1.49915  0.0146443
125  1.49844  0.0145437
126  1.49723  0.0144786
127  1.49727  0.0143642
128  1.49575  0.0143326
129  1.4943  0.0142947
130  1.49592  0.014277
131  1.49205  0.0146865
132  1.49338  0.014635
133  1.49142  0.0146568
134  1.49379  0.0147399
135  1.49437  0.0146417
136  1.49346  0.0145618
137  1.49205  0.0145237
138  1.49063  0.0144881
139  1.49231  0.0144816
140  1.49339  0.014418
141  1.49355  0.0143163
142  1.49278  0.0142361
143  1.49271  0.0141364
144  1.49175  0.0140703
145  1.49269  0.0140044
146  1.494  0.0139694
147  1.49373  0.0138768
148  1.49169  0.0139328
149  1.49057  0.0138841
150  1.4906  0.0137913
151  1.48994  0.0137155
152  1.48952  0.0136314
153  1.49043  0.0135724
154  1.48995  0.0134926
155  1.48938  0.0134175
156  1.48951  0.0133319
157  1.48885  0.0132631
158  1.48918  0.013183
159  1.49108  0.0132367
160  1.49326  0.0133327
161  1.49249  0.0132718
162  1.49256  0.0131898
163  1.49103  0.0131971
164  1.49299  0.0132616
165  1.49356  0.0131931
166  1.494  0.0131208
167  1.49393  0.0130422
168  1.4933  0.0129794
169  1.49264  0.0129194
170  1.49259  0.0128433
171  1.49265  0.0127681
172  1.49237  0.0126969
173  1.49272  0.0126282
174  1.49272  0.0125554
175  1.49548  0.0127859
176  1.49548  0.0127131
177  1.49608  0.0126551
178  1.4947  0.0126589
179  1.49536  0.0126055
180  1.49635  0.0125743
181  1.49624  0.0125052
182  1.49673  0.0124458
183  1.4955  0.0124385
184  1.49538  0.0123713
185  1.49613  0.0123273
186  1.49765  0.0123541
187  1.49719  0.0122964
188  1.49684  0.0122358
189  1.4977  0.0122012
190  1.49867  0.0121756
191  1.49824  0.0121194
192  1.49799  0.0120588
193  1.49658  0.0120781
194  1.49503  0.0121157
195  1.49512  0.0120538
196  1.49417  0.0120297
197  1.49244  0.0120929
198  1.49086  0.0121352
199  1.49015  0.0120952
200  1.49039  0.0120371
