2  1.78406  0.0534627
3  1.69209  0.0970128
4  1.69118  0.0686044
5  1.70893  0.0560257
6  1.65734  0.0689448
7  1.63851  0.0612363
8  1.63035  0.053657
9  1.61913  0.0486323
10  1.59708  0.0487692
11  1.59945  0.0441771
12  1.59869  0.0403352
13  1.58106  0.0410779
14  1.59251  0.0397178
15  1.5988  0.0375059
16  1.58677  0.0370893
17  1.57784  0.0359656
18  1.5714  0.0345142
19  1.55012  0.0389703
20  1.5421  0.0378299
21  1.54595  0.0361888
22  1.5459  0.0345047
23  1.54538  0.0329745
24  1.53371  0.0336568
25  1.52386  0.0337535
26  1.51971  0.0326929
27  1.50912  0.0331931
28  1.50699  0.0320571
29  1.49904  0.0319371
30  1.50381  0.0312214
31  1.50916  0.0306677
32  1.51996  0.031597
33  1.51864  0.0306529
34  1.51841  0.0297385
35  1.5116  0.0296687
36  1.52008  0.0300524
37  1.5113  0.0305185
38  1.50869  0.0298194
39  1.50564  0.0292038
40  1.50893  0.0286533
41  1.51393  0.0283895
42  1.52925  0.0316617
43  1.53435  0.0313341
44  1.53496  0.0306198
45  1.52985  0.0303645
46  1.52813  0.0297473
47  1.52565  0.0292127
48  1.52499  0.0286051
49  1.52827  0.0282061
50  1.52493  0.0278378
51  1.53603  0.0294589
52  1.53431  0.0289381
53  1.54325  0.0297623
54  1.53977  0.0294122
55  1.53759  0.0289551
56  1.53547  0.0285124
57  1.53568  0.0280085
58  1.53601  0.0275234
59  1.53479  0.0270806
60  1.53285  0.0266957
61  1.52897  0.0265394
62  1.52847  0.0261127
63  1.52659  0.0257637
64  1.52299  0.0256123
65  1.5178  0.0257423
66  1.521  0.0255498
67  1.51831  0.0253092
68  1.5182  0.0249345
69  1.5257  0.0256925
70  1.52222  0.0255614
71  1.52138  0.0252129
72  1.51881  0.024992
73  1.5188  0.0246473
74  1.52235  0.0245684
75  1.52312  0.0242509
76  1.52087  0.0240353
77  1.51652  0.024116
78  1.51776  0.023837
79  1.51745  0.0235354
80  1.52129  0.0235543
81  1.52127  0.0232617
82  1.52058  0.0229867
83  1.51589  0.0231874
84  1.51371  0.0230123
85  1.52293  0.0245345
86  1.52421  0.0242813
87  1.52488  0.0240102
88  1.52538  0.0237409
89  1.52499  0.0234759
90  1.52811  0.0234229
91  1.52733  0.0231772
92  1.52993  0.0230707
93  1.53256  0.0229724
94  1.53777  0.0233163
95  1.53732  0.023074
96  1.53519  0.0229315
97  1.53438  0.0227081
98  1.53411  0.0224769
99  1.5383  0.02264
100  1.53795  0.0224152
101  1.53541  0.0223369
102  1.5343  0.0221445
103  1.53612  0.0220032
104  1.5352  0.0218099
105  1.53873  0.0218877
106  1.53642  0.0218033
107  1.53596  0.0216033
108  1.53714  0.0214346
109  1.54004  0.0214346
110  1.53872  0.0212797
111  1.53882  0.0210874
112  1.54154  0.0210739
113  1.54068  0.0209043
114  1.54023  0.0207249
115  1.54112  0.0205632
116  1.54143  0.0203876
117  1.54162  0.0202134
118  1.5442  0.0202074
119  1.54289  0.0200799
120  1.54111  0.0199913
121  1.54003  0.0198548
122  1.54068  0.0197022
123  1.54091  0.0195427
124  1.54272  0.0194685
125  1.54159  0.0193454
126  1.54078  0.0192082
127  1.5384  0.0192042
128  1.53814  0.0190554
129  1.53636  0.0189902
130  1.53688  0.0188507
131  1.53611  0.0187223
132  1.53744  0.0186278
133  1.53616  0.0185314
134  1.53589  0.0183946
135  1.5354  0.0182645
136  1.53522  0.0181306
137  1.53485  0.0180015
138  1.53319  0.0179478
139  1.53334  0.0178188
140  1.53268  0.0177034
141  1.53267  0.0175774
142  1.53314  0.0174594
143  1.53189  0.0173818
144  1.52971  0.0173969
145  1.53061  0.0172996
146  1.52962  0.0172091
147  1.52926  0.0170955
148  1.53416  0.0176728
149  1.53489  0.0175689
150  1.53426  0.0174628
151  1.5349  0.0173587
152  1.53373  0.017284
153  1.53576  0.0172905
154  1.53468  0.017212
155  1.53443  0.0171024
156  1.53345  0.0170211
157  1.53512  0.016995
158  1.53431  0.0169063
159  1.5336  0.0168148
160  1.53185  0.0168006
161  1.53237  0.016704
162  1.53177  0.0166114
163  1.53275  0.0165386
164  1.53265  0.0164377
165  1.53142  0.0163843
166  1.53022  0.0163294
167  1.53001  0.0162326
168  1.53109  0.0161715
169  1.53171  0.0160875
170  1.53059  0.0160318
171  1.53218  0.0160169
172  1.53196  0.015925
173  1.53084  0.0158722
174  1.52953  0.0158344
175  1.52785  0.0158332
176  1.52815  0.0157459
177  1.52859  0.0156628
178  1.52914  0.0155841
179  1.53  0.0155205
180  1.529  0.0154658
181  1.53059  0.0154613
182  1.53104  0.0153828
183  1.52953  0.0153724
184  1.52857  0.0153191
185  1.52857  0.0152361
186  1.53079  0.0153156
187  1.52948  0.0152898
188  1.52833  0.0152514
189  1.52909  0.0151893
190  1.52864  0.0151159
191  1.52781  0.0150593
192  1.52746  0.0149848
193  1.52756  0.0149073
194  1.52612  0.0148999
195  1.52661  0.0148314
196  1.52555  0.0147935
197  1.52765  0.0148674
198  1.52746  0.0147934
199  1.52586  0.0148056
200  1.52813  0.0149044
