2  5.6007  0.649721
3  5.6971  0.387305
4  5.61902  0.28478
5  5.66553  0.22544
6  5.56706  0.208755
7  5.41282  0.234343
8  5.40823  0.202999
9  5.41642  0.179216
10  5.31634  0.188975
11  5.31839  0.170947
12  5.3098  0.156288
13  5.29603  0.144423
14  5.3129  0.134769
15  5.30293  0.125859
16  5.28874  0.118582
17  5.32646  0.117601
18  5.29368  0.11562
19  5.23743  0.122982
20  5.23835  0.116674
21  5.27556  0.11705
22  5.28357  0.111891
23  5.25092  0.11179
24  5.22804  0.109449
25  5.20205  0.10815
26  5.18282  0.105672
27  5.1565  0.105032
28  5.16388  0.101481
29  5.1589  0.0980454
30  5.14441  0.0958221
31  5.13892  0.0928421
32  5.14507  0.0901039
33  5.17217  0.0914383
34  5.15816  0.0898074
35  5.1436  0.0884099
36  5.145  0.0859304
37  5.1138  0.0892124
38  5.10565  0.0872147
39  5.09844  0.0852539
40  5.11381  0.0845048
41  5.13639  0.0854544
42  5.15647  0.0857793
43  5.15265  0.0838477
44  5.15491  0.0819511
45  5.15073  0.0802183
46  5.13719  0.0796154
47  5.15182  0.0792655
48  5.1433  0.0780634
49  5.12909  0.0777625
50  5.11834  0.0769463
51  5.12875  0.076137
52  5.13304  0.0747818
53  5.15308  0.0760445
54  5.14915  0.074726
55  5.14927  0.0733549
56  5.14037  0.0725803
57  5.14135  0.0713023
58  5.1393  0.0700924
59  5.13475  0.0690441
60  5.12279  0.0689292
61  5.11499  0.0682371
62  5.11984  0.0673025
63  5.12018  0.0662264
64  5.11438  0.065441
65  5.10052  0.0658994
66  5.09418  0.0652024
67  5.09261  0.0642412
68  5.08653  0.0635808
69  5.09243  0.0629301
70  5.08298  0.0627401
71  5.08109  0.061879
72  5.08173  0.061017
73  5.08405  0.06022
74  5.10237  0.06216
75  5.1023  0.0613257
76  5.09821  0.0606517
77  5.08821  0.0606878
78  5.08635  0.0599336
79  5.08563  0.0591745
80  5.09199  0.0587756
81  5.09774  0.0583297
82  5.09585  0.0576449
83  5.08977  0.0572703
84  5.08765  0.0566242
85  5.0988  0.0570541
86  5.10858  0.0572288
87  5.10229  0.0569158
88  5.10818  0.0565728
89  5.10599  0.0559763
90  5.10993  0.0554912
91  5.0999  0.0557878
92  5.09699  0.0552545
93  5.09056  0.0550344
94  5.08401  0.0548378
95  5.08481  0.0542634
96  5.08479  0.0536952
97  5.08229  0.0531973
98  5.07582  0.0530482
99  5.08317  0.0530212
100  5.08417  0.0524979
101  5.07876  0.0522562
102  5.07298  0.0520628
103  5.07048  0.0516156
104  5.06641  0.0512785
105  5.06648  0.0507879
106  5.05817  0.0509885
107  5.05478  0.0506233
108  5.04988  0.0503911
109  5.05489  0.0501767
110  5.05188  0.0498095
111  5.05673  0.0495963
112  5.06051  0.0492965
113  5.05381  0.0493146
114  5.05724  0.0489996
115  5.05464  0.048641
116  5.05751  0.0483054
117  5.05531  0.0479414
118  5.05999  0.0477636
119  5.05994  0.0473605
120  5.05376  0.0473691
121  5.04984  0.0471396
122  5.04934  0.0467543
123  5.04877  0.0463761
124  5.04893  0.0460008
125  5.04472  0.0458255
126  5.044  0.0454659
127  5.0431  0.0451155
128  5.04211  0.0447726
129  5.04014  0.0444678
130  5.03944  0.04413
131  5.03866  0.0437988
132  5.03972  0.0434786
133  5.03503  0.0434045
134  5.0369  0.0431198
135  5.03221  0.0430552
136  5.03152  0.042743
137  5.0317  0.0424303
138  5.02869  0.0422298
139  5.02922  0.0419283
140  5.03046  0.0416462
141  5.03141  0.0413607
142  5.02842  0.0411772
143  5.02941  0.0409002
144  5.02782  0.0406463
145  5.02998  0.0404226
146  5.0276  0.0402154
147  5.02952  0.0399874
148  5.03821  0.0406556
149  5.04186  0.0405465
150  5.04115  0.0402817
151  5.04094  0.0400146
152  5.04023  0.0397567
153  5.03972  0.0394994
154  5.04276  0.0393599
155  5.04033  0.0391804
156  5.03654  0.0391129
157  5.03802  0.0388912
158  5.04168  0.0388176
159  5.0379  0.0387573
160  5.0355  0.0385891
161  5.03993  0.038603
162  5.03514  0.0386614
163  5.03781  0.038516
164  5.03384  0.0384854
165  5.03224  0.0382849
166  5.02976  0.0381341
167  5.02914  0.0379102
168  5.03332  0.0379156
169  5.03399  0.0376964
170  5.03184  0.0375353
171  5.03472  0.0374255
172  5.03165  0.0373335
173  5.03094  0.0371238
174  5.03071  0.0369106
175  5.02477  0.0371758
176  5.0232  0.0369973
177  5.02498  0.0368307
178  5.02528  0.0366243
179  5.02966  0.0366816
180  5.0284  0.0364989
181  5.02955  0.0363149
182  5.03001  0.0361178
183  5.03046  0.0359227
184  5.02789  0.0358195
185  5.02621  0.035665
186  5.02829  0.0355337
187  5.02784  0.035346
188  5.02687  0.0351707
189  5.02958  0.035089
190  5.03157  0.0349605
191  5.02852  0.0349109
192  5.02778  0.0347364
193  5.02663  0.0345753
194  5.02366  0.0345247
195  5.02479  0.0343661
196  5.02084  0.0344184
197  5.02177  0.034256
198  5.02251  0.0340905
199  5.02046  0.0339806
200  5.02153  0.0338273
