2  5.27364  0.126064
3  5.16448  0.131205
4  5.17778  0.0937245
5  5.05898  0.139222
6  5.08638  0.116929
7  4.99892  0.131962
8  4.98014  0.115815
9  4.96144  0.103838
10  4.92662  0.0991883
11  4.89894  0.0938913
12  4.88086  0.0875976
13  4.87731  0.0806562
14  4.86858  0.0751818
15  4.86235  0.0702666
16  4.8525  0.0664633
17  4.84001  0.0636676
18  4.82856  0.0611085
19  4.85018  0.0617123
20  4.85885  0.0591839
21  4.85146  0.0567777
22  4.85472  0.0542337
23  4.83868  0.0542501
24  4.83482  0.0520836
25  4.81732  0.0529322
26  4.83165  0.0528348
27  4.8373  0.0511537
28  4.82991  0.0498443
29  4.83819  0.0488034
30  4.83802  0.0471489
31  4.8306  0.0462019
32  4.82608  0.0449626
33  4.83281  0.0440955
34  4.87302  0.0587099
35  4.89067  0.0596769
36  4.89285  0.0580366
37  4.89163  0.0564594
38  4.88357  0.0555417
39  4.87898  0.0542935
40  4.90257  0.0579419
41  4.89268  0.0573705
42  4.89921  0.0563676
43  4.92283  0.0598944
44  4.93501  0.0597722
45  4.91751  0.0609936
46  4.92259  0.0598684
47  4.92894  0.058924
48  4.91769  0.0587688
49  4.92185  0.0577066
50  4.94021  0.0594465
51  4.94453  0.0584296
52  4.94661  0.0573326
53  4.94504  0.0562624
54  4.9422  0.0552837
55  4.93991  0.0543173
56  4.93356  0.0537155
57  4.93684  0.0528666
58  4.95554  0.0552095
59  4.96544  0.0551614
60  4.95465  0.0552968
61  4.95206  0.0544444
62  4.95472  0.0536253
63  4.95988  0.0530182
64  4.95355  0.0525653
65  4.95634  0.0518255
66  4.95042  0.0513763
67  4.94815  0.0506546
68  4.9498  0.0499312
69  4.94873  0.0492138
70  4.94514  0.0486385
71  4.93709  0.0486188
72  4.93195  0.0482142
73  4.93083  0.0475622
74  4.9257  0.0471947
75  4.91815  0.0471703
76  4.92007  0.0465851
77  4.921  0.0459855
78  4.91776  0.0455074
79  4.91608  0.0449589
80  4.91818  0.0444429
81  4.92718  0.0448045
82  4.92861  0.0442776
83  4.92628  0.0438027
84  4.92594  0.0432794
85  4.92174  0.0429724
86  4.92288  0.0424849
87  4.92534  0.0420656
88  4.92898  0.0417437
89  4.93209  0.0413891
90  4.93548  0.041067
91  4.94254  0.0412217
92  4.94067  0.040814
93  4.94747  0.0409421
94  4.94764  0.0405045
95  4.94917  0.040105
96  4.94642  0.0397798
97  4.95069  0.039598
98  4.95334  0.0392816
99  4.9488  0.0391468
100  4.94583  0.0388668
101  4.94498  0.0384895
102  4.95034  0.0384844
103  4.9527  0.0381821
104  4.94872  0.0380217
105  4.95309  0.0379109
106  4.95499  0.0375994
107  4.95029  0.0375414
108  4.94693  0.0373439
109  4.95717  0.038392
110  4.95588  0.0380634
111  4.95145  0.0379783
112  4.94858  0.0377473
113  4.95149  0.0375248
114  4.95181  0.0371956
115  4.96193  0.0382353
116  4.96385  0.0379529
117  4.96166  0.0376909
118  4.95804  0.0375453
119  4.95395  0.037452
120  4.95461  0.0371445
121  4.95072  0.0370409
122  4.95937  0.0377396
123  4.9574  0.037483
124  4.9598  0.0372564
125  4.96438  0.0372406
126  4.96146  0.0370596
127  4.96197  0.0367702
128  4.96139  0.0364864
129  4.95414  0.0369223
130  4.95801  0.0368408
131  4.95473  0.0367052
132  4.95714  0.0365059
133  4.9507  0.0367988
134  4.9541  0.0366817
135  4.96073  0.0370073
136  4.96602  0.0371133
137  4.96846  0.0369222
138  4.96705  0.036681
139  4.97066  0.0365949
140  4.96949  0.0363516
141  4.96635  0.0362288
142  4.96579  0.0359771
143  4.96802  0.0357938
144  4.96613  0.0355943
145  4.96677  0.0353537
146  4.97131  0.0354032
147  4.96983  0.0351927
148  4.96676  0.0350886
149  4.96294  0.0350611
150  4.96347  0.0348307
151  4.9641  0.034605
152  4.96127  0.0344928
153  4.96125  0.0342666
154  4.95688  0.0343228
155  4.95521  0.0341412
156  4.96017  0.0342824
157  4.95844  0.0341076
158  4.96186  0.0340631
159  4.96169  0.0338486
160  4.96347  0.0336831
161  4.95925  0.0337372
162  4.95743  0.0335779
163  4.95607  0.0333991
164  4.95714  0.033212
165  4.95822  0.0330279
166  4.96194  0.0330386
167  4.96228  0.0328419
168  4.96194  0.0326476
169  4.95896  0.0325903
170  4.96141  0.0324906
171  4.96087  0.0323046
172  4.96478  0.0323532
173  4.96277  0.0322282
174  4.96577  0.0321826
175  4.96905  0.0321651
176  4.97251  0.0321688
177  4.9734  0.0319989
178  4.9724  0.0318344
179  4.97864  0.0322653
180  4.97902  0.0320878
181  4.97493  0.0321707
182  4.97672  0.0320437
183  4.97571  0.0318843
184  4.97625  0.0317152
185  4.98011  0.031778
186  4.98153  0.0316386
187  4.98262  0.0314878
188  4.98107  0.0313577
189  4.98315  0.0312607
190  4.9854  0.0311765
191  4.98372  0.031058
192  4.9852  0.0309312
193  4.98261  0.0308798
194  4.98097  0.0307637
195  4.97796  0.0307537
196  4.97636  0.0306384
197  4.97144  0.0308757
198  4.96766  0.0309517
199  4.96874  0.0308148
200  4.968  0.0306693
