0.793784
0.772452
0.73664
0.687475
0.626609
0.556622
0.481108
0.404674
0.332601
0.270232
0.222094
0.191078
0.177929
0.181205
0.197769
0.223528
0.254168
0.285745
0.315073
0.339923
0.359048
0.372109
0.379553
0.382401
0.38208
0.380113
0.377948
0.376748
0.377276
0.379926
0.384763
0.391574
0.399967
0.409394
0.41919
0.428565
0.436647
0.442667
0.446032
0.446425
0.443876
0.43876
0.431722
0.42355
0.415073
0.406987
0.399783
0.393734
0.388908
0.385276
0.382728
0.381148
0.38046
0.38061
0.381583
0.383373
0.385932
0.389205
0.39318
0.397863
0.403296
0.409427
0.416109
0.423037
0.429782
0.43589
0.440971
0.444738
0.44712
0.448261
0.448484
0.448187
0.447779
0.447656
0.448059
0.449077
0.450538
0.452125
0.453425
0.453985
0.45337
0.451314
0.44779
0.44295
0.43711
0.430651
0.423905
0.417069
0.410181
0.403168
0.395895
0.388295
0.38039
0.372325
0.36435
0.356782
0.349938
0.34412
0.339541
0.336375
0.334679
0.334364
0.33526
0.337168
0.339953
0.343662
0.348544
0.355033
0.363611
0.374598
0.388009
0.403508
0.420344
0.437462
0.453658
0.467718
0.478601
0.485586
0.488298
0.486851
0.481734
0.473716
0.463772
0.452925
0.442123
0.432111
0.423358
0.415997
0.409852
0.404516
0.399521
0.394533
0.389496
0.384613
0.380356
0.377361
0.376301
0.377732
0.381981
0.389046
0.398639
0.410153
0.422744
0.435398
0.447087
0.456907
0.464217
0.468668
0.470158
0.46871
0.46439
0.457233
0.447341
0.434988
0.420778
0.405696
0.390991
0.377901
0.367518
0.360588
0.357406
0.357856
0.361404
0.367204
0.374278
0.381586
0.38817
0.393307
0.396578
0.397938
0.397614
0.396045
0.393767
0.39131
0.389163
0.387727
0.387314
0.388237
0.390773
0.395097
0.40125
0.409077
0.418179
0.427934
0.437543
0.446197
0.453131
0.457734
0.459623
0.458504
0.45418
0.446555
0.435639
0.421696
0.405367
0.387732
0.370252
0.354738
0.343093
0.336927
0.337176
0.343831
0.355895
0.371662
0.389138
0.406435
0.422071
0.435063
0.444906
0.451524
0.455101
0.456071
0.455062
0.452797
0.45006
0.44752
0.445688
0.44473
0.444539
0.44474
0.444822
0.444285
0.442807
0.440307
0.436869
0.432727
0.428094
0.423054
0.417571
0.411572
0.405035
0.398033
0.390797
0.383627
0.3769
0.37099
0.366235
0.362828
0.360821
0.360167
0.360757
0.362436
0.365099
0.368642
0.372992
0.378022
0.383607
0.389568
0.395651
0.401588
0.407098
0.411862
0.415655
0.418332
0.419899
0.420516
0.420435
0.42
0.419614
0.419639
0.420363
0.42193
0.424323
0.427337
0.430579
0.433591
0.435888
0.437034
0.436717
0.434804
0.431269
0.42618
0.419724
0.4122
0.403999
0.395572
0.387473
0.380327
0.374759
0.371311
0.370298
0.371766
0.375476
0.380953
0.387573
0.394766
0.402049
0.409087
0.415621
0.421457
0.426432
0.430423
0.433398
0.435452
0.436822
0.43782
0.438731
0.439801
0.441072
0.442359
0.443325
0.443492
0.442371
0.439547
0.434743
0.427911
0.419323
0.40954
0.399336
0.389647
0.381356
0.375162
0.371448
0.370293
0.371413
0.374331
0.378454
0.383165
0.387905
0.392216
0.395762
0.398432
0.400337
0.401804
0.403244
0.405117
0.407723
0.411183
0.415308
0.419637
0.423644
0.426796
0.428715
0.429181
0.428137
0.425801
0.422562
0.419004
0.415771
0.413529
0.412728
0.413584
0.415956
0.419385
0.42312
0.42631
0.428223
0.428397
0.426781
0.423699
0.419789
0.415765
0.412242
0.409517
0.407525
0.406012
0.404637
0.403105
0.401233
0.398965
0.396328
0.393469
0.390596
0.387984
0.385923
0.384664
0.38439
0.385137
0.386867
0.389429
0.392647
0.396381
0.400489
0.404875
0.409442
0.414075
0.418581
0.422737
0.42627
0.428946
0.430615
0.4312
0.430741
0.429388
0.427371
0.424936
0.422269
0.419476
0.416612
0.413649
0.410632
0.407668
0.405014
0.402958
0.401687
0.401245
0.401419
0.401784
0.401824
0.401026
0.399039
0.395766
0.391457
0.386708
0.382322
0.379262
0.378385
0.380253
0.384875
0.391711
0.399746
0.407844
0.414931
0.420258
0.423492
0.424686
0.424241
0.4228
0.421126
0.419906
0.419608
0.420375
0.422055
0.424252
0.426487
0.428346
0.429515
0.429843
0.429313
0.42798
0.425923
0.423274
0.420263
0.41719
0.414363
0.412015
0.410228
0.408901
0.40775
0.406417
0.404569
0.401989
0.398613
0.394539
0.389933
0.385065
0.380254
0.375943
0.372717
0.371197
0.371939
0.375217
0.380847
0.388165
0.396222
0.403964
0.410514
0.415301
0.41812
0.419174
0.418981
0.418237
0.417677
0.417943
0.419443
0.422268
0.426215
0.430825
0.435512
0.43959
0.442395
0.443478
0.44262
0.43981
0.435302
0.429505
0.422911
0.415988
0.40914
0.402685
0.396867
0.391867
0.387835
0.384862
0.383014
0.382319
0.38276
0.384223
0.386486
0.389228
0.392077
0.394725
0.396967
0.398744
0.400203
0.401616
0.403351
0.405714
0.408883
0.412859
0.417457
0.422366
0.427197
0.431579
0.435181
0.437674
0.438799
0.438335
0.436125
0.432142
0.426461
0.41931
0.411069
0.40225
0.393514
0.385639
0.379417
0.375537
0.374471
0.376284
0.380604
0.38663
0.393293
0.399541
0.404514
0.407612
0.408587
0.40747
0.404503
0.400065
0.394689
0.38904
0.383896
0.380151
0.378606
0.379812
0.383987
0.390988
0.400324
0.411255
0.422865
0.434134
0.444028
0.451711
0.456649
0.458656
0.457881
0.454734
0.449865
0.443948
0.437671
0.431645
0.426346
0.422152
0.4193
0.417845
0.417638
0.418311
0.419331
0.420147
0.420315
0.419597
0.418054
0.41597
0.41373
0.411686
0.410084
0.408962
0.408118
0.407119
0.405427
0.402551
0.398236
0.392582
0.386026
0.379175
0.372706
0.367251
0.363322
0.361302
0.3615
0.364066
0.368998
0.376032
0.384713
0.394439
0.404494
0.414188
0.422951
0.430349
0.436097
0.440088
0.442353
0.443048
0.442411
0.440761
0.438387
0.435509
0.4323
0.42885
0.425214
0.421452
0.417678
0.414118
0.411091
0.408859
0.407608
0.407267
0.407598
0.408276
0.408984
0.409497
0.409724
0.409762
0.409797
0.410005
0.410595
0.41172
0.413431
0.41571
0.418485
0.421571
0.424701
0.427548
0.429717
0.43083
0.430573
0.428691
0.425048
0.419682
0.412877
0.405112
0.397016
0.389309
0.382724
0.377863
0.375097
0.374519
0.375914
0.378857
0.38276
0.387019
0.391112
0.394652
0.39736
0.399068
0.399714
0.399402
0.398405
0.397111
0.396021
0.395604
0.396244
0.398167
0.401416
0.405864
0.411309
0.417552
0.424356
0.431477
0.438652
0.445497
0.451591
0.456431
0.459567
0.460674
0.45962
0.456493
0.451587
0.445377
0.438368
0.431035
0.423758
0.416713
0.409932
0.403341
0.396849
0.390383
0.383984
0.377859
0.372409
0.368181
0.365645
0.365216
0.367114
0.371276
0.37737
0.38482
0.392954
0.401086
0.408622
0.415164
0.42042
0.424189
0.426362
0.42681
0.425468
0.422355
0.417715
0.412015
0.405905
0.400072
0.3952
0.391805
0.390233
0.39058
0.392784
0.396566
0.401539
0.407172
0.412859
0.417941
0.421788
0.42398
0.424282
0.422766
0.419771
0.415831
0.411608
0.407797
0.405009
0.403653
0.403786
0.405161
0.407325
0.409742
0.411898
0.413431
0.414182
0.414209
0.413725
0.413032
0.412479
0.412328
0.412684
0.413525
0.414733
0.41615
0.417643
0.419096
0.420416
0.421529
0.422313
0.42264
0.422284
0.421022
0.418707
0.415316
0.410983
0.406052
0.40109
0.396789
0.393834
0.392771
0.393835
0.396923
0.401705
0.40767
0.414247
0.420931
0.427163
0.432388
0.436047
0.437674
0.43697
0.433939
0.428879
0.422303
0.414883
0.407316
0.400206
0.39405
0.389157
0.385707
0.383716
0.383064
0.383614
0.385215
0.387701
0.390918
0.394615
0.398422
0.401905
0.404666
0.406375
0.406852
0.406031
0.403973
0.400957
0.397418
0.39399
0.391421
0.3904
0.391441
0.394779
0.400371
0.407909
0.416866
0.426627
0.436565
0.446056
0.454519
0.461407
0.466264
0.468693
0.468392
0.465224
0.459221
0.450598
0.439861
0.4277
0.415044
0.40296
0.392538
0.384752
0.380298
0.379424
0.38192
0.387157
0.394213
0.402023
0.409475
0.415531
0.419301
0.420138
0.417665
0.411892
0.403205
0.392402
0.380602
0.369078
0.359083
0.351633
0.347369
0.346471
0.34879
0.353924
0.361387
0.370686
0.381346
0.392902
0.404895
0.416868
0.428317
0.438776
0.447802
0.45496
0.45992
0.462493
0.462578
0.46014
0.455268
0.448163
0.439133
0.428687
0.417486
0.406296
0.396013
0.387517
0.381567
0.378701
0.379129
0.382716
0.388967
0.397093
0.406127
0.415031
0.422781
0.428494
0.431524
0.431479
0.428322
0.422327
0.414152
0.404888
0.395871
0.388632
0.384524
0.384423
0.388491
0.396161
0.40624
0.41728
0.427774
0.436418
0.442231
0.444632
0.443477
0.439076
0.432118
0.423529
0.414382
0.40567
0.398158
0.392268
0.388079
0.385388
0.383761
0.382803
0.382179
0.381788
0.381812
0.382644
0.384846
0.388922
0.395022
0.40287
0.411774
0.420773
0.428834
0.435097
0.438933
0.440031
0.438423
0.434419
0.428569
0.421557
0.414212
0.407317
0.40156
0.397439
0.395264
0.395095
0.3968
0.40007
0.404425
0.409253
0.413859
0.41751
0.419589
0.419711
0.417776
0.413987
0.408846
0.403024
0.397204
0.392009
0.387962
0.385455
0.384836
0.386381
0.39026
0.396363
0.40437
0.413669
0.423426
0.432722
0.44071
0.446721
0.450456
0.451917
0.451267
0.448665
0.444177
0.437787
0.429627
0.420163
0.410252
0.400999
0.393516
0.388703
0.387112
0.388853
0.393569
0.400483
0.408531
0.416554
0.423472
0.428435
0.430881
0.430589
0.427654
0.422416
0.415423
0.407342
0.398914
0.390961
0.384275
0.379553
0.37729
0.377663
0.380458
0.385112
0.390836
0.396828
0.402485
0.407486
0.411812
0.41569
0.419399
0.423109
0.426804
0.43029
0.433274
0.435427
0.436543
0.43654
0.435494
0.433548
0.430792
0.791897
0.774571
0.74861
0.715129
0.676202
0.634863
0.594887
0.560032
0.533185
0.515662
0.50717
0.506221
0.510717
0.518606
0.528092
0.537695
0.546271
0.553086
0.557826
0.560618
0.561947
0.562479
0.562886
0.563869
0.566099
0.570108
0.576183
0.584177
0.593492
0.603332
0.612939
0.621672
0.629003
0.6345
0.637848
0.638986
0.638181
0.636078
0.633457
0.631125
0.629669
0.629458
0.630574
0.632836
0.63567
0.638162
0.639105
0.637236
0.631481
0.621378
0.607252
0.590201
0.571893
0.554192
0.538818
0.527194
0.520363
0.518987
0.523189
0.532407
0.545347
0.560158
0.57495
0.588254
0.59939
0.608524
0.616351
0.623852
0.631866
0.640936
0.651111
0.661827
0.671977
0.680182
0.685101
0.685858
0.682191
0.674516
0.663742
0.651132
0.638174
0.62644
0.617351
0.611819
0.610026
0.611271
0.614157
0.617047
0.618612
0.618159
0.615711
0.611721
0.606603
0.600476
0.593177
0.584466
0.574297
0.563066
0.551572
0.54083
0.531911
0.525782
0.523109
0.524207
0.529003
0.537061
0.547598
0.559525
0.571687
0.583075
0.593071
0.601572
0.608868
0.61554
0.622161
0.629065
0.636252
0.643434
0.650046
0.65541
0.658765
0.659406
0.656816
0.650697
0.641182
0.628801
0.614503
0.599597
0.58554
0.573777
0.565685
0.562308
0.564114
0.570755
0.581081
0.593464
0.606196
0.617846
0.627393
0.634209
0.637995
0.638682
0.636411
0.631517
0.624548
0.616361
0.608024
0.600704
0.595459
0.593026
0.593687
0.597271
0.603232
0.610903
0.619657
0.629023
0.638515
0.647487
0.655055
0.660107
0.661656
0.659138
0.652628
0.642806
0.630744
0.617629
0.604519
0.592148
0.580984
0.571324
0.563333
0.557005
0.552243
0.548882
0.546794
0.545985
0.546501
0.548355
0.551403
0.555364
0.559878
0.56466
0.569558
0.574626
0.580061
0.586157
0.593229
0.60152
0.611066
0.621613
0.632491
0.642794
0.651521
0.657852
0.661263
0.661742
0.659701
0.655862
0.651042
0.645929
0.640939
0.636256
0.631728
0.626929
0.621342
0.614474
0.606042
0.596124
0.58513
0.573714
0.56253
0.552159
0.543085
0.535652
0.530144
0.526759
0.525601
0.526559
0.529255
0.533162
0.537755
0.542723
0.548103
0.554259
0.561799
0.571315
0.583067
0.596842
0.611912
0.627141
0.641289
0.65323
0.662227
0.668018
0.670782
0.671003
0.669236
0.665939
0.661346
0.655513
0.64842
0.640149
0.631043
0.621806
0.613447
0.606979
0.603151
0.602146
0.603507
0.606256
0.60914
0.61099
0.610913
0.6084
0.603383
0.596282
0.587958
0.579612
0.572627
0.568133
0.566691
0.568274
0.572329
0.578042
0.584677
0.591654
0.598689
0.60558
0.612113
0.617933
0.622487
0.625113
0.625169
0.622168
0.615886
0.60645
0.594391
0.580601
0.566233
0.552667
0.541272
0.53339
0.530191
0.532591
0.540926
0.554837
0.573143
0.593988
0.615158
0.634496
0.650329
0.661668
0.668301
0.670676
0.669621
0.66613
0.661113
0.655292
0.649151
0.642976
0.636873
0.630926
0.625317
0.620291
0.616157
0.613221
0.611706
0.611557
0.612517
0.614201
0.616187
0.618121
0.619808
0.621108
0.621863
0.621764
0.620221
0.616369
0.609336
0.598612
0.584356
0.567529
0.549898
0.533768
0.521532
0.51517
0.515844
0.523627
0.53749
0.555522
0.575359
0.594637
0.61138
0.624262
0.632684
0.636675
0.636796
0.633853
0.62868
0.622211
0.615393
0.609222
0.604695
0.602654
0.603459
0.60688
0.612104
0.617967
0.623328
0.627364
0.629619
0.629915
0.628289
0.624921
0.620183
0.614647
0.609047
0.60415
0.60062
0.598892
0.599063
0.600934
0.604115
0.608065
0.612169
0.615708
0.617951
0.618213
0.61601
0.611258
0.604331
0.596073
0.587619
0.580118
0.574559
0.571706
0.57208
0.575964
0.583332
0.593745
0.606303
0.61976
0.632632
0.643322
0.650355
0.652568
0.649299
0.640516
0.626909
0.609815
0.591144
0.573036
0.557558
0.546445
0.540709
0.540549
0.545336
0.553772
0.56425
0.575109
0.585041
0.593276
0.599559
0.603978
0.606669
0.60774
0.60726
0.605552
0.603217
0.601089
0.600048
0.600781
0.60354
0.60801
0.613401
0.61857
0.622362
0.623967
0.62319
0.620398
0.616469
0.612502
0.609496
0.60809
0.608565
0.610977
0.615231
0.621117
0.628209
0.635724
0.642616
0.647735
0.650171
0.649403
0.645453
0.638766
0.630232
0.620962
0.612054
0.604396
0.598487
0.594339
0.591649
0.589916
0.588611
0.587329
0.585835
0.584234
0.582853
0.582073
0.582183
0.583297
0.585391
0.588369
0.592214
0.596905
0.602267
0.607828
0.61292
0.616842
0.618863
0.618441
0.61529
0.609448
0.601278
0.591464
0.580822
0.570154
0.560147
0.551357
0.544332
0.539652
0.5379
0.539567
0.544811
0.553426
0.564808
0.578048
0.592057
0.605677
0.617809
0.627505
0.634048
0.637119
0.636822
0.633725
0.62892
0.623665
0.619142
0.616196
0.615145
0.615771
0.61756
0.619955
0.622466
0.624822
0.626891
0.628624
0.630053
0.63132
0.63259
0.63407
0.635946
0.638233
0.64059
0.642299
0.642382
0.639825
0.633853
0.624209
0.611337
0.596398
0.581093
0.567161
0.556009
0.548382
0.544347
0.543497
0.545154
0.548556
0.553106
0.558399
0.564358
0.571137
0.579026
0.588243
0.598813
0.610417
0.62241
0.633969
0.644085
0.651747
0.65607
0.656317
0.652108
0.643704
0.632046
0.618724
0.605587
0.594266
0.58574
0.580144
0.577053
0.57583
0.575867
0.576712
0.578068
0.579638
0.581088
0.582145
0.582594
0.582493
0.582061
0.581545
0.581133
0.580816
0.580407
0.579663
0.578504
0.577213
0.576537
0.577665
0.581927
0.59038
0.603221
0.619498
0.637396
0.654681
0.669385
0.680124
0.686251
0.687839
0.685448
0.679947
0.672264
0.663269
0.653664
0.643995
0.634676
0.626089
0.618595
0.612454
0.60768
0.603992
0.600943
0.597907
0.594336
0.589849
0.584233
0.577536
0.570077
0.562419
0.555304
0.549497
0.545575
0.543845
0.544297
0.546678
0.550669
0.556026
0.562811
0.571395
0.582226
0.595254
0.609579
0.623694
0.635907
0.644945
0.650056
0.651003
0.647956
0.641361
0.631887
0.620463
0.608319
0.596832
0.587371
0.58109
0.578688
0.580264
0.585335
0.592944
0.601732
0.610216
0.616963
0.620783
0.620909
0.617101
0.609692
0.599478
0.587631
0.57561
0.565046
0.55752
0.554363
0.556377
0.563671
0.575524
0.590567
0.60705
0.623214
0.63758
0.649086
0.657056
0.661091
0.660993
0.656693
0.648299
0.636128
0.620833
0.60358
0.586096
0.570534
0.559188
0.554019
0.556118
0.565287
0.579913
0.597263
0.614159
0.627829
0.636461
0.639551
0.637679
0.63218
0.624646
0.616481
0.608555
0.600976
0.593365
0.585303
0.576873
0.56879
0.562163
0.558069
0.557157
0.559514
0.564691
0.571947
0.580454
0.589422
0.598026
0.605654
0.611831
0.616221
0.618641
0.618942
0.617106
0.613263
0.60776
0.601167
0.594261
0.587984
0.58337
0.581572
0.583714
0.590652
0.602475
0.618148
0.635559
0.652111
0.665398
0.673798
0.676729
0.674529
0.668241
0.659208
0.64866
0.637487
0.626173
0.61502
0.604341
0.594344
0.58504
0.57603
0.566796
0.557011
0.546849
0.537092
0.529133
0.524837
0.526049
0.53385
0.548056
0.567135
0.588785
0.610605
0.630573
0.64718
0.659419
0.666701
0.668891
0.66607
0.658518
0.646653
0.631137
0.612948
0.593406
0.574186
0.557177
0.544182
0.536507
0.534782
0.538881
0.54812
0.561622
0.57852
0.59792
0.618776
0.639722
0.659018
0.674919
0.685993
0.69147
0.691143
0.685223
0.674338
0.659428
0.641924
0.623638
0.606486
0.592103
0.581501
0.57505
0.572497
0.573292
0.576849
0.582755
0.590694
0.600283
0.610913
0.621649
0.631319
0.638681
0.642662
0.642506
0.637934
0.629115
0.616682
0.601738
0.585827
0.570799
0.558625
0.550932
0.548659
0.551929
0.560105
0.572081
0.586538
0.602199
0.617852
0.632373
0.644702
0.653795
0.658825
0.659307
0.655121
0.646431
0.633735
0.617811
0.599675
0.580537
0.561868
0.545223
0.532059
0.523487
0.520095
0.521933
0.528658
0.539587
0.553872
0.570358
0.587523
0.603502
0.61632
0.624294
0.62637
0.622374
0.613064
0.600029
0.585455
0.571582
0.560178
0.552271
0.548192
0.547945
0.551449
0.558599
0.569128
0.582573
0.598295
0.615509
0.633356
0.650846
0.666868
0.68019
0.689626
0.694184
0.693263
0.68679
0.675335
0.659984
0.64218
0.623511
0.605529
0.589634
0.576986
0.568439
0.56454
0.56548
0.571009
0.580389
0.592385
0.605277
0.617032
0.62551
0.628881
0.626129
0.61728
0.603495
0.586852
0.570041
0.555872
0.54682
0.544477
0.549146
0.559829
0.57462
0.591411
0.608384
0.62424
0.638142
0.649575
0.658256
0.664051
0.666851
0.666585
0.663136
0.656264
0.645727
0.631339
0.613258
0.592191
0.569572
0.547622
0.529084
0.516662
0.512291
0.516457
0.528008
0.544686
0.563811
0.583063
0.600797
0.615932
0.627865
0.636353
0.641491
0.643687
0.643689
0.64236
0.640418
0.638218
0.635788
0.632948
0.629479
0.625298
0.620667
0.616203
0.612671
0.610802
0.611004
0.613369
0.61772
0.623625
0.630487
0.637474
0.643507
0.647443
0.648254
0.645368
0.638687
0.628606
0.615857
0.601353
0.58597
0.570505
0.555772
0.542628
0.53212
0.525559
0.524427
0.530008
0.542866
0.56243
0.586908
0.613641
0.639657
0.662306
0.679616
0.690378
0.694041
0.690586
0.680453
0.664577
0.644466
0.622196
0.600229
0.581056
0.566661
0.558113
0.555389
0.557724
0.56387
0.572465
0.582162
0.591773
0.600219
0.606585
0.610183
0.610502
0.607394
0.601133
0.592583
0.583171
0.574699
0.568831
0.566567
0.567951
0.572067
0.577419
0.582433
0.585937
0.587333
0.586569
0.583905
0.5797
0.574405
0.568588
0.563133
0.559247
0.558293
0.561418
0.569149
0.581076
0.595976
0.612124
0.627771
0.641507
0.652549
0.660803
0.666604
0.670525
0.673026
0.674197
0.673798
0.671425
0.666704
0.659476
0.649972
0.786504
0.768203
0.746909
0.723911
0.700496
0.677874
0.657063
0.638921
0.624082
0.612918
0.605578
0.602036
0.602164
0.605764
0.612529
0.621972
0.633353
0.645724
0.657994
0.669219
0.678759
0.6864
0.692192
0.696389
0.699154
0.700475
0.700144
0.697877
0.693541
0.687308
0.679935
0.672661
0.666994
0.663918
0.663249
0.6637
0.663521
0.661347
0.656856
0.650785
0.644611
0.63966
0.636368
0.634323
0.632955
0.632106
0.632344
0.634751
0.640552
0.650585
0.664808
0.682093
0.70047
0.717687
0.731771
0.741314
0.745555
0.744487
0.73886
0.729934
0.719224
0.708174
0.697824
0.688751
0.681132
0.674945
0.670092
0.666532
0.664196
0.662934
0.662475
0.662498
0.662696
0.662992
0.663512
0.664562
0.666603
0.670067
0.675155
0.681653
0.688878
0.695988
0.701984
0.705879
0.70688
0.704623
0.699468
0.692717
0.686307
0.682201
0.681633
0.68459
0.689982
0.696232
0.701983
0.706416
0.708968
0.709088
0.706233
0.699889
0.689941
0.676998
0.662568
0.64877
0.637807
0.631323
0.62991
0.633062
0.639648
0.648478
0.658665
0.669795
0.68148
0.693208
0.704139
0.713154
0.719211
0.721498
0.719707
0.714103
0.705534
0.69527
0.684895
0.676079
0.670306
0.668442
0.67049
0.675515
0.68185
0.687582
0.690904
0.690688
0.6868
0.680154
0.672484
0.665756
0.661527
0.660392
0.66213
0.666021
0.671274
0.677303
0.683649
0.689804
0.69513
0.699012
0.700928
0.700402
0.697009
0.690699
0.682198
0.673148
0.665747
0.662013
0.663198
0.669356
0.679589
0.692456
0.706395
0.719936
0.731788
0.740751
0.745768
0.746128
0.741728
0.733115
0.721369
0.707838
0.693925
0.680938
0.670047
0.662247
0.658302
0.658527
0.662716
0.670069
0.679159
0.688254
0.695599
0.699865
0.700342
0.696963
0.690032
0.679947
0.667123
0.652096
0.635622
0.618766
0.602974
0.589936
0.581447
0.579185
0.584371
0.597457
0.617783
0.643522
0.671939
0.699898
0.724508
0.74364
0.756295
0.762964
0.765515
0.766469
0.76767
0.769333
0.770091
0.767932
0.761335
0.749836
0.73412
0.715735
0.696844
0.679811
0.666861
0.659572
0.658533
0.663007
0.671024
0.68004
0.687638
0.692234
0.693348
0.691464
0.687494
0.682264
0.676137
0.669052
0.660896
0.651849
0.642719
0.634807
0.629576
0.628044
0.630346
0.635764
0.643152
0.651389
0.659735
0.667718
0.675105
0.681585
0.68681
0.690464
0.692563
0.693542
0.694341
0.696275
0.700495
0.707536
0.716914
0.727174
0.736302
0.74235
0.743803
0.739837
0.730359
0.71611
0.69879
0.680971
0.665469
0.65425
0.647736
0.645018
0.64478
0.646145
0.648939
0.653314
0.659199
0.666124
0.673261
0.679669
0.684526
0.687193
0.687385
0.685242
0.68135
0.676622
0.672058
0.668492
0.66656
0.666694
0.669065
0.673546
0.679802
0.687265
0.695147
0.702545
0.70863
0.712801
0.714869
0.715026
0.713645
0.711205
0.708076
0.704556
0.700884
0.697218
0.693644
0.690053
0.686205
0.681701
0.676095
0.669012
0.660327
0.650309
0.639658
0.629411
0.620813
0.61507
0.613187
0.615876
0.623579
0.636339
0.653672
0.674392
0.696606
0.717914
0.73586
0.748335
0.753962
0.752229
0.74362
0.729595
0.712596
0.69574
0.682289
0.674706
0.673811
0.678492
0.686371
0.694637
0.700899
0.703708
0.702778
0.69909
0.694532
0.691246
0.690711
0.693129
0.697496
0.702312
0.706141
0.70792
0.707035
0.703273
0.696729
0.68768
0.676535
0.663969
0.651097
0.639532
0.631129
0.627553
0.629657
0.637242
0.649067
0.663189
0.677577
0.690605
0.701237
0.708979
0.713696
0.715488
0.714538
0.711267
0.706301
0.70045
0.694476
0.688934
0.684075
0.679776
0.675683
0.671326
0.666389
0.66084
0.65494
0.649279
0.644694
0.642345
0.643461
0.648931
0.658932
0.672659
0.688388
0.703786
0.716419
0.724059
0.724997
0.718271
0.703981
0.683471
0.659366
0.635125
0.614255
0.599514
0.592451
0.593436
0.602002
0.616973
0.636673
0.659131
0.682424
0.704964
0.725708
0.744113
0.75996
0.773151
0.783587
0.791152
0.795579
0.796477
0.79328
0.7854
0.772442
0.754513
0.732329
0.707319
0.681462
0.657033
0.636175
0.620494
0.610659
0.606432
0.606967
0.611218
0.618124
0.626713
0.636102
0.645477
0.654088
0.661115
0.665701
0.667225
0.665603
0.661413
0.655741
0.650038
0.645782
0.644309
0.646579
0.653017
0.663482
0.67722
0.693011
0.709415
0.724789
0.737605
0.746589
0.750952
0.750498
0.745688
0.737451
0.727178
0.716373
0.706456
0.698504
0.693014
0.689915
0.68862
0.688296
0.688146
0.687552
0.686109
0.683461
0.679158
0.672763
0.663999
0.653112
0.640989
0.629193
0.619763
0.614679
0.615249
0.621677
0.633063
0.647814
0.664429
0.681834
0.699363
0.716478
0.732387
0.746112
0.756657
0.763294
0.765714
0.76392
0.758156
0.748783
0.736298
0.72144
0.705212
0.688694
0.672877
0.658479
0.645769
0.634484
0.624032
0.61378
0.603461
0.593471
0.584864
0.579315
0.578773
0.584802
0.597772
0.616551
0.638955
0.662514
0.685093
0.705089
0.721466
0.733657
0.741596
0.745611
0.74647
0.745206
0.742866
0.740251
0.73774
0.735185
0.732224
0.728395
0.723429
0.71743
0.710812
0.704266
0.698585
0.694479
0.692517
0.692873
0.695157
0.69842
0.701306
0.702433
0.70065
0.695256
0.686177
0.674036
0.660115
0.646052
0.633593
0.624164
0.618581
0.616862
0.618166
0.621272
0.625074
0.629033
0.633286
0.638463
0.645197
0.653726
0.663611
0.673836
0.683113
0.690329
0.694811
0.696428
0.695626
0.693123
0.689729
0.6861
0.682623
0.679458
0.676567
0.67399
0.67197
0.671088
0.672094
0.675773
0.682435
0.691549
0.701586
0.710409
0.716005
0.717191
0.713968
0.707319
0.698737
0.689781
0.68162
0.675
0.670248
0.667573
0.66718
0.669271
0.673953
0.680982
0.689786
0.699402
0.708731
0.716758
0.722747
0.726312
0.727465
0.726366
0.723292
0.718563
0.712527
0.705744
0.699057
0.693491
0.690004
0.689115
0.690576
0.693303
0.695746
0.696249
0.693383
0.685989
0.673358
0.655616
0.634297
0.612628
0.595129
0.585983
0.586977
0.596735
0.611838
0.628702
0.644819
0.659003
0.671129
0.681695
0.691349
0.700538
0.709445
0.717908
0.725479
0.731278
0.734273
0.733804
0.729873
0.72317
0.714718
0.705486
0.696244
0.687585
0.680009
0.673929
0.669532
0.66685
0.665725
0.665905
0.667132
0.669176
0.671952
0.67548
0.679765
0.684718
0.689993
0.69495
0.698758
0.700673
0.700348
0.698165
0.695357
0.693641
0.694295
0.697372
0.70165
0.705399
0.707152
0.706238
0.702781
0.697561
0.691742
0.686537
0.682762
0.680642
0.679878
0.679867
0.680056
0.680247
0.680767
0.68228
0.685496
0.690636
0.697116
0.703653
0.708784
0.7114
0.710991
0.707657
0.701942
0.694562
0.686106
0.677061
0.667744
0.658398
0.64916
0.640199
0.631736
0.624099
0.617699
0.613046
0.610655
0.610908
0.61382
0.619085
0.626054
0.63402
0.64249
0.651315
0.660694
0.671084
0.683066
0.697132
0.713359
0.731098
0.748825
0.764559
0.776388
0.782889
0.783293
0.777495
0.765915
0.749454
0.729318
0.706934
0.683856
0.66178
0.642424
0.627466
0.618209
0.615325
0.618736
0.627523
0.640134
0.6547
0.669236
0.681811
0.690722
0.694708
0.693305
0.687189
0.678194
0.668604
0.660239
0.653921
0.649863
0.648409
0.650244
0.655945
0.665334
0.677333
0.690377
0.70297
0.714133
0.723628
0.731776
0.739071
0.74571
0.751312
0.75487
0.755003
0.750266
0.739589
0.722711
0.700511
0.675051
0.649527
0.627702
0.613243
0.608764
0.614765
0.629271
0.648814
0.669826
0.689489
0.705798
0.717478
0.723918
0.72512
0.721708
0.714827
0.706011
0.696972
0.689224
0.683743
0.680684
0.679341
0.678508
0.676973
0.674045
0.669795
0.664919
0.660465
0.657542
0.657025
0.659575
0.665558
0.674952
0.687201
0.70104
0.714668
0.726027
0.733314
0.735418
0.732156
0.72426
0.713264
0.701013
0.689219
0.679096
0.671098
0.664932
0.659891
0.655166
0.650209
0.644973
0.639874
0.635447
0.632033
0.629726
0.628566
0.628661
0.630405
0.634163
0.640055
0.647685
0.656168
0.664252
0.670674
0.674475
0.675211
0.673215
0.669494
0.665524
0.663012
0.663314
0.666966
0.673557
0.681919
0.690784
0.699282
0.706979
0.7137
0.719282
0.723469
0.726011
0.726722
0.725596
0.722954
0.71941
0.715824
0.713046
0.711653
0.711556
0.712028
0.711885
0.709814
0.704767
0.696226
0.684494
0.670624
0.65642
0.644067
0.635599
0.632421
0.63486
0.642193
0.652955
0.665429
0.67804
0.689665
0.699663
0.707806
0.714053
0.718392
0.720705
0.720816
0.718607
0.714315
0.708529
0.702014
0.695403
0.689086
0.682991
0.676652
0.669488
0.661157
0.651742
0.641797
0.632396
0.624821
0.62034
0.619739
0.62316
0.630216
0.640355
0.65313
0.668093
0.684584
0.701394
0.71682
0.728973
0.736239
0.737499
0.732419
0.721354
0.705535
0.687204
0.669634
0.656705
0.651964
0.657415
0.672597
0.694706
0.719522
0.742727
0.760854
0.771768
0.774673
0.770038
0.759367
0.744893
0.729175
0.714643
0.70309
0.695357
0.691356
0.690247
0.69083
0.691835
0.69209
0.690641
0.686782
0.680094
0.670341
0.657523
0.642008
0.624715
0.607168
0.591385
0.579488
0.573194
0.573326
0.579555
0.590619
0.604819
0.620401
0.635974
0.650583
0.663631
0.674845
0.684147
0.691618
0.697486
0.70213
0.706019
0.709694
0.713628
0.718073
0.723061
0.728306
0.733377
0.737801
0.741167
0.743152
0.743386
0.741499
0.737218
0.730596
0.721933
0.711817
0.700931
0.689903
0.679041
0.668387
0.657878
0.647569
0.637875
0.629621
0.62381
0.621257
0.622367
0.626954
0.634324
0.64364
0.654094
0.665012
0.675876
0.686252
0.695626
0.703494
0.709307
0.712556
0.712938
0.710433
0.705451
0.69887
0.692008
0.686304
0.682967
0.682582
0.684884
0.688861
0.693186
0.802388
0.801399
0.797841
0.793253
0.788813
0.784841
0.780831
0.776047
0.770042
0.762916
0.755306
0.74817
0.74255
0.739343
0.739039
0.741472
0.74568
0.750043
0.752728
0.752213
0.747766
0.739565
0.728481
0.715637
0.70214
0.689266
0.6789
0.673655
0.676029
0.687019
0.705142
0.727008
0.748772
0.76727
0.780342
0.786804
0.786142
0.778508
0.764737
0.746379
0.725619
0.704991
0.68706
0.674145
0.667727
0.668092
0.674239
0.684337
0.696333
0.708554
0.719929
0.7299
0.738127
0.744338
0.748247
0.749745
0.749016
0.746667
0.743617
0.740922
0.739501
0.739959
0.742408
0.746604
0.752101
0.758288
0.764581
0.770357
0.775073
0.778423
0.780427
0.781448
0.781869
0.781993
0.782032
0.782352
0.78341
0.785802
0.789881
0.795433
0.801461
0.806155
0.807265
0.802715
0.791133
0.772497
0.748211
0.720828
0.693411
0.668782
0.649084
0.63552
0.62835
0.627015
0.630521
0.637611
0.647007
0.657528
0.668359
0.679261
0.690405
0.702035
0.713996
0.725565
0.735692
0.743433
0.748114
0.749363
0.747172
0.742018
0.734931
0.727401
0.721215
0.718087
0.71933
0.725532
0.736338
0.750493
0.766141
0.781236
0.793958
0.803015
0.807757
0.808049
0.804314
0.797382
0.78833
0.778158
0.767708
0.757508
0.747949
0.739424
0.732231
0.726472
0.72216
0.719282
0.718028
0.718724
0.721758
0.727318
0.735101
0.744142
0.752931
0.759926
0.763937
0.764611
0.762412
0.758232
0.752862
0.746907
0.740922
0.735543
0.731562
0.729846
0.731012
0.735137
0.741537
0.748685
0.754569
0.757129
0.754876
0.747274
0.734861
0.719123
0.702057
0.685761
0.672058
0.662427
0.658029
0.659721
0.668013
0.682765
0.703017
0.726875
0.751727
0.774715
0.793219
0.805228
0.809605
0.806151
0.795583
0.779485
0.76014
0.740204
0.722206
0.708234
0.699504
0.696321
0.698321
0.704727
0.714469
0.726342
0.739214
0.752095
0.763913
0.773291
0.778662
0.778793
0.773544
0.764231
0.753225
0.74297
0.735221
0.730749
0.729628
0.731559
0.736134
0.742902
0.751292
0.760557
0.769762
0.777998
0.784623
0.789364
0.792099
0.792677
0.79069
0.78553
0.776606
0.763542
0.746479
0.726033
0.70337
0.680127
0.658307
0.640242
0.628203
0.624075
0.629028
0.643148
0.665362
0.693496
0.724538
0.755104
0.782108
0.80325
0.817319
0.824279
0.825039
0.821089
0.814103
0.80564
0.79681
0.788178
0.779754
0.771156
0.76178
0.751047
0.738617
0.724496
0.709125
0.69347
0.678955
0.667199
0.659652
0.65718
0.659895
0.667163
0.677862
0.690501
0.703401
0.714754
0.72278
0.726055
0.723826
0.716429
0.705399
0.693425
0.683721
0.679135
0.681391
0.690727
0.706159
0.726017
0.748387
0.771382
0.793159
0.811979
0.826351
0.835168
0.837962
0.834946
0.826865
0.814811
0.800145
0.784289
0.768598
0.754176
0.74168
0.731343
0.723061
0.716704
0.71233
0.710325
0.711338
0.715847
0.723815
0.734392
0.745985
0.756641
0.764533
0.768322
0.767217
0.761035
0.750307
0.736142
0.720184
0.704229
0.689887
0.678355
0.670157
0.665308
0.663596
0.664811
0.668821
0.675329
0.68374
0.693149
0.702653
0.711604
0.719753
0.727266
0.734433
0.741533
0.748526
0.755079
0.760658
0.764737
0.766881
0.766909
0.764941
0.761337
0.756551
0.75095
0.744677
0.737693
0.729968
0.72185
0.714145
0.707899
0.70412
0.703398
0.705853
0.711091
0.718372
0.726491
0.733985
0.739599
0.742805
0.744086
0.7449
0.747203
0.752699
0.762212
0.775343
0.790456
0.805122
0.816656
0.822692
0.82176
0.813542
0.798897
0.779739
0.758669
0.738709
0.722857
0.713552
0.712083
0.717793
0.728121
0.739659
0.749426
0.755847
0.758881
0.75954
0.759229
0.759185
0.76001
0.761644
0.763505
0.764718
0.764447
0.762039
0.757289
0.750423
0.742204
0.733623
0.725701
0.719114
0.713875
0.709475
0.705321
0.701268
0.697974
0.696655
0.698164
0.701944
0.705951
0.707744
0.705871
0.700552
0.693407
0.686752
0.682638
0.682244
0.685584
0.691715
0.699173
0.706463
0.71248
0.716616
0.718717
0.718924
0.717608
0.715331
0.712876
0.711222
0.711443
0.714467
0.720756
0.730171
0.742018
0.755209
0.768606
0.781078
0.791507
0.798799
0.801816
0.79964
0.791793
0.77856
0.761155
0.741559
0.722173
0.705322
0.692836
0.686036
0.685792
0.692466
0.705893
0.725261
0.748891
0.774325
0.79872
0.819265
0.833506
0.839618
0.836692
0.824692
0.804687
0.778678
0.74921
0.718723
0.689267
0.662775
0.641331
0.626945
0.621064
0.623926
0.634278
0.649788
0.667606
0.685244
0.700957
0.713883
0.72388
0.731247
0.736782
0.741476
0.746285
0.751626
0.757208
0.762061
0.764995
0.765159
0.762473
0.757539
0.751386
0.745097
0.739763
0.736444
0.73604
0.738826
0.744254
0.751161
0.758141
0.763982
0.767924
0.769911
0.770474
0.770487
0.770732
0.771674
0.773468
0.776117
0.779531
0.783504
0.787512
0.790735
0.791967
0.789875
0.783289
0.771722
0.755612
0.736626
0.717538
0.701797
0.69248
0.691158
0.697226
0.708247
0.72117
0.733573
0.74418
0.752807
0.759756
0.765278
0.769325
0.771703
0.772263
0.771157
0.768878
0.766031
0.763024
0.75983
0.756046
0.751233
0.745142
0.737964
0.730229
0.722426
0.714835
0.707661
0.701179
0.69587
0.692245
0.690747
0.691574
0.694656
0.699644
0.706008
0.713227
0.720824
0.728461
0.735794
0.742264
0.747121
0.749462
0.748769
0.745036
0.738908
0.731584
0.724632
0.719607
0.71764
0.719123
0.723477
0.729504
0.735811
0.74126
0.745167
0.74732
0.747869
0.747222
0.74594
0.744642
0.743987
0.744499
0.746276
0.748691
0.75059
0.750855
0.748878
0.744733
0.738931
0.732143
0.725015
0.718013
0.711398
0.705382
0.700576
0.698148
0.699595
0.705904
0.716919
0.731367
0.747399
0.763122
0.77701
0.788035
0.795605
0.799417
0.799534
0.796321
0.790489
0.783098
0.775469
0.76884
0.764086
0.76151
0.76091
0.761822
0.763705
0.76627
0.769431
0.773096
0.77692
0.780037
0.781023
0.77812
0.769826
0.755531
0.736161
0.714173
0.692861
0.67515
0.66272
0.655929
0.654321
0.657263
0.664111
0.674023
0.685818
0.697977
0.70884
0.716883
0.721069
0.721245
0.718428
0.71466
0.712398
0.713585
0.718976
0.728007
0.739194
0.750898
0.762014
0.772105
0.781329
0.790021
0.798124
0.804951
0.809345
0.810187
0.806967
0.799989
0.790134
0.778472
0.76597
0.753428
0.741677
0.731623
0.724102
0.71969
0.718418
0.719853
0.723197
0.727333
0.730969
0.732932
0.732701
0.730699
0.728181
0.726667
0.727301
0.730389
0.735211
0.740374
0.744319
0.745913
0.744799
0.741492
0.737019
0.732529
0.729014
0.727246
0.727857
0.731175
0.73719
0.745308
0.754364
0.762801
0.768919
0.7712
0.768597
0.760715
0.747847
0.73097
0.711703
0.692232
0.675058
0.662555
0.656432
0.65734
0.66486
0.677809
0.694693
0.713941
0.734042
0.753536
0.771276
0.786475
0.798864
0.80845
0.815418
0.819818
0.821533
0.820508
0.816753
0.810437
0.801782
0.790957
0.778102
0.763625
0.748375
0.733556
0.720495
0.710455
0.704213
0.701852
0.702678
0.705535
0.709295
0.713457
0.718312
0.724616
0.732846
0.742741
0.753437
0.763771
0.772553
0.778617
0.780901
0.778695
0.772013
0.761649
0.749185
0.736606
0.725767
0.717787
0.712745
0.7099
0.708182
0.706732
0.705085
0.703171
0.701236
0.699842
0.699848
0.702333
0.708276
0.717833
0.730134
0.743165
0.75429
0.761146
0.762198
0.757211
0.746973
0.733083
0.7176
0.702885
0.691418
0.685254
0.685482
0.691736
0.702332
0.71498
0.72747
0.73818
0.746127
0.750882
0.752505
0.751467
0.748681
0.745213
0.742056
0.739846
0.738663
0.737984
0.736901
0.734576
0.730706
0.725857
0.721421
0.719145
0.720303
0.72519
0.733126
0.742735
0.752601
0.761631
0.769241
0.775364
0.7803
0.784611
0.788706
0.79278
0.796746
0.800203
0.802616
0.803431
0.80219
0.79868
0.793079
0.78587
0.777604
0.768636
0.758922
0.748201
0.73635
0.723736
0.711559
0.701526
0.695334
0.693897
0.696871
0.702789
0.709658
0.715704
0.719884
0.72186
0.72185
0.720265
0.717567
0.714244
0.710812
0.707706
0.705266
0.703774
0.703618
0.705295
0.709262
0.715675
0.724297
0.734522
0.74561
0.756815
0.767387
0.776465
0.783016
0.785877
0.784039
0.777029
0.765074
0.749222
0.731201
0.713248
0.697686
0.686503
0.680772
0.680311
0.683897
0.689952
0.697161
0.70484
0.712854
0.721495
0.731169
0.742147
0.754324
0.767148
0.779713
0.790992
0.800138
0.806623
0.810179
0.810829
0.808764
0.804326
0.798031
0.790457
0.782136
0.773341
0.764057
0.754214
0.744031
0.734086
0.72526
0.718215
0.713184
0.709922
0.708003
0.707108
0.706976
0.707353
0.707836
0.707815
0.70656
0.703314
0.697416
0.688668
0.677632
0.665749
0.655046
0.647792
0.645899
0.650419
0.661305
0.677297
0.696282
0.715816
0.733719
0.74848
0.759539
0.767221
0.772354
0.775824
0.778192
0.779568
0.779843
0.778824
0.776505
0.773155
0.769197
0.765164
0.761479
0.758358
0.7559
0.754372
0.754226
0.756185
0.760898
0.768451
0.777873
0.787107
0.79363
0.795192
0.790471
0.779179
0.762058
0.740755
0.717515
0.694898
0.675375
0.661129
0.653815
0.654362
0.662681
0.677574
0.696842
0.717778
0.73775
0.754657
0.767217
0.774973
0.778031
0.776986
0.77274
0.766326
0.758782
0.751036
0.743702
0.737033
0.731085
0.725901
0.721817
0.719504
0.71963
0.722575
0.728275
0.736187
0.745303
0.754204
0.761269
0.764995
0.764362
0.75921
0.75034
0.739562
0.729257
0.721559
0.717554
0.717018
0.718986
0.722574
0.72721
0.732697
0.739044
0.746332
0.754565
0.763174
0.770896
0.776067
0.777
0.772858
0.764103
0.752591
0.741066
0.732128
0.72718
0.726197
0.728174
0.731649
0.735057
0.737146
0.737369
0.736115
0.734604
0.734542
0.802337
0.806283
0.810683
0.813509
0.812767
0.80729
0.797206
0.783939
0.770048
0.758679
0.752569
0.752828
0.758243
0.765771
0.772163
0.77557
0.776007
0.774852
0.773903
0.774422
0.776529
0.779369
0.781585
0.781956
0.779801
0.775248
0.769161
0.762727
0.756919
0.752225
0.748673
0.745915
0.743406
0.740569
0.73685
0.732156
0.727275
0.724071
0.72496
0.731734
0.744379
0.760954
0.77851
0.79422
0.806113
0.813289
0.815726
0.81393
0.808785
0.801298
0.79251
0.783491
0.77533
0.769111
0.765759
0.765776
0.768896
0.774109
0.779956
0.784902
0.787728
0.787693
0.784581
0.778745
0.771051
0.762762
0.755274
0.74983
0.747267
0.747963
0.751935
0.759021
0.768778
0.780329
0.79202
0.801674
0.80717
0.80699
0.800693
0.788906
0.773198
0.755955
0.740211
0.729517
0.727289
0.735283
0.752091
0.773322
0.793381
0.807576
0.813198
0.80981
0.799007
0.784047
0.769252
0.758924
0.75585
0.760323
0.770546
0.784051
0.798664
0.812717
0.825065
0.834956
0.842016
0.846167
0.847532
0.846301
0.842616
0.836447
0.827636
0.816054
0.801828
0.785428
0.767831
0.750377
0.734555
0.72173
0.712962
0.708692
0.708569
0.711555
0.716108
0.720715
0.724218
0.726092
0.726492
0.725989
0.725338
0.725204
0.726053
0.728232
0.73191
0.737414
0.745212
0.755755
0.769109
0.784527
0.800329
0.814096
0.823261
0.825783
0.820743
0.808924
0.792882
0.776358
0.763014
0.755204
0.753498
0.756923
0.763624
0.771589
0.779246
0.785838
0.791328
0.79606
0.800253
0.803812
0.806562
0.808535
0.809896
0.810726
0.810846
0.809881
0.807444
0.803128
0.796354
0.786481
0.773061
0.756522
0.738596
0.722051
0.709835
0.703828
0.704174
0.709362
0.717074
0.725212
0.732584
0.738896
0.744574
0.750287
0.756496
0.763374
0.770772
0.778349
0.785661
0.792479
0.798611
0.803834
0.807734
0.809617
0.808676
0.804256
0.796221
0.785189
0.772661
0.760807
0.751913
0.747519
0.747876
0.751964
0.758051
0.764289
0.769111
0.771457
0.770975
0.768021
0.763694
0.759533
0.757088
0.757244
0.759801
0.763597
0.76677
0.767362
0.763774
0.755368
0.74275
0.728025
0.714306
0.704691
0.701285
0.704626
0.713711
0.726394
0.74007
0.752604
0.762959
0.771244
0.778333
0.78524
0.792547
0.80028
0.808081
0.815513
0.82237
0.828638
0.834255
0.83878
0.84144
0.841402
0.838227
0.832263
0.824637
0.816929
0.810412
0.805496
0.801569
0.797517
0.792241
0.785007
0.775621
0.764473
0.752414
0.740758
0.73116
0.72532
0.724332
0.727961
0.73453
0.74172
0.747717
0.751806
0.754333
0.756128
0.757968
0.760355
0.763663
0.76819
0.774079
0.781139
0.788801
0.796215
0.802462
0.806663
0.807933
0.805361
0.798016
0.785418
0.768112
0.748018
0.728457
0.713406
0.706317
0.708808
0.720171
0.737918
0.758755
0.779416
0.79722
0.81032
0.817824
0.8198
0.817202
0.811496
0.804187
0.796204
0.787523
0.77752
0.765624
0.752061
0.737997
0.725224
0.715661
0.71105
0.712612
0.720861
0.735362
0.754601
0.776166
0.797235
0.815298
0.828728
0.837004
0.840687
0.841174
0.840289
0.839747
0.840706
0.843542
0.847753
0.852229
0.855331
0.85525
0.850296
0.839265
0.821855
0.798925
0.772527
0.745725
0.721954
0.704266
0.69453
0.693082
0.698803
0.709502
0.722389
0.734602
0.743701
0.748024
0.746976
0.741128
0.732039
0.721755
0.712179
0.704876
0.70107
0.701601
0.706935
0.716948
0.730861
0.747477
0.765608
0.784254
0.802508
0.819499
0.834266
0.845786
0.853066
0.855468
0.852848
0.845744
0.835512
0.824097
0.813669
0.806031
0.801968
0.800979
0.801472
0.801382
0.798951
0.793569
0.785958
0.77781
0.770953
0.766355
0.763721
0.761991
0.760148
0.758043
0.756498
0.756821
0.760011
0.766241
0.774817
0.784385
0.793239
0.799951
0.803886
0.805443
0.805816
0.806356
0.807926
0.810411
0.812783
0.813538
0.811419
0.805894
0.797337
0.786766
0.775351
0.763954
0.75315
0.743462
0.735745
0.731225
0.731097
0.735673
0.743818
0.753126
0.76098
0.765498
0.766001
0.762977
0.757591
0.751276
0.745419
0.741316
0.740007
0.742071
0.747306
0.75448
0.761577
0.766292
0.766949
0.763158
0.756091
0.748141
0.742163
0.740397
0.743851
0.752076
0.763612
0.776663
0.789647
0.801336
0.810944
0.817961
0.822014
0.82274
0.820065
0.814216
0.80579
0.795664
0.784828
0.774203
0.764595
0.756558
0.750354
0.745945
0.74307
0.741493
0.741404
0.743432
0.748412
0.756793
0.768156
0.781219
0.794246
0.805584
0.814084
0.81934
0.821505
0.820983
0.818244
0.813723
0.80786
0.801335
0.795098
0.790083
0.786802
0.784986
0.783679
0.781628
0.777995
0.772829
0.767131
0.762501
0.760475
0.761937
0.766711
0.773663
0.781005
0.786839
0.789677
0.788827
0.784532
0.777933
0.770657
0.764106
0.758789
0.754296
0.749788
0.744705
0.739075
0.733421
0.728657
0.725875
0.726061
0.72989
0.737504
0.748468
0.761673
0.775519
0.78821
0.798147
0.804265
0.8063
0.804555
0.799747
0.792631
0.783949
0.774397
0.764722
0.755849
0.748952
0.745441
0.74642
0.752223
0.762186
0.77483
0.788308
0.800886
0.811046
0.81758
0.81979
0.8175
0.810977
0.800931
0.788413
0.774934
0.7624
0.752957
0.748578
0.750504
0.758942
0.772846
0.789946
0.807082
0.820941
0.828784
0.828962
0.821222
0.806725
0.787908
0.767992
0.750164
0.736866
0.72942
0.728067
0.732309
0.741157
0.753274
0.766979
0.78038
0.791457
0.798415
0.800028
0.796008
0.787102
0.774727
0.76072
0.746925
0.734866
0.725606
0.719783
0.71771
0.719573
0.725502
0.735573
0.749444
0.766083
0.783847
0.800867
0.815731
0.827803
0.837031
0.843511
0.847296
0.848344
0.846733
0.842684
0.836354
0.827949
0.817659
0.805887
0.793376
0.781176
0.770246
0.761098
0.753511
0.746687
0.739656
0.73196
0.72401
0.717006
0.712366
0.710966
0.712687
0.716574
0.721286
0.725536
0.728417
0.729479
0.728842
0.727072
0.725009
0.72366
0.723955
0.726729
0.732495
0.741187
0.752077
0.764037
0.775913
0.78687
0.796527
0.804726
0.811441
0.816826
0.82127
0.825444
0.830097
0.835821
0.842725
0.850274
0.857365
0.862514
0.864181
0.861191
0.853006
0.839882
0.823039
0.804418
0.786321
0.770864
0.759381
0.752048
0.748001
0.745819
0.74413
0.741943
0.738752
0.734749
0.731185
0.730228
0.734232
0.744769
0.761724
0.78338
0.806995
0.829578
0.84842
0.861349
0.866868
0.864249
0.853647
0.83619
0.813705
0.788423
0.762611
0.738336
0.717408
0.70142
0.69169
0.689067
0.69372
0.704988
0.721316
0.74062
0.760533
0.778787
0.79352
0.803441
0.808083
0.807802
0.803602
0.796864
0.788958
0.780814
0.772889
0.765326
0.758234
0.75209
0.747795
0.746294
0.748205
0.753368
0.760775
0.768783
0.775517
0.779179
0.778615
0.77375
0.765734
0.756764
0.749541
0.746442
0.749004
0.757655
0.771775
0.789828
0.8096
0.828548
0.844241
0.854605
0.858226
0.854393
0.843069
0.824853
0.801053
0.773742
0.745627
0.719674
0.698632
0.684546
0.678409
0.679857
0.686948
0.696605
0.706145
0.714617
0.723156
0.733937
0.748521
0.766283
0.784551
0.800025
0.810291
0.814262
0.812166
0.805013
0.794431
0.782509
0.771639
0.764383
0.762907
0.768277
0.780127
0.796705
0.815542
0.834061
0.850042
0.861765
0.86815
0.868697
0.863476
0.853158
0.839095
0.823275
0.808019
0.795455
0.786911
0.782521
0.781049
0.780285
0.777726
0.771413
0.760409
0.745095
0.72705
0.708551
0.691868
0.678668
0.66977
0.665191
0.664527
0.66733
0.673324
0.682471
0.694692
0.709773
0.727184
0.745953
0.764945
0.783001
0.799205
0.812956
0.824094
0.832751
0.8392
0.843606
0.84601
0.846408
0.844782
0.841166
0.835731
0.828756
0.820557
0.811399
0.801439
0.790832
0.77983
0.768866
0.758594
0.749861
0.743559
0.740268
0.740029
0.742147
0.745453
0.748629
0.75055
0.750498
0.748364
0.744649
0.740424
0.737075
0.735966
0.737997
0.743288
0.751191
0.760416
0.769481
0.777023
0.782122
0.78462
0.784967
0.784105
0.783185
0.783181
0.784627
0.787555
0.791498
0.795826
0.799871
0.803298
0.806085
0.80847
0.810588
0.812295
0.813114
0.812146
0.808457
0.801511
0.791393
0.778978
0.765849
0.753865
0.744718
0.739429
0.738053
0.739638
0.742478
0.744711
0.744716
0.741592
0.735416
0.727098
0.718176
0.71027
0.704647
0.702098
0.703103
0.708186
0.717942
0.732605
0.751485
0.772944
0.794848
0.815302
0.832987
0.847067
0.856945
0.862047
0.861785
0.855695
0.843703
0.82649
0.805673
0.783867
0.764405
0.750612
0.745005
0.748432
0.759798
0.776412
0.794759
0.81121
0.822746
0.827431
0.824624
0.815052
0.800536
0.783493
0.766334
0.75095
0.738399
0.72896
0.722419
0.718382
0.716476
0.7165
0.718422
0.7222
0.727541
0.733921
0.740728
0.747611
0.754773
0.762941
0.772804
0.784499
0.79743
0.8105
0.822672
0.833062
0.841017
0.845845
0.84678
0.842972
0.833969
0.820181
0.803015
0.784615
0.767183
0.752437
0.741512
0.735033
0.733377
0.736765
0.745071
0.757591
0.772864
0.788639
0.802401
0.811981
0.816087
0.81441
0.807565
0.796799
0.783663
0.769672
0.755998
0.74332
0.73215
0.723289
0.718182
0.718813
0.726963
0.743123
0.766063
0.793021
0.820471
0.844989
0.863825
0.875189
0.878197
0.872903
0.860304
0.842214
0.821146
0.799918
0.780914
0.765393
0.753457
0.744435
0.73741
0.731737
0.727072
0.723361
0.720619
0.718995
0.718794
0.720388
0.723999
0.729548
0.736616
0.744745
0.753538
0.76266
0.771582
0.779508
0.785727
0.78991
0.792139
0.792683
0.791698
0.789203
0.785288
0.780334
0.77505
0.770304
0.766818
0.765067
0.765197
0.766969
0.769903
0.773544
0.777529
0.781668
0.785816
0.78974
0.793056
0.795466
0.796815
0.79703
0.796051
0.793836
