1.19068
1.15868
1.10496
1.03121
0.939913
0.834933
0.721662
0.607012
0.498902
0.405348
0.333141
0.286617
0.266894
0.271807
0.296653
0.335293
0.381252
0.428617
0.472609
0.509884
0.538573
0.558164
0.569329
0.573602
0.57312
0.570169
0.566923
0.565121
0.565914
0.569889
0.577145
0.587361
0.599951
0.614091
0.628785
0.642847
0.654971
0.664
0.669047
0.669637
0.665814
0.658141
0.647583
0.635326
0.622609
0.61048
0.599675
0.590601
0.583362
0.577914
0.574092
0.571722
0.57069
0.570915
0.572375
0.575059
0.578898
0.583807
0.58977
0.596795
0.604944
0.614141
0.624163
0.634556
0.644673
0.653835
0.661457
0.667107
0.67068
0.672391
0.672727
0.67228
0.671669
0.671484
0.672088
0.673615
0.675808
0.678188
0.680137
0.680978
0.680055
0.676971
0.671684
0.664425
0.655665
0.645977
0.635858
0.625603
0.615272
0.604752
0.593843
0.582443
0.570585
0.558488
0.546524
0.535172
0.524907
0.51618
0.509312
0.504562
0.502019
0.501546
0.502889
0.505752
0.509929
0.515493
0.522816
0.53255
0.545417
0.561896
0.582014
0.605262
0.630516
0.656193
0.680486
0.701578
0.717901
0.728379
0.732447
0.730276
0.722601
0.710575
0.695658
0.679387
0.663185
0.648167
0.635038
0.623996
0.614778
0.606774
0.599281
0.5918
0.584244
0.576919
0.570534
0.566042
0.564452
0.566597
0.572971
0.583569
0.597958
0.61523
0.634116
0.653098
0.67063
0.68536
0.696325
0.703002
0.705236
0.703064
0.696585
0.685849
0.671012
0.652482
0.631167
0.608543
0.586486
0.566852
0.551278
0.540883
0.536108
0.536784
0.542105
0.550806
0.561417
0.572379
0.582254
0.589961
0.594868
0.596907
0.59642
0.594068
0.59065
0.586964
0.583744
0.581591
0.580971
0.582356
0.58616
0.592645
0.601874
0.613616
0.627269
0.641901
0.656314
0.669296
0.679697
0.6866
0.689434
0.687757
0.68127
0.669832
0.653458
0.632544
0.608051
0.581598
0.555378
0.532106
0.51464
0.50539
0.505764
0.515746
0.533843
0.557493
0.583707
0.609652
0.633106
0.652594
0.667359
0.677285
0.682652
0.684107
0.682593
0.679195
0.67509
0.671281
0.668532
0.667094
0.666809
0.66711
0.667233
0.666427
0.664211
0.660461
0.655303
0.64909
0.642141
0.634581
0.626357
0.617358
0.607552
0.597049
0.586195
0.575441
0.56535
0.556485
0.549352
0.544242
0.541232
0.540251
0.541136
0.543654
0.547649
0.552964
0.559487
0.567034
0.57541
0.584352
0.593477
0.602382
0.610647
0.617793
0.623483
0.627497
0.629849
0.630775
0.630652
0.63
0.629421
0.629459
0.630544
0.632895
0.636485
0.641005
0.645869
0.650387
0.653832
0.65555
0.655075
0.652206
0.646903
0.63927
0.629587
0.6183
0.605998
0.593358
0.58121
0.57049
0.562139
0.556967
0.555447
0.557649
0.563214
0.57143
0.58136
0.592149
0.603074
0.613631
0.623431
0.632186
0.639648
0.645635
0.650096
0.653177
0.655233
0.65673
0.658096
0.659702
0.661609
0.663538
0.664988
0.665237
0.663557
0.659321
0.652115
0.641866
0.628984
0.61431
0.599003
0.584471
0.572035
0.562743
0.557172
0.555439
0.55712
0.561496
0.567682
0.574748
0.581858
0.588324
0.593643
0.597648
0.600505
0.602706
0.604866
0.607676
0.611584
0.616775
0.622962
0.629456
0.635465
0.640195
0.643072
0.643771
0.642205
0.638702
0.633843
0.628505
0.623657
0.620293
0.619092
0.620376
0.623933
0.629077
0.634681
0.639465
0.642335
0.642595
0.640171
0.635548
0.629684
0.623647
0.618362
0.614275
0.611288
0.609019
0.606955
0.604658
0.601849
0.598447
0.594491
0.590203
0.585894
0.581976
0.578885
0.576996
0.576585
0.577705
0.580301
0.584144
0.588971
0.594571
0.600733
0.607312
0.614163
0.621113
0.627872
0.634105
0.639404
0.643419
0.645922
0.6468
0.646111
0.644082
0.641057
0.637404
0.633403
0.629214
0.624918
0.620474
0.615947
0.611502
0.60752
0.604438
0.60253
0.601867
0.602128
0.602677
0.602736
0.60154
0.598559
0.59365
0.587186
0.580062
0.573483
0.568893
0.567578
0.57038
0.577312
0.587567
0.599619
0.611766
0.622397
0.630386
0.635238
0.63703
0.636362
0.634201
0.631689
0.629859
0.629412
0.630562
0.633082
0.636377
0.63973
0.642519
0.644273
0.644764
0.64397
0.641971
0.638885
0.634911
0.630394
0.625785
0.621545
0.618023
0.615343
0.613352
0.611625
0.609625
0.606854
0.602984
0.59792
0.591808
0.584899
0.577598
0.570381
0.563915
0.559075
0.556795
0.557909
0.562826
0.57127
0.582247
0.594333
0.605946
0.615771
0.622951
0.62718
0.628761
0.628471
0.627355
0.626516
0.626915
0.629165
0.633402
0.639322
0.646237
0.653267
0.659385
0.663593
0.665217
0.66393
0.659715
0.652953
0.644257
0.634366
0.623983
0.61371
0.604028
0.5953
0.587801
0.581752
0.577293
0.574521
0.573478
0.57414
0.576335
0.579729
0.583842
0.588116
0.592088
0.59545
0.598116
0.600304
0.602424
0.605026
0.608571
0.613324
0.619289
0.626186
0.633549
0.640795
0.647369
0.652772
0.656511
0.658198
0.657503
0.654187
0.648214
0.639692
0.628964
0.616604
0.603376
0.590272
0.578459
0.569126
0.563306
0.561707
0.564426
0.570906
0.579945
0.58994
0.599311
0.606771
0.611418
0.612881
0.611206
0.606754
0.600097
0.592034
0.583561
0.575844
0.570227
0.567909
0.569718
0.57598
0.586482
0.600486
0.616882
0.634298
0.651201
0.666041
0.677567
0.684974
0.687985
0.686821
0.682101
0.674797
0.665922
0.656506
0.647467
0.63952
0.633228
0.62895
0.626768
0.626457
0.627466
0.628997
0.63022
0.630472
0.629396
0.627082
0.623955
0.620595
0.617529
0.615125
0.613442
0.612176
0.610678
0.608141
0.603826
0.597354
0.588872
0.57904
0.568763
0.559058
0.550877
0.544983
0.541953
0.54225
0.546099
0.553497
0.564048
0.57707
0.591658
0.60674
0.621282
0.634426
0.645523
0.654145
0.660131
0.663529
0.664572
0.663617
0.661141
0.657581
0.653264
0.64845
0.643275
0.637821
0.632178
0.626516
0.621177
0.616636
0.613289
0.611411
0.6109
0.611397
0.612415
0.613477
0.614246
0.614586
0.614642
0.614695
0.615007
0.615892
0.61758
0.620146
0.623564
0.627727
0.632356
0.637052
0.641322
0.644575
0.646244
0.64586
0.643036
0.637572
0.629523
0.619316
0.607669
0.595525
0.583963
0.574085
0.566794
0.562645
0.561779
0.56387
0.568286
0.57414
0.580528
0.586668
0.591978
0.596039
0.598602
0.59957
0.599103
0.597607
0.595667
0.594032
0.593406
0.594366
0.597251
0.602124
0.608797
0.616964
0.626327
0.636533
0.647216
0.657979
0.668246
0.677386
0.684647
0.68935
0.691011
0.68943
0.684739
0.67738
0.668066
0.657553
0.646553
0.635636
0.62507
0.614898
0.605012
0.595274
0.585574
0.575976
0.566788
0.558614
0.552271
0.548467
0.547824
0.550671
0.556915
0.566055
0.57723
0.589432
0.601629
0.612933
0.622746
0.630631
0.636283
0.639543
0.640216
0.638202
0.633532
0.626573
0.618022
0.608857
0.600108
0.592801
0.587708
0.58535
0.58587
0.589176
0.594849
0.602308
0.610758
0.619289
0.626911
0.632682
0.635971
0.636422
0.634149
0.629656
0.623747
0.617411
0.611695
0.607513
0.605479
0.605679
0.607741
0.610988
0.614612
0.617847
0.620147
0.621273
0.621313
0.620587
0.619548
0.618719
0.618492
0.619026
0.620287
0.6221
0.624225
0.626465
0.628644
0.630625
0.632293
0.63347
0.63396
0.633426
0.631532
0.62806
0.622974
0.616474
0.609079
0.601635
0.595183
0.590751
0.589156
0.590753
0.595384
0.602557
0.611505
0.621371
0.631396
0.640744
0.648581
0.654071
0.656511
0.655456
0.650909
0.643318
0.633455
0.622324
0.610974
0.60031
0.591075
0.583736
0.578561
0.575574
0.574596
0.57542
0.577822
0.581551
0.586378
0.591923
0.597633
0.602858
0.607
0.609562
0.610278
0.609047
0.605959
0.601435
0.596127
0.590986
0.587131
0.5856
0.587162
0.592168
0.600557
0.611863
0.625299
0.639941
0.654847
0.669084
0.681779
0.692111
0.699396
0.70304
0.702588
0.697836
0.688832
0.675897
0.659792
0.64155
0.622566
0.604441
0.588807
0.577128
0.570448
0.569136
0.572879
0.580736
0.591319
0.603035
0.614212
0.623296
0.628951
0.630207
0.626497
0.617838
0.604808
0.588603
0.570903
0.553616
0.538625
0.527449
0.521054
0.519706
0.523185
0.530886
0.542081
0.556029
0.572019
0.589353
0.607342
0.625302
0.642475
0.658164
0.671702
0.68244
0.689881
0.69374
0.693868
0.69021
0.682902
0.672245
0.6587
0.64303
0.626229
0.609444
0.594019
0.581276
0.572351
0.568052
0.568694
0.574073
0.58345
0.59564
0.60919
0.622547
0.634172
0.642741
0.647286
0.647219
0.642483
0.63349
0.621227
0.607333
0.593806
0.582948
0.576786
0.576635
0.582737
0.594241
0.60936
0.625919
0.641661
0.654627
0.663347
0.666949
0.665216
0.658613
0.648177
0.635294
0.621573
0.608505
0.597237
0.588402
0.582119
0.578083
0.575642
0.574205
0.573269
0.572682
0.572718
0.573966
0.577269
0.583383
0.592533
0.604304
0.617661
0.63116
0.643251
0.652645
0.6584
0.660047
0.657634
0.651628
0.642854
0.632335
0.621317
0.610976
0.60234
0.596158
0.592896
0.592643
0.595199
0.600104
0.606638
0.61388
0.620788
0.626265
0.629383
0.629566
0.626664
0.620981
0.61327
0.604536
0.595807
0.588013
0.581943
0.578182
0.577254
0.579572
0.585391
0.594544
0.606555
0.620504
0.635139
0.649083
0.661065
0.670081
0.675684
0.677876
0.6769
0.672997
0.666265
0.656681
0.644441
0.630245
0.615378
0.601499
0.590273
0.583054
0.580668
0.583279
0.590354
0.600725
0.612796
0.624831
0.635207
0.642653
0.646322
0.645884
0.641482
0.633624
0.623135
0.611012
0.598371
0.586442
0.576413
0.569329
0.565935
0.566495
0.570687
0.577669
0.586254
0.595242
0.603728
0.611229
0.617717
0.623535
0.629099
0.634664
0.640207
0.645435
0.649911
0.653141
0.654814
0.65481
0.653241
0.650322
0.646188
1.18785
1.16186
1.12291
1.07269
1.0143
0.952294
0.892331
0.840048
0.799777
0.773494
0.760754
0.759331
0.766075
0.777909
0.792138
0.806543
0.819407
0.82963
0.836739
0.840927
0.84292
0.843719
0.844329
0.845803
0.849149
0.855162
0.864274
0.876266
0.890238
0.904998
0.919409
0.932508
0.943505
0.95175
0.956773
0.958478
0.957271
0.954118
0.950185
0.946687
0.944504
0.944187
0.945861
0.949254
0.953506
0.957243
0.958658
0.955854
0.947222
0.932067
0.910879
0.885302
0.85784
0.831288
0.808227
0.790791
0.780545
0.778481
0.784783
0.79861
0.818021
0.840237
0.862425
0.882381
0.899084
0.912785
0.924527
0.935779
0.947799
0.961404
0.976666
0.992741
1.00797
1.02027
1.02765
1.02879
1.02329
1.01177
0.995613
0.976698
0.957261
0.93966
0.926026
0.917728
0.915038
0.916907
0.921236
0.925571
0.927918
0.927239
0.923566
0.917582
0.909905
0.900714
0.889766
0.876699
0.861446
0.844599
0.827357
0.811246
0.797866
0.788673
0.784664
0.78631
0.793505
0.805592
0.821398
0.839288
0.857531
0.874612
0.889607
0.902357
0.913302
0.92331
0.933242
0.943598
0.954378
0.965151
0.975069
0.983115
0.988147
0.989109
0.985224
0.976045
0.961773
0.943201
0.921755
0.899395
0.87831
0.860665
0.848528
0.843462
0.846171
0.856132
0.871621
0.890195
0.909295
0.92677
0.941089
0.951313
0.956993
0.958023
0.954616
0.947275
0.936822
0.924541
0.912036
0.901057
0.893188
0.88954
0.89053
0.895906
0.904848
0.916355
0.929486
0.943534
0.957772
0.97123
0.982582
0.990161
0.992484
0.988706
0.978941
0.96421
0.946117
0.926443
0.906779
0.888222
0.871475
0.856986
0.845
0.835508
0.828365
0.823324
0.820191
0.818978
0.819752
0.822533
0.827105
0.833045
0.839817
0.846991
0.854337
0.861939
0.870092
0.879235
0.889843
0.90228
0.9166
0.932419
0.948737
0.96419
0.977282
0.986778
0.991894
0.992613
0.989552
0.983793
0.976563
0.968894
0.961409
0.954385
0.947593
0.940394
0.932013
0.921712
0.909063
0.894186
0.877696
0.860571
0.843795
0.828239
0.814628
0.803477
0.795216
0.790139
0.788402
0.789838
0.793882
0.799743
0.806633
0.814085
0.822155
0.831388
0.842698
0.856972
0.8746
0.895263
0.917868
0.940712
0.961933
0.979844
0.99334
1.00203
1.00617
1.00651
1.00385
0.998909
0.992018
0.983269
0.97263
0.960224
0.946564
0.932709
0.920171
0.910468
0.904727
0.903219
0.90526
0.909384
0.91371
0.916485
0.916369
0.9126
0.905075
0.894423
0.881937
0.869418
0.858941
0.8522
0.850036
0.85241
0.858494
0.867063
0.877015
0.887481
0.898034
0.908369
0.918169
0.9269
0.93373
0.93767
0.937753
0.933252
0.923828
0.909675
0.891587
0.870902
0.84935
0.829
0.811908
0.800085
0.795286
0.798886
0.811388
0.832256
0.859715
0.890982
0.922737
0.951744
0.975494
0.992502
1.00245
1.00601
1.00443
0.999195
0.991669
0.982937
0.973726
0.964464
0.955309
0.946389
0.937976
0.930436
0.924235
0.919831
0.917559
0.917335
0.918775
0.921301
0.92428
0.927182
0.929711
0.931662
0.932795
0.932646
0.930331
0.924553
0.914004
0.897918
0.876533
0.851293
0.824848
0.800652
0.782299
0.772754
0.773765
0.785441
0.806235
0.833283
0.863038
0.891955
0.91707
0.936392
0.949027
0.955012
0.955194
0.95078
0.94302
0.933316
0.923089
0.913832
0.907042
0.903982
0.905189
0.910321
0.918156
0.92695
0.934991
0.941046
0.944428
0.944873
0.942434
0.937382
0.930274
0.92197
0.91357
0.906225
0.90093
0.898338
0.898594
0.901401
0.906173
0.912098
0.918254
0.923561
0.926927
0.92732
0.924014
0.916887
0.906497
0.89411
0.881429
0.870177
0.861839
0.857559
0.858121
0.863945
0.874998
0.890618
0.909454
0.929641
0.948947
0.964983
0.975532
0.978852
0.973948
0.960774
0.940364
0.914723
0.886716
0.859554
0.836337
0.819668
0.811064
0.810823
0.818003
0.830658
0.846374
0.862664
0.877562
0.889914
0.899338
0.905967
0.910003
0.91161
0.91089
0.908328
0.904826
0.901634
0.900073
0.901171
0.905309
0.912015
0.920101
0.927855
0.933543
0.93595
0.934785
0.930597
0.924703
0.918753
0.914243
0.912134
0.912848
0.916465
0.922847
0.931675
0.942314
0.953586
0.963924
0.971603
0.975257
0.974105
0.968179
0.958149
0.945348
0.931443
0.918081
0.906594
0.897731
0.891508
0.887473
0.884874
0.882916
0.880994
0.878753
0.87635
0.874279
0.873109
0.873274
0.874946
0.878087
0.882554
0.888321
0.895358
0.9034
0.911742
0.91938
0.925263
0.928295
0.927661
0.922934
0.914173
0.901917
0.887196
0.871233
0.855231
0.840221
0.827036
0.816499
0.809478
0.80685
0.80935
0.817217
0.830139
0.847212
0.867072
0.888085
0.908515
0.926714
0.941257
0.951073
0.955679
0.955233
0.950588
0.94338
0.935497
0.928713
0.924294
0.922718
0.923656
0.926339
0.929932
0.933699
0.937233
0.940336
0.942935
0.945079
0.946981
0.948885
0.951105
0.953919
0.957349
0.960885
0.963449
0.963572
0.959737
0.95078
0.936313
0.917006
0.894597
0.871639
0.850741
0.834013
0.822573
0.81652
0.815246
0.817731
0.822833
0.829658
0.837599
0.846537
0.856706
0.86854
0.882364
0.898219
0.915626
0.933615
0.950953
0.966128
0.977621
0.984105
0.984475
0.978163
0.965555
0.948068
0.928086
0.908381
0.891398
0.87861
0.870216
0.86558
0.863745
0.8638
0.865069
0.867102
0.869458
0.871633
0.873217
0.873892
0.873739
0.873091
0.872317
0.871699
0.871224
0.87061
0.869494
0.867756
0.86582
0.864805
0.866498
0.87289
0.88557
0.904831
0.929247
0.956093
0.982022
1.00408
1.02019
1.02938
1.03176
1.02817
1.01992
1.0084
0.994904
0.980496
0.965993
0.952013
0.939134
0.927893
0.91868
0.91152
0.905989
0.901414
0.89686
0.891503
0.884774
0.87635
0.866304
0.855116
0.843629
0.832956
0.824245
0.818363
0.815768
0.816445
0.820016
0.826003
0.834039
0.844216
0.857093
0.873339
0.892881
0.914369
0.935541
0.95386
0.967418
0.975084
0.976504
0.971934
0.962041
0.94783
0.930695
0.912478
0.895248
0.881056
0.871635
0.868032
0.870396
0.878002
0.889417
0.902599
0.915325
0.925444
0.931174
0.931363
0.925652
0.914538
0.899216
0.881446
0.863415
0.847569
0.83628
0.831544
0.834566
0.845506
0.863286
0.88585
0.910575
0.934821
0.95637
0.973629
0.985584
0.991636
0.991489
0.985039
0.972449
0.954192
0.93125
0.90537
0.879143
0.855801
0.838782
0.831028
0.834177
0.847931
0.86987
0.895894
0.921239
0.941744
0.954692
0.959327
0.956519
0.948271
0.93697
0.924722
0.912833
0.901464
0.890047
0.877954
0.865309
0.853185
0.843244
0.837103
0.835736
0.83927
0.847037
0.85792
0.870682
0.884134
0.897039
0.908482
0.917746
0.924331
0.927961
0.928413
0.925658
0.919895
0.91164
0.90175
0.891392
0.881977
0.875055
0.872358
0.875572
0.885978
0.903713
0.927222
0.953339
0.978166
0.998097
1.0107
1.01509
1.01179
1.00236
0.988813
0.97299
0.956231
0.93926
0.922529
0.906511
0.891516
0.87756
0.864045
0.850194
0.835516
0.820273
0.805638
0.793699
0.787255
0.789074
0.800775
0.822085
0.850702
0.883177
0.915907
0.94586
0.97077
0.989128
1.00005
1.00334
0.999104
0.987777
0.96998
0.946705
0.919422
0.890109
0.861279
0.835766
0.816273
0.80476
0.802173
0.808321
0.82218
0.842433
0.867779
0.89688
0.928164
0.959583
0.988527
1.01238
1.02899
1.0372
1.03671
1.02783
1.01151
0.989142
0.962886
0.935457
0.909728
0.888155
0.872252
0.862575
0.858745
0.859938
0.865273
0.874133
0.88604
0.900424
0.91637
0.932474
0.946978
0.958022
0.963993
0.963758
0.956901
0.943673
0.925023
0.902607
0.87874
0.856198
0.837937
0.826398
0.822988
0.827893
0.840158
0.858121
0.879807
0.903299
0.926778
0.94856
0.967052
0.980693
0.988237
0.98896
0.982681
0.969647
0.950603
0.926716
0.899513
0.870805
0.842802
0.817834
0.798089
0.78523
0.780142
0.782899
0.792987
0.80938
0.830808
0.855537
0.881284
0.905253
0.92448
0.93644
0.939555
0.933562
0.919597
0.900044
0.878182
0.857374
0.840267
0.828407
0.822288
0.821918
0.827174
0.837899
0.853693
0.873859
0.897442
0.923264
0.950034
0.976269
1.0003
1.02029
1.03444
1.04128
1.0399
1.03018
1.013
0.989976
0.963271
0.935267
0.908294
0.884451
0.865479
0.852659
0.84681
0.848219
0.856513
0.870584
0.888578
0.907915
0.925548
0.938264
0.943321
0.939193
0.92592
0.905243
0.880278
0.855062
0.833808
0.820231
0.816716
0.823719
0.839744
0.861931
0.887117
0.912576
0.93636
0.957212
0.974362
0.987384
0.996076
1.00028
0.999877
0.994704
0.984396
0.968591
0.947009
0.919887
0.888287
0.854358
0.821433
0.793626
0.774992
0.768437
0.774685
0.792012
0.81703
0.845717
0.874594
0.901196
0.923897
0.941797
0.954529
0.962236
0.965531
0.965534
0.96354
0.960627
0.957328
0.953682
0.949422
0.944218
0.937947
0.931001
0.924305
0.919006
0.916203
0.916507
0.920053
0.92658
0.935438
0.94573
0.956211
0.965261
0.971164
0.97238
0.968052
0.95803
0.942909
0.923785
0.90203
0.878955
0.855758
0.833658
0.813943
0.798179
0.788338
0.786641
0.795012
0.814299
0.843645
0.880362
0.920461
0.959486
0.993459
1.01942
1.03557
1.04106
1.03588
1.02068
0.996865
0.966698
0.933295
0.900344
0.871584
0.849992
0.83717
0.833084
0.836586
0.845805
0.858697
0.873243
0.887659
0.900329
0.909877
0.915275
0.915753
0.911092
0.901699
0.888874
0.874757
0.862049
0.853247
0.84985
0.851926
0.858101
0.866129
0.87365
0.878906
0.881
0.879854
0.875857
0.86955
0.861608
0.852882
0.8447
0.838871
0.83744
0.842127
0.853724
0.871614
0.893964
0.918186
0.941656
0.96226
0.978823
0.991205
0.999906
1.00579
1.00954
1.0113
1.0107
1.00714
1.00006
0.989213
0.974958
1.17976
1.1523
1.12036
1.08587
1.05074
1.01681
0.985595
0.958382
0.936123
0.919377
0.908367
0.903054
0.903246
0.908646
0.918793
0.932958
0.95003
0.968586
0.986992
1.00383
1.01814
1.0296
1.03829
1.04458
1.04873
1.05071
1.05022
1.04681
1.04031
1.03096
1.0199
1.00899
1.00049
0.995878
0.994874
0.995549
0.995282
0.992021
0.985284
0.976178
0.966916
0.95949
0.954551
0.951485
0.949432
0.948159
0.948516
0.952127
0.960828
0.975878
0.997212
1.02314
1.05071
1.07653
1.09766
1.11197
1.11833
1.11673
1.10829
1.0949
1.07884
1.06226
1.04674
1.03313
1.0217
1.01242
1.00514
0.999797
0.996293
0.994401
0.993713
0.993746
0.994044
0.994487
0.995268
0.996844
0.999905
1.0051
1.01273
1.02248
1.03332
1.04398
1.05298
1.05882
1.06032
1.05693
1.0492
1.03908
1.02946
1.0233
1.02245
1.02689
1.03497
1.04435
1.05297
1.05962
1.06345
1.06363
1.05935
1.04983
1.03491
1.0155
0.993852
0.973155
0.956711
0.946984
0.944864
0.949594
0.959472
0.972717
0.987998
1.00469
1.02222
1.03981
1.05621
1.06973
1.07882
1.08225
1.07956
1.07115
1.0583
1.0429
1.02734
1.01412
1.00546
1.00266
1.00573
1.01327
1.02278
1.03137
1.03636
1.03603
1.0302
1.02023
1.00873
0.998634
0.99229
0.990588
0.993196
0.999032
1.00691
1.01595
1.02547
1.03471
1.0427
1.04852
1.05139
1.0506
1.04551
1.03605
1.0233
1.00972
0.99862
0.993019
0.994796
1.00403
1.01938
1.03868
1.05959
1.0799
1.09768
1.11113
1.11865
1.11919
1.11259
1.09967
1.08205
1.06176
1.04089
1.02141
1.00507
0.99337
0.987453
0.98779
0.994075
1.0051
1.01874
1.03238
1.0434
1.0498
1.05051
1.04545
1.03505
1.01992
1.00068
0.978144
0.953433
0.92815
0.904461
0.884904
0.872171
0.868778
0.876556
0.896186
0.926675
0.965282
1.00791
1.04985
1.08676
1.11546
1.13444
1.14445
1.14827
1.1497
1.15151
1.154
1.15514
1.1519
1.142
1.12475
1.10118
1.0736
1.04527
1.01972
1.00029
0.989357
0.9878
0.994511
1.00654
1.02006
1.03146
1.03835
1.04002
1.0372
1.03124
1.0234
1.01421
1.00358
0.991344
0.977774
0.964079
0.952211
0.944364
0.942066
0.945519
0.953646
0.964727
0.977083
0.989602
1.00158
1.01266
1.02238
1.03021
1.0357
1.03884
1.04031
1.04151
1.04441
1.05074
1.0613
1.07537
1.09076
1.10445
1.11352
1.1157
1.10976
1.09554
1.07416
1.04819
1.02146
0.998203
0.981375
0.971604
0.967528
0.96717
0.969217
0.973408
0.979972
0.988799
0.999187
1.00989
1.0195
1.02679
1.03079
1.03108
1.02786
1.02202
1.01493
1.00809
1.00274
0.999841
1.00004
1.0036
1.01032
1.0197
1.0309
1.04272
1.05382
1.06295
1.0692
1.0723
1.07254
1.07047
1.06681
1.06211
1.05683
1.05133
1.04583
1.04047
1.03508
1.02931
1.02255
1.01414
1.00352
0.99049
0.975464
0.959486
0.944116
0.931219
0.922605
0.91978
0.923815
0.935369
0.954509
0.980508
1.01159
1.04491
1.07687
1.10379
1.1225
1.13094
1.12834
1.11543
1.09439
1.06889
1.04361
1.02343
1.01206
1.01072
1.01774
1.02956
1.04196
1.05135
1.05556
1.05417
1.04864
1.0418
1.03687
1.03607
1.03969
1.04624
1.05347
1.05921
1.06188
1.06055
1.05491
1.04509
1.03152
1.0148
0.995953
0.976646
0.959298
0.946694
0.941329
0.944485
0.955863
0.973601
0.994784
1.01637
1.03591
1.05186
1.06347
1.07054
1.07323
1.07181
1.0669
1.05945
1.05068
1.04171
1.0334
1.02611
1.01966
1.01352
1.00699
0.999584
0.99126
0.98241
0.973918
0.967041
0.963517
0.965191
0.973396
0.988399
1.00899
1.03258
1.05568
1.07463
1.08609
1.0875
1.07741
1.05597
1.02521
0.989049
0.952688
0.921382
0.899271
0.888677
0.890154
0.903004
0.925459
0.955009
0.988697
1.02364
1.05745
1.08856
1.11617
1.13994
1.15973
1.17538
1.18673
1.19337
1.19472
1.18992
1.1781
1.15866
1.13177
1.09849
1.06098
1.02219
0.985549
0.954262
0.930741
0.915989
0.909647
0.91045
0.916827
0.927185
0.940069
0.954154
0.968215
0.981132
0.991673
0.998552
1.00084
0.998404
0.992119
0.983612
0.975056
0.968674
0.966463
0.969869
0.979526
0.995223
1.01583
1.03952
1.06412
1.08718
1.10641
1.11988
1.12643
1.12575
1.11853
1.10618
1.09077
1.07456
1.05968
1.04776
1.03952
1.03487
1.03293
1.03244
1.03222
1.03133
1.02916
1.02519
1.01874
1.00914
0.995999
0.979669
0.961484
0.94379
0.929644
0.922018
0.922874
0.932516
0.949595
0.971722
0.996644
1.02275
1.04904
1.07472
1.09858
1.11917
1.13499
1.14494
1.14857
1.14588
1.13723
1.12317
1.10445
1.08216
1.05782
1.03304
1.00932
0.987719
0.968654
0.951726
0.936048
0.92067
0.905191
0.890206
0.877296
0.868973
0.868159
0.877203
0.896657
0.924827
0.958433
0.993772
1.02764
1.05763
1.0822
1.10049
1.11239
1.11842
1.11971
1.11781
1.1143
1.11038
1.10661
1.10278
1.09834
1.09259
1.08514
1.07615
1.06622
1.0564
1.04788
1.04172
1.03878
1.03931
1.04274
1.04763
1.05196
1.05365
1.05097
1.04288
1.02927
1.01105
0.990173
0.969078
0.950389
0.936245
0.927872
0.925293
0.927249
0.931908
0.937611
0.94355
0.949929
0.957694
0.967796
0.980588
0.995416
1.01075
1.02467
1.03549
1.04222
1.04464
1.04344
1.03968
1.03459
1.02915
1.02394
1.01919
1.01485
1.01098
1.00796
1.00663
1.00814
1.01366
1.02365
1.03732
1.05238
1.06561
1.07401
1.07579
1.07095
1.06098
1.04811
1.03467
1.02243
1.0125
1.00537
1.00136
1.00077
1.00391
1.01093
1.02147
1.03468
1.0491
1.0631
1.07514
1.08412
1.08947
1.0912
1.08955
1.08494
1.07784
1.06879
1.05862
1.04859
1.04024
1.03501
1.03367
1.03586
1.03996
1.04362
1.04437
1.04007
1.02898
1.01004
0.983423
0.951446
0.918943
0.892694
0.878975
0.880465
0.895102
0.917757
0.943054
0.967228
0.988505
1.00669
1.02254
1.03702
1.05081
1.06417
1.07686
1.08822
1.09692
1.10141
1.10071
1.09481
1.08475
1.07208
1.05823
1.04437
1.03138
1.02001
1.01089
1.0043
1.00027
0.998587
0.998858
1.0007
1.00376
1.00793
1.01322
1.01965
1.02708
1.03499
1.04242
1.04814
1.05101
1.05052
1.04725
1.04303
1.04046
1.04144
1.04606
1.05248
1.0581
1.06073
1.05936
1.05417
1.04634
1.03761
1.02981
1.02414
1.02096
1.01982
1.0198
1.02008
1.02037
1.02115
1.02342
1.02824
1.03595
1.04567
1.05548
1.06318
1.0671
1.06649
1.06149
1.05291
1.04184
1.02916
1.01559
1.00162
0.987597
0.97374
0.960299
0.947604
0.936148
0.926548
0.919569
0.915983
0.916362
0.920729
0.928627
0.93908
0.95103
0.963736
0.976973
0.991042
1.00663
1.0246
1.0457
1.07004
1.09665
1.12324
1.14684
1.16458
1.17433
1.17494
1.16624
1.14887
1.12418
1.09398
1.0604
1.02578
0.99267
0.963636
0.941199
0.927313
0.922988
0.928103
0.941284
0.960201
0.98205
1.00385
1.02272
1.03608
1.04206
1.03996
1.03078
1.01729
1.00291
0.990358
0.980882
0.974794
0.972613
0.975366
0.983918
0.998002
1.016
1.03557
1.05445
1.0712
1.08544
1.09766
1.10861
1.11856
1.12697
1.13231
1.1325
1.1254
1.10938
1.08407
1.05077
1.01258
0.97429
0.941553
0.919865
0.913146
0.922148
0.943907
0.973221
1.00474
1.03423
1.0587
1.07622
1.08588
1.08768
1.08256
1.07224
1.05902
1.04546
1.03384
1.02561
1.02103
1.01901
1.01776
1.01546
1.01107
1.00469
0.997378
0.990698
0.986313
0.985538
0.989362
0.998338
1.01243
1.0308
1.05156
1.072
1.08904
1.09997
1.10313
1.09823
1.08639
1.0699
1.05152
1.03383
1.01864
1.00665
0.997397
0.989836
0.982749
0.975314
0.967459
0.959811
0.95317
0.948049
0.944589
0.942849
0.942991
0.945607
0.951245
0.960083
0.971527
0.984252
0.996378
1.00601
1.01171
1.01282
1.00982
1.00424
0.998286
0.994517
0.994971
1.00045
1.01034
1.02288
1.03618
1.04892
1.06047
1.07055
1.07892
1.0852
1.08902
1.09008
1.08839
1.08443
1.07912
1.07374
1.06957
1.06748
1.06733
1.06804
1.06783
1.06472
1.05715
1.04434
1.02674
1.00594
0.98463
0.9661
0.953399
0.948632
0.95229
0.96329
0.979432
0.998143
1.01706
1.0345
1.0495
1.06171
1.07108
1.07759
1.08106
1.08122
1.07791
1.07147
1.06279
1.05302
1.0431
1.03363
1.02449
1.01498
1.00423
0.991736
0.977613
0.962696
0.948594
0.937231
0.93051
0.929608
0.934741
0.945324
0.960532
0.979695
1.00214
1.02688
1.05209
1.07523
1.09346
1.10436
1.10625
1.09863
1.08203
1.0583
1.03081
1.00445
0.985058
0.977946
0.986123
1.0089
1.04206
1.07928
1.11409
1.14128
1.15765
1.16201
1.15506
1.13905
1.11734
1.09376
1.07196
1.05463
1.04304
1.03703
1.03537
1.03624
1.03775
1.03814
1.03596
1.03017
1.02014
1.00551
0.986285
0.963012
0.937073
0.910752
0.887078
0.869232
0.859791
0.859988
0.869332
0.885928
0.907228
0.930602
0.953961
0.975875
0.995447
1.01227
1.02622
1.03743
1.04623
1.05319
1.05903
1.06454
1.07044
1.07711
1.08459
1.09246
1.10007
1.1067
1.11175
1.11473
1.11508
1.11225
1.10583
1.09589
1.0829
1.06773
1.0514
1.03486
1.01856
1.00258
0.986817
0.971354
0.956813
0.944431
0.935716
0.931886
0.93355
0.940431
0.951486
0.96546
0.981141
0.997518
1.01381
1.02938
1.04344
1.05524
1.06396
1.06883
1.06941
1.06565
1.05818
1.04831
1.03801
1.02946
1.02445
1.02387
1.02733
1.03329
1.03978
1.20358
1.2021
1.19676
1.18988
1.18322
1.17726
1.17125
1.16407
1.15506
1.14437
1.13296
1.12226
1.11383
1.10901
1.10856
1.11221
1.11852
1.12506
1.12909
1.12832
1.12165
1.10935
1.09272
1.07346
1.05321
1.0339
1.01835
1.01048
1.01404
1.03053
1.05771
1.09051
1.12316
1.1509
1.17051
1.18021
1.17921
1.16776
1.1471
1.11957
1.08843
1.05749
1.03059
1.01122
1.00159
1.00214
1.01136
1.02651
1.0445
1.06283
1.07989
1.09485
1.10719
1.11651
1.12237
1.12462
1.12352
1.12
1.11543
1.11138
1.10925
1.10994
1.11361
1.11991
1.12815
1.13743
1.14687
1.15554
1.16261
1.16763
1.17064
1.17217
1.1728
1.17299
1.17305
1.17353
1.17512
1.1787
1.18482
1.19315
1.20219
1.20923
1.2109
1.20407
1.1867
1.15875
1.12232
1.08124
1.04012
1.00317
0.973625
0.95328
0.942524
0.940523
0.945782
0.956416
0.970511
0.986292
1.00254
1.01889
1.03561
1.05305
1.07099
1.08835
1.10354
1.11515
1.12217
1.12404
1.12076
1.11303
1.1024
1.0911
1.08182
1.07713
1.079
1.0883
1.10451
1.12574
1.14921
1.17185
1.19094
1.20452
1.21163
1.21207
1.20647
1.19607
1.18249
1.16724
1.15156
1.13626
1.12192
1.10914
1.09835
1.08971
1.08324
1.07892
1.07704
1.07809
1.08264
1.09098
1.10265
1.11621
1.1294
1.13989
1.1459
1.14692
1.14362
1.13735
1.12929
1.12036
1.11138
1.10331
1.09734
1.09477
1.09652
1.10271
1.11231
1.12303
1.13185
1.13569
1.13231
1.12091
1.10229
1.07869
1.05309
1.02864
1.00809
0.99364
0.987044
0.989582
1.00202
1.02415
1.05453
1.09031
1.12759
1.16207
1.18983
1.20784
1.21441
1.20923
1.19337
1.16923
1.14021
1.11031
1.08331
1.06235
1.04926
1.04448
1.04748
1.05709
1.0717
1.08951
1.10882
1.12814
1.14587
1.15994
1.16799
1.16819
1.16032
1.14635
1.12984
1.11445
1.10283
1.09612
1.09444
1.09734
1.1042
1.11435
1.12694
1.14084
1.15464
1.167
1.17693
1.18405
1.18815
1.18901
1.18603
1.1783
1.16491
1.14531
1.11972
1.08905
1.05506
1.02019
0.98746
0.960363
0.942304
0.936112
0.943543
0.964723
0.998043
1.04024
1.08681
1.13266
1.17316
1.20488
1.22598
1.23642
1.23756
1.23163
1.22115
1.20846
1.19522
1.18227
1.16963
1.15673
1.14267
1.12657
1.10793
1.08674
1.06369
1.0402
1.01843
1.0008
0.989478
0.98577
0.989842
1.00074
1.01679
1.03575
1.0551
1.07213
1.08417
1.08908
1.08574
1.07464
1.0581
1.04014
1.02558
1.0187
1.02209
1.03609
1.05924
1.08903
1.12258
1.15707
1.18974
1.21797
1.23953
1.25275
1.25694
1.25242
1.2403
1.22222
1.20022
1.17643
1.1529
1.13126
1.11252
1.09701
1.08459
1.07506
1.06849
1.06549
1.06701
1.07377
1.08572
1.10159
1.11898
1.13496
1.1468
1.15248
1.15083
1.14155
1.12546
1.10421
1.08028
1.05634
1.03483
1.01753
1.00524
0.997962
0.995394
0.997217
1.00323
1.01299
1.02561
1.03972
1.05398
1.06741
1.07963
1.0909
1.10165
1.1123
1.12279
1.13262
1.14099
1.14711
1.15032
1.15036
1.14741
1.14201
1.13483
1.12642
1.11702
1.10654
1.09495
1.08278
1.07122
1.06185
1.05618
1.0551
1.05878
1.06664
1.07756
1.08974
1.10098
1.1094
1.11421
1.11613
1.11735
1.1208
1.12905
1.14332
1.16301
1.18568
1.20768
1.22498
1.23404
1.23264
1.22031
1.19835
1.16961
1.138
1.10806
1.08429
1.07033
1.06812
1.07669
1.09218
1.10949
1.12414
1.13377
1.13832
1.13931
1.13884
1.13878
1.14002
1.14247
1.14526
1.14708
1.14667
1.14306
1.13593
1.12563
1.11331
1.10043
1.08855
1.07867
1.07081
1.06421
1.05798
1.0519
1.04696
1.04498
1.04725
1.05292
1.05893
1.06162
1.05881
1.05083
1.04011
1.03013
1.02396
1.02337
1.02838
1.03757
1.04876
1.05969
1.06872
1.07492
1.07808
1.07839
1.07641
1.073
1.06931
1.06683
1.06716
1.0717
1.08113
1.09526
1.11303
1.13281
1.15291
1.17162
1.18726
1.1982
1.20272
1.19946
1.18769
1.16784
1.14173
1.11234
1.08326
1.05798
1.03925
1.02905
1.02869
1.0387
1.05884
1.08789
1.12334
1.16149
1.19808
1.2289
1.25026
1.25943
1.25504
1.23704
1.20703
1.16802
1.12381
1.07808
1.0339
0.994162
0.961996
0.940417
0.931596
0.935889
0.951417
0.974682
1.00141
1.02787
1.05144
1.07082
1.08582
1.09687
1.10517
1.11221
1.11943
1.12744
1.13581
1.14309
1.14749
1.14774
1.14371
1.13631
1.12708
1.11765
1.10964
1.10467
1.10406
1.10824
1.11638
1.12674
1.13721
1.14597
1.15189
1.15487
1.15571
1.15573
1.1561
1.15751
1.1602
1.16418
1.1693
1.17526
1.18127
1.1861
1.18795
1.18481
1.17493
1.15758
1.13342
1.10494
1.07631
1.0527
1.03872
1.03674
1.04584
1.06237
1.08176
1.10036
1.11627
1.12921
1.13963
1.14792
1.15399
1.15755
1.15839
1.15674
1.15332
1.14905
1.14454
1.13974
1.13407
1.12685
1.11771
1.10695
1.09534
1.08364
1.07225
1.06149
1.05177
1.0438
1.03837
1.03612
1.03736
1.04198
1.04947
1.05901
1.06984
1.08124
1.09269
1.10369
1.1134
1.12068
1.12419
1.12315
1.11755
1.10836
1.09738
1.08695
1.07941
1.07646
1.07868
1.08522
1.09426
1.10372
1.11189
1.11775
1.12098
1.1218
1.12083
1.11891
1.11696
1.11598
1.11675
1.11941
1.12304
1.12589
1.12628
1.12332
1.1171
1.1084
1.09821
1.08752
1.07702
1.0671
1.05807
1.05086
1.04722
1.04939
1.05886
1.07538
1.09705
1.1211
1.14468
1.16552
1.18205
1.19341
1.19913
1.1993
1.19448
1.18573
1.17465
1.1632
1.15326
1.14613
1.14226
1.14137
1.14273
1.14556
1.14941
1.15415
1.15964
1.16538
1.17006
1.17153
1.16718
1.15474
1.1333
1.10424
1.07126
1.03929
1.01273
0.994079
0.983893
0.981481
0.985895
0.996167
1.01104
1.02873
1.04697
1.06326
1.07532
1.0816
1.08187
1.07764
1.07199
1.0686
1.07038
1.07846
1.09201
1.10879
1.12635
1.14302
1.15816
1.17199
1.18503
1.19719
1.20743
1.21402
1.21528
1.21045
1.19998
1.1852
1.16771
1.14896
1.13014
1.11252
1.09743
1.08615
1.07954
1.07763
1.07978
1.0848
1.091
1.09645
1.0994
1.09905
1.09605
1.09227
1.09
1.09095
1.09558
1.10282
1.11056
1.11648
1.11887
1.1172
1.11224
1.10553
1.09879
1.09352
1.09087
1.09178
1.09676
1.10579
1.11796
1.13155
1.1442
1.15338
1.1568
1.1529
1.14107
1.12177
1.09645
1.06755
1.03835
1.01259
0.993833
0.984648
0.98601
0.99729
1.01671
1.04204
1.07091
1.10106
1.1303
1.15691
1.17971
1.1983
1.21268
1.22313
1.22973
1.2323
1.23076
1.22513
1.21566
1.20267
1.18643
1.16715
1.14544
1.12256
1.10033
1.08074
1.06568
1.05632
1.05278
1.05402
1.0583
1.06394
1.07018
1.07747
1.08692
1.09927
1.11411
1.13016
1.14566
1.15883
1.16793
1.17135
1.16804
1.15802
1.14247
1.12378
1.10491
1.08865
1.07668
1.06912
1.06485
1.06227
1.0601
1.05763
1.05476
1.05185
1.04976
1.04977
1.0535
1.06241
1.07675
1.0952
1.11475
1.13143
1.14172
1.1433
1.13582
1.12046
1.09962
1.0764
1.05433
1.03713
1.02788
1.02822
1.0376
1.0535
1.07247
1.0912
1.10727
1.11919
1.12632
1.12876
1.1272
1.12302
1.11782
1.11308
1.10977
1.108
1.10698
1.10535
1.10186
1.09606
1.08879
1.08213
1.07872
1.08045
1.08778
1.09969
1.1141
1.1289
1.14245
1.15386
1.16305
1.17045
1.17692
1.18306
1.18917
1.19512
1.2003
1.20392
1.20515
1.20328
1.19802
1.18962
1.17881
1.16641
1.15295
1.13838
1.1223
1.10453
1.0856
1.06734
1.05229
1.043
1.04084
1.04531
1.05418
1.06449
1.07356
1.07983
1.08279
1.08277
1.0804
1.07635
1.07137
1.06622
1.06156
1.0579
1.05566
1.05543
1.05794
1.06389
1.07351
1.08645
1.10178
1.11842
1.13522
1.15108
1.1647
1.17452
1.17882
1.17606
1.16554
1.14761
1.12383
1.0968
1.06987
1.04653
1.02975
1.02116
1.02047
1.02585
1.03493
1.04574
1.05726
1.06928
1.08224
1.09675
1.11322
1.13149
1.15072
1.16957
1.18649
1.20021
1.20993
1.21527
1.21624
1.21315
1.20649
1.19705
1.18569
1.1732
1.16001
1.14609
1.13132
1.11605
1.10113
1.08789
1.07732
1.06978
1.06488
1.062
1.06066
1.06046
1.06103
1.06175
1.06172
1.05984
1.05497
1.04612
1.033
1.01645
0.998624
0.982569
0.971688
0.968848
0.975629
0.991958
1.01595
1.04442
1.07372
1.10058
1.12272
1.13931
1.15083
1.15853
1.16374
1.16729
1.16935
1.16976
1.16824
1.16476
1.15973
1.1538
1.14775
1.14222
1.13754
1.13385
1.13156
1.13134
1.13428
1.14135
1.15268
1.16681
1.18066
1.19045
1.19279
1.18571
1.16877
1.14309
1.11113
1.07627
1.04235
1.01306
0.991694
0.980722
0.981542
0.994021
1.01636
1.04526
1.07667
1.10663
1.13199
1.15083
1.16246
1.16705
1.16548
1.15911
1.14949
1.13817
1.12655
1.11555
1.10555
1.09663
1.08885
1.08273
1.07926
1.07945
1.08386
1.09241
1.10428
1.11795
1.13131
1.1419
1.14749
1.14654
1.13882
1.12551
1.10934
1.09388
1.08234
1.07633
1.07553
1.07848
1.08386
1.09081
1.09905
1.10857
1.1195
1.13185
1.14476
1.15634
1.1641
1.1655
1.15929
1.14616
1.12889
1.1116
1.09819
1.09077
1.08929
1.09226
1.09747
1.10259
1.10572
1.10605
1.10417
1.10191
1.10181
1.20351
1.20943
1.21603
1.22026
1.21915
1.21094
1.19581
1.17591
1.15507
1.13802
1.12885
1.12924
1.13736
1.14866
1.15824
1.16335
1.16401
1.16228
1.16086
1.16163
1.16479
1.16905
1.17238
1.17293
1.1697
1.16287
1.15374
1.14409
1.13538
1.12834
1.12301
1.11887
1.11511
1.11085
1.10528
1.09823
1.09091
1.08611
1.08744
1.0976
1.11657
1.14143
1.16776
1.19133
1.20917
1.21993
1.22359
1.2209
1.21318
1.20195
1.18876
1.17524
1.163
1.15367
1.14864
1.14866
1.15334
1.16116
1.16993
1.17735
1.18159
1.18154
1.17687
1.16812
1.15658
1.14414
1.13291
1.12475
1.1209
1.12194
1.1279
1.13853
1.15317
1.17049
1.18803
1.20251
1.21076
1.21048
1.20104
1.18336
1.1598
1.13393
1.11032
1.09428
1.09093
1.10292
1.12814
1.15998
1.19007
1.21136
1.2198
1.21472
1.19851
1.17607
1.15388
1.13839
1.13377
1.14048
1.15582
1.17608
1.198
1.21908
1.2376
1.25243
1.26302
1.26925
1.2713
1.26945
1.26392
1.25467
1.24145
1.22408
1.20274
1.17814
1.15175
1.12557
1.10183
1.0826
1.06944
1.06304
1.06285
1.06733
1.07416
1.08107
1.08633
1.08914
1.08974
1.08898
1.08801
1.08781
1.08908
1.09235
1.09786
1.10612
1.11782
1.13363
1.15366
1.17679
1.20049
1.22114
1.23489
1.23867
1.23111
1.21339
1.18932
1.16454
1.14452
1.13281
1.13025
1.13538
1.14544
1.15738
1.16887
1.17876
1.18699
1.19409
1.20038
1.20572
1.20984
1.2128
1.21484
1.21609
1.21627
1.21482
1.21117
1.20469
1.19453
1.17972
1.15959
1.13478
1.10789
1.08308
1.06475
1.05574
1.05626
1.06404
1.07561
1.08782
1.09888
1.10834
1.11686
1.12543
1.13474
1.14506
1.15616
1.16752
1.17849
1.18872
1.19792
1.20575
1.2116
1.21443
1.21301
1.20638
1.19433
1.17778
1.15899
1.14121
1.12787
1.12128
1.12181
1.12795
1.13708
1.14643
1.15367
1.15719
1.15646
1.15203
1.14554
1.1393
1.13563
1.13587
1.1397
1.1454
1.15016
1.15104
1.14566
1.13305
1.11413
1.09204
1.07146
1.05704
1.05193
1.05694
1.07057
1.08959
1.11011
1.12891
1.14444
1.15687
1.1675
1.17786
1.18882
1.20042
1.21212
1.22327
1.23356
1.24296
1.25138
1.25817
1.26216
1.2621
1.25734
1.24839
1.23696
1.22539
1.21562
1.20824
1.20235
1.19628
1.18836
1.17751
1.16343
1.14671
1.12862
1.11114
1.09674
1.08798
1.0865
1.09194
1.10179
1.11258
1.12158
1.12771
1.1315
1.13419
1.13695
1.14053
1.14549
1.15229
1.16112
1.17171
1.1832
1.19432
1.20369
1.20999
1.2119
1.20804
1.19702
1.17813
1.15217
1.12203
1.09269
1.07011
1.05947
1.06321
1.08026
1.10688
1.13813
1.16912
1.19583
1.21548
1.22674
1.2297
1.2258
1.21724
1.20628
1.19431
1.18128
1.16628
1.14844
1.12809
1.107
1.08784
1.07349
1.06657
1.06892
1.08129
1.10304
1.1319
1.16425
1.19585
1.22295
1.24309
1.25551
1.26103
1.26176
1.26043
1.25962
1.26106
1.26531
1.27163
1.27834
1.283
1.28288
1.27544
1.2589
1.23278
1.19839
1.15879
1.11859
1.08293
1.0564
1.0418
1.03962
1.0482
1.06425
1.08358
1.1019
1.11555
1.12204
1.12046
1.11169
1.09806
1.08263
1.06827
1.05731
1.05161
1.0524
1.0604
1.07542
1.09629
1.12122
1.14841
1.17638
1.20376
1.22925
1.2514
1.26868
1.2796
1.2832
1.27927
1.26862
1.25327
1.23614
1.2205
1.20905
1.20295
1.20147
1.20221
1.20207
1.19843
1.19035
1.17894
1.16672
1.15643
1.14953
1.14558
1.14299
1.14022
1.13706
1.13475
1.13523
1.14002
1.14936
1.16223
1.17658
1.18986
1.19993
1.20583
1.20816
1.20872
1.20953
1.21189
1.21562
1.21917
1.22031
1.21713
1.20884
1.196
1.18015
1.16303
1.14593
1.12972
1.11519
1.10362
1.09684
1.09665
1.10351
1.11573
1.12969
1.14147
1.14825
1.149
1.14447
1.13639
1.12691
1.11813
1.11197
1.11001
1.11311
1.12096
1.13172
1.14237
1.14944
1.15042
1.14474
1.13414
1.12221
1.11324
1.1106
1.11578
1.12811
1.14542
1.16499
1.18447
1.202
1.21642
1.22694
1.23302
1.23411
1.2301
1.22132
1.20868
1.1935
1.17724
1.1613
1.14689
1.13484
1.12553
1.11892
1.1146
1.11224
1.11211
1.11515
1.12262
1.13519
1.15223
1.17183
1.19137
1.20838
1.22113
1.22901
1.23226
1.23147
1.22737
1.22058
1.21179
1.202
1.19265
1.18512
1.1802
1.17748
1.17552
1.17244
1.16699
1.15924
1.1507
1.14375
1.14071
1.14291
1.15007
1.1605
1.17151
1.18026
1.18451
1.18324
1.1768
1.1669
1.15599
1.14616
1.13818
1.13144
1.12468
1.11706
1.10861
1.10013
1.09299
1.08881
1.08909
1.09484
1.10626
1.1227
1.14251
1.16328
1.18231
1.19722
1.2064
1.20945
1.20683
1.19962
1.18895
1.17592
1.16159
1.14708
1.13377
1.12343
1.11816
1.11963
1.12833
1.14328
1.16224
1.18246
1.20133
1.21657
1.22637
1.22969
1.22625
1.21647
1.2014
1.18262
1.1624
1.1436
1.12944
1.12287
1.12576
1.13841
1.15927
1.18492
1.21062
1.23141
1.24318
1.24344
1.23183
1.21009
1.18186
1.15199
1.12525
1.1053
1.09413
1.0921
1.09846
1.11173
1.12991
1.15047
1.17057
1.18719
1.19762
1.20004
1.19401
1.18065
1.16209
1.14108
1.12039
1.1023
1.08841
1.07967
1.07656
1.07936
1.08825
1.10336
1.12417
1.14913
1.17577
1.2013
1.2236
1.2417
1.25555
1.26527
1.27094
1.27252
1.2701
1.26403
1.25453
1.24192
1.22649
1.20883
1.19006
1.17176
1.15537
1.14165
1.13027
1.12003
1.10948
1.09794
1.08601
1.07551
1.06855
1.06645
1.06903
1.07486
1.08193
1.0883
1.09263
1.09422
1.09326
1.09061
1.08751
1.08549
1.08593
1.09009
1.09874
1.11178
1.12812
1.14606
1.16387
1.1803
1.19479
1.20709
1.21716
1.22524
1.23191
1.23817
1.24515
1.25373
1.26409
1.27541
1.28605
1.29377
1.29627
1.29179
1.27951
1.25982
1.23456
1.20663
1.17948
1.1563
1.13907
1.12807
1.122
1.11873
1.1162
1.11291
1.10813
1.10212
1.09678
1.09534
1.10135
1.11715
1.14259
1.17507
1.21049
1.24437
1.27263
1.29202
1.3003
1.29637
1.28047
1.25429
1.22056
1.18264
1.14392
1.1075
1.07611
1.05213
1.03754
1.0336
1.04058
1.05748
1.08197
1.11093
1.1408
1.16818
1.19028
1.20516
1.21212
1.2117
1.2054
1.1953
1.18344
1.17122
1.15933
1.14799
1.13735
1.12814
1.12169
1.11944
1.12231
1.13005
1.14116
1.15317
1.16328
1.16877
1.16792
1.16063
1.1486
1.13515
1.12431
1.11966
1.12351
1.13648
1.15766
1.18474
1.2144
1.24282
1.26636
1.28191
1.28734
1.28159
1.2646
1.23728
1.20158
1.16061
1.11844
1.07951
1.04795
1.02682
1.01761
1.01979
1.03042
1.04491
1.05922
1.07193
1.08473
1.10091
1.12278
1.14942
1.17683
1.20004
1.21544
1.22139
1.21825
1.20752
1.19165
1.17376
1.15746
1.14658
1.14436
1.15242
1.17019
1.19506
1.22331
1.25109
1.27506
1.29265
1.30222
1.30305
1.29521
1.27974
1.25864
1.23491
1.21203
1.19318
1.18037
1.17378
1.17157
1.17043
1.16659
1.15712
1.14061
1.11764
1.09058
1.06283
1.0378
1.018
1.00465
0.997786
0.996791
1.00099
1.00999
1.02371
1.04204
1.06466
1.09078
1.11893
1.14742
1.1745
1.19881
1.21943
1.23614
1.24913
1.2588
1.26541
1.26901
1.26961
1.26717
1.26175
1.2536
1.24313
1.23084
1.2171
1.20216
1.18625
1.16974
1.1533
1.13789
1.12479
1.11534
1.1104
1.11004
1.11322
1.11818
1.12294
1.12583
1.12575
1.12255
1.11697
1.11064
1.10561
1.10395
1.10699
1.11493
1.12679
1.14062
1.15422
1.16553
1.17318
1.17693
1.17745
1.17616
1.17478
1.17477
1.17694
1.18133
1.18725
1.19374
1.19981
1.20495
1.20913
1.21271
1.21588
1.21844
1.21967
1.21822
1.21269
1.20227
1.18709
1.16847
1.14877
1.1308
1.11708
1.10914
1.10708
1.10946
1.11372
1.11707
1.11707
1.11239
1.10312
1.09065
1.07726
1.06541
1.05697
1.05315
1.05465
1.06228
1.07691
1.09891
1.12723
1.15942
1.19227
1.22295
1.24948
1.2706
1.28542
1.29307
1.29268
1.28354
1.26556
1.23974
1.20851
1.1758
1.14661
1.12592
1.11751
1.12265
1.1397
1.16462
1.19214
1.21681
1.23412
1.24115
1.23694
1.22258
1.2008
1.17524
1.1495
1.12643
1.1076
1.09344
1.08363
1.07757
1.07471
1.07475
1.07763
1.0833
1.09131
1.10088
1.11109
1.12142
1.13216
1.14441
1.15921
1.17675
1.19615
1.21575
1.23401
1.24959
1.26153
1.26877
1.27017
1.26446
1.25095
1.23027
1.20452
1.17692
1.15078
1.12866
1.11227
1.10255
1.10007
1.10515
1.11761
1.13639
1.1593
1.18296
1.2036
1.21797
1.22413
1.22161
1.21135
1.1952
1.17549
1.15451
1.134
1.11498
1.09822
1.08493
1.07727
1.07822
1.09044
1.11468
1.14909
1.18953
1.23071
1.26748
1.29574
1.31278
1.3173
1.30935
1.29046
1.26332
1.23172
1.19988
1.17137
1.14809
1.13018
1.11665
1.10612
1.09761
1.09061
1.08504
1.08093
1.07849
1.07819
1.08058
1.086
1.09432
1.10492
1.11712
1.13031
1.14399
1.15737
1.16926
1.17859
1.18486
1.18821
1.18902
1.18755
1.1838
1.17793
1.1705
1.16258
1.15546
1.15023
1.1476
1.14779
1.15045
1.15485
1.16032
1.16629
1.1725
1.17872
1.18461
1.18958
1.1932
1.19522
1.19555
1.19408
1.19075
