-6.65046
-6.6469
-6.63038
-6.61548
-6.60059
-6.59314
-6.58893
-6.58665
-6.58471
-6.58179
-6.58081
-6.57952
-6.57661
-6.57628
-6.57564
-6.57338
-6.57371
-6.57306
-6.57533
-6.57565
-6.57598
-6.57598
-6.57565
-6.57759
-6.57792
-6.57759
-6.5763
-6.57791
-6.57888
-6.57824
-6.57824
-6.57921
-6.58018
-6.58018
-6.57986
-6.58051
-6.58245
-6.58472
-6.5844
-6.58343
-6.58407
-6.58278
-6.58342
-6.58342
-6.58472
-6.58342
-6.58148
-6.58277
-6.58213
-6.58375
-6.5818
-6.58116
-6.58018
-6.58018
-6.58115
-6.57986
-6.57889
-6.57954
-6.58083
-6.5831
-6.58407
-6.58375
-6.58407
-6.58375
-6.5831
-6.58407
-6.58634
-6.58634
-6.58504
-6.58439
-6.58472
-6.58375
-6.5831
-6.58504
-6.58666
-6.5831
-6.58343
-6.5844
-6.58602
-6.58407
-6.5831
-6.5831
-6.58213
-6.58148
-6.58245
-6.58342
-6.58245
-6.58407
-6.58213
-6.58181
-6.58245
-6.58213
-6.58148
-6.58245
-6.58051
-6.58019
-6.57825
-6.57857
-6.57825
-6.57695
-6.57663
-6.57695
-6.57695
-6.57566
-6.5763
-6.57663
-6.5776
-6.58019
-6.57954
-6.57987
-6.57857
-6.57825
-6.58051
-6.58181
-6.58408
-6.58505
-6.58505
-6.5857
-6.58602
-6.58667
-6.58699
-6.58732
-6.5857
-6.5857
-6.58699
-6.58505
-6.58699
-6.58602
-6.58634
-6.58602
-6.5857
-6.58602
-6.58505
-6.58602
-6.58602
-6.58666
-6.58602
-6.58796
-6.58504
-6.58504
-6.5831
-6.5831
-6.5831
-6.58213
-6.58246
-6.58473
-6.58538
-6.58376
-6.58473
-6.58408
-6.58311
-6.58149
-6.58149
-6.57954
-6.58084
-6.5776
-6.57922
-6.57857
-6.57889
-6.57954
-6.57792
-6.57727
-6.5763
-6.57663
-6.57663
-6.57728
-6.57954
-6.58052
-6.58084
-6.57954
-6.57922
-6.58019
-6.57922
-6.57857
-6.5789
-6.57922
-6.58019
-6.57922
-6.57954
-6.57954
-6.58149
-6.58116
-6.58084
-6.58214
-6.58408
-6.58473
-6.5844
-6.58441
-6.58376
-6.58603
-6.58635
-6.58473
-6.58441
-6.58506
-6.58505
-6.58473
-6.58473
-6.58279
-6.58181
-6.58084
-6.57954
-6.5789
-6.58117
-6.58117
-6.58149
-6.58117
-6.58182
-6.58311
-6.58344
-6.58311
-6.58085
-6.57858
-6.57955
-6.58084
-6.58246
-6.58343
-6.58699
-6.58764
-6.58829
-6.58829
-6.58635
-6.58667
-6.58667
-6.5857
-6.58344
-6.58441
-6.58279
-6.58343
-6.58311
-6.58246
-6.58473
-6.58538
-6.58376
-6.58019
-6.57922
-6.57793
-6.57663
-6.57857
-6.57922
-6.58084
-6.57922
-6.57955
-6.57987
-6.57825
-6.57955
-6.5776
-6.5776
-6.57922
-6.5789
-6.5789
-6.57987
-6.58213
-6.58278
-6.58246
-6.57987
-6.58375
-6.58375
-6.58375
-6.5844
-6.58375
-6.58213
-6.5831
-6.58408
-6.58602
-6.58537
-6.5844
-6.58343
-6.58311
-6.58408
-6.58375
-6.58149
-6.58051
-6.58213
-6.58084
-6.58084
-6.57986
-6.57857
-6.57663
-6.57728
-6.57792
-6.57954
-6.57922
-6.58246
-6.58246
-6.58181
-6.58343
-6.58375
-6.58181
-6.58084
-6.58149
-6.58181
-6.58343
-6.58343
-6.58116
-6.57954
-6.58181
-6.58505
-6.58602
-6.58407
-6.5844
-6.58505
-6.58181
-6.58213
-6.58246
-6.57954
-6.57857
-6.57857
-6.57663
-6.57922
-6.57986
-6.58019
-6.58018
-6.58083
-6.58116
-6.58213
-6.5818
-6.58148
-6.58148
-6.58375
-6.58213
-6.58181
-6.58148
-6.58342
-6.58343
-6.58342
-6.58342
-6.58439
-6.58342
-6.58342
-6.58504
-6.58375
-6.58472
-6.5844
-6.58342
-6.58148
-6.58148
-6.58116
-6.58245
-6.58277
-6.58277
-6.58212
-6.58083
-6.58342
-6.58213
-6.58407
-6.58277
-6.58278
-6.58148
-6.57889
-6.58213
-6.5831
-6.5818
-6.58245
-6.5831
-6.58439
-6.58504
-6.58277
-6.58213
-6.57889
-6.57889
-6.58051
-6.58148
-6.58083
-6.58083
-6.58018
-6.58083
-6.5805
-6.58018
-6.58018
-6.5818
-6.58342
-6.58148
-6.58115
-6.58115
-6.58277
-6.58212
-6.58342
-6.58633
-6.58666
-6.58698
-6.58698
-6.58569
-6.58633
-6.58472
-6.58828
-6.58634
-6.58601
-6.58634
-6.58536
-6.58537
-6.58569
-6.58407
-6.5831
-6.58375
-6.58439
-6.58439
-6.58472
-6.58569
-6.58634
-6.58634
-6.5844
-6.58213
-6.58407
-6.58375
-6.58407
-6.58407
-6.58375
-6.58213
-6.58278
-6.5831
-6.58213
-6.58213
-6.58246
-6.58278
-6.58116
-6.58278
-6.5844
-6.58375
-6.58343
-6.58278
-6.58213
-6.58504
-6.58504
-6.58569
-6.58537
-6.58569
-6.58407
-6.58407
-6.58343
-6.58084
-6.58116
-6.58084
-6.58148
-6.5831
-6.5844
-6.58407
-6.58278
-6.58407
-6.5844
-6.5831
-6.58213
-6.58181
-6.58246
-6.57986
-6.58019
-6.58019
-6.57922
-6.57954
-6.57986
-6.57986
-6.57986
-6.57921
-6.57889
-6.57889
-6.57695
-6.57727
-6.57565
-6.57792
-6.57922
-6.58083
-6.58278
-6.58213
-6.58342
-6.58439
-6.58439
-6.58537
-6.58472
-6.58407
-6.58666
-6.58504
-6.58472
-6.58148
-6.58083
-6.58083
-6.57986
-6.58083
-6.58342
-6.58277
-6.58116
-6.58116
-6.57954
-6.58083
-6.58213
-6.58051
-6.57953
-6.58148
-6.58277
-6.58277
-6.58051
-6.58083
-6.58115
-6.57954
-6.58115
-6.58083
-6.58277
-6.5818
-6.58244
-6.58212
-6.58018
-6.58083
-6.58083
-6.58342
-6.58147
-6.58212
-6.5818
-6.58115
-6.58245
-6.58342
-6.58374
-6.5831
-6.5831
-6.58148
-6.58277
-6.58277
-6.58212
-6.58374
-6.58147
-6.5818
-6.58341
-6.58309
-6.5818
-6.58342
-6.58342
-6.58277
-6.58342
-6.58374
-6.58407
-6.58374
-6.58439
-6.58342
-6.58277
-6.58147
-6.5818
-6.5792
-6.57759
-6.5805
-6.58082
-6.58212
-6.58277
-6.58504
-6.58342
-6.58277
-6.58374
-6.58472
-6.58601
-6.58731
-6.58504
-6.58601
-6.58439
-6.58472
-6.58536
-6.58536
-6.58504
-6.58601
-6.58666
-6.58504
-6.58407
-6.58278
-6.58375
-6.58537
-6.58634
-6.58472
-6.58407
-6.58083
-6.58181
-6.57986
-6.5831
-6.58245
-6.58083
-6.57954
-6.57889
-6.5776
-6.57824
-6.57922
-6.57825
-6.5763
-6.57824
-6.57727
-6.57727
-6.57662
-6.57727
-6.5763
-6.57857
-6.57889
-6.58116
-6.58245
-6.58181
-6.58148
-6.58213
-6.58213
-6.58116
-6.5818
-6.58148
-6.5818
-6.58245
-6.58601
-6.58731
-6.58763
-6.58698
-6.58763
-6.58666
-6.58666
-6.58407
-6.58472
-6.58504
-6.58763
-6.58828
-6.58763
-6.58666
-6.58602
-6.58375
-6.58375
-6.58375
-6.58634
-6.58796
-6.58731
-6.58731
-6.58537
-6.58472
-6.58407
-6.58407
-6.58375
-6.58343
-6.58181
-6.58278
-6.58116
-6.58084
-6.58084
-6.57987
-6.57922
-6.57954
-6.58019
-6.58084
-6.58116
-6.58116
-6.58148
-6.58116
-6.58116
-6.58343
-6.5844
-6.5844
-6.58343
-6.58246
-6.5831
-6.58245
-6.57922
-6.57954
-6.57954
-6.57889
-6.58051
-6.57954
-6.58051
-6.58083
-6.58213
-6.58148
-6.58342
-6.58472
-6.58439
-6.58472
-6.5844
-6.58504
-6.58699
-6.58537
-6.58407
-6.58407
-6.58375
-6.58375
-6.5831
-6.58407
-6.58504
-6.58731
-6.58601
-6.58504
-6.58472
-6.58504
-6.58342
-6.58148
-6.58018
-6.57921
-6.57921
-6.57792
-6.57856
-6.57727
-6.57824
-6.57792
-6.57792
-6.57921
-6.58116
-6.58213
-6.58213
-6.58342
-6.58278
-6.5831
-6.58342
-6.58342
-6.58472
-6.58602
-6.58472
-6.58602
-6.58634
-6.58634
-6.58537
-6.58634
-6.58504
-6.58375
-6.58343
-6.5831
-6.58051
-6.58019
-6.58181
-6.58084
-6.57954
-6.5789
-6.57987
-6.57987
-6.58278
-6.58602
-6.58472
-6.58408
-6.58246
-6.58116
-6.58148
-6.58245
-6.5831
-6.58375
-6.5844
-6.58246
-6.58408
-6.58408
-6.58375
-6.58472
-6.58407
-6.58343
-6.58343
-6.58407
-6.58407
-6.58505
-6.58504
-6.58375
-6.58472
-6.58407
-6.58407
-6.5844
-6.58278
-6.5831
-6.58472
-6.58343
-6.5844
-6.58472
-6.58245
-6.58116
-6.58084
-6.58181
-6.57954
-6.58148
-6.58213
-6.58213
-6.58051
-6.58116
-6.58084
-6.58278
-6.58343
-6.5844
-6.58537
-6.58472
-6.58505
-6.5844
-6.58408
-6.5844
-6.58569
-6.58375
-6.58245
-6.57857
-6.57921
-6.58148
-6.5818
-6.58116
-6.58116
-6.58342
-6.58472
-6.58472
-6.58504
-6.58569
-6.58666
-6.58861
-6.58537
-6.58569
-6.58569
-6.58602
-6.58666
-6.5844
-6.58536
-6.58407
-6.58051
-6.58083
-6.5818
-6.58051
-6.58051
-6.58181
-6.58181
-6.58342
-6.58537
-6.58634
-6.58601
-6.58634
-6.58699
-6.58731
-6.58796
-6.58763
-6.58796
-6.58634
-6.58569
-6.58342
-6.58277
-6.58245
-6.58115
-6.5818
-6.5818
-6.5831
-6.58439
-6.58472
-6.58407
-6.58472
-6.58537
-6.5831
-6.58246
-6.58019
-6.57954
-6.5818
-6.58051
-6.57954
-6.57921
-6.57727
-6.57759
-6.57986
-6.58051
-6.58051
-6.57856
-6.57824
-6.57792
-6.57857
-6.57986
-6.58278
-6.58213
-6.57986
-6.58083
-6.58181
-6.58278
-6.58407
-6.5831
-6.58342
-6.58278
-6.58213
-6.58116
-6.58083
-6.58116
-6.57986
-6.57953
-6.57986
-6.58212
-6.5818
-6.5818
-6.58342
-6.5818
-6.58115
-6.58277
-6.58342
-6.58504
-6.58278
-6.5844
-6.58601
-6.58472
-6.58407
-6.58342
-6.58213
-6.58115
-6.58212
-6.58147
-6.58212
-6.58277
-6.58406
-6.58406
-6.5831
-6.5831
-6.58504
-6.58407
-6.5831
-6.58342
-6.58245
-6.58148
-6.58374
-6.58212
-6.58115
-6.58083
-6.58083
-6.57986
-6.57921
-6.57791
-6.57759
-6.58148
-6.58245
-6.58374
-6.58504
-6.58504
-6.58601
-6.58633
-6.58569
-6.58439
-6.5831
-6.58407
-6.58439
-6.58439
-6.58407
-6.58504
-6.58666
-6.58569
-6.58407
-6.58342
-6.58212
-6.58245
-6.58083
-6.5805
-6.58083
-6.5818
-6.57921
-6.57791
-6.57791
-6.57791
-6.57856
-6.57921
-6.57986
-6.5805
-6.57953
-6.58115
-6.58115
-6.58115
-6.58083
-6.58147
-6.58374
-6.58568
-6.58568
-6.58698
-6.58536
-6.58471
-6.58601
-6.58472
-6.58374
-6.58407
-6.58407
-6.58634
-6.58796
-6.58763
-6.58925
-6.58893
-6.58893
-6.58828
-6.58828
-6.58666
-6.58471
-6.58342
-6.58406
-6.58374
-6.58504
-6.58504
-6.58407
-6.58407
-6.58407
-6.5818
-6.58148
-6.58116
-6.58375
-6.58375
-6.5844
-6.5831
-6.57986
-6.57954
-6.57824
-6.57727
-6.57889
-6.58051
-6.58018
-6.57921
-6.57792
-6.57856
-6.58213
-6.5818
-6.58245
-6.58439
-6.58407
-6.58342
-6.58504
-6.58633
-6.58633
-6.58504
-6.58504
-6.58698
-6.58698
-6.58699
-6.58666
-6.58601
-6.03063
-6.03063
-6.03322
-6.03063
-6.02933
-6.02642
-6.02641
-6.02867
-6.02706
-6.0277
-6.02479
-6.02317
-6.02253
-6.02318
-6.02253
-6.0235
-6.02447
-6.02447
-6.02383
-6.02383
-6.02123
-6.02059
-6.02156
-6.02188
-6.02091
-6.02156
-6.02188
-6.0222
-6.02512
-6.02868
-6.02706
-6.02674
-6.02577
-6.02448
-6.02318
-6.02253
-6.02221
-6.02383
-6.02447
-6.02382
-6.02447
-6.02383
-6.02512
-6.02577
-6.0235
-6.02318
-6.02383
-6.02189
-6.02221
-6.02189
-6.02124
-6.01865
-6.01832
-6.01994
-6.01735
-6.01929
-6.01897
-6.01961
-6.02123
-6.02317
-6.02318
-6.02383
-6.02383
-6.02577
-6.02448
-6.02513
-6.02804
-6.02609
-6.02642
-6.02545
-6.02836
-6.02772
-6.0261
-6.0248
-6.02416
-6.02448
-6.02545
-6.02545
-6.0248
-6.02351
-6.02318
-6.02156
-6.0235
-6.02285
-6.02253
-6.02318
-6.02221
-6.02156
-6.02286
-6.02318
-6.02254
-6.02351
-6.02156
-6.02221
-6.02351
-6.02318
-6.02156
-6.02189
-6.02059
-6.02059
-6.02253
-6.02156
-6.02221
-6.02383
-6.02318
-6.02189
-6.02221
-6.01994
-6.01833
-6.01897
-6.01833
-6.02059
-6.02092
-6.02124
-6.01994
-6.02092
-6.02124
-6.02254
-6.02027
-6.02157
-6.02319
-6.02481
-6.02448
-6.0261
-6.02675
-6.02643
-6.02675
-6.0248
-6.02448
-6.02448
-6.02254
-6.02254
-6.02383
-6.02319
-6.02449
-6.02675
-6.02578
-6.02449
-6.02319
-6.02514
-6.02449
-6.02384
-6.02287
-6.02287
-6.02287
-6.02384
-6.02481
-6.02643
-6.02772
-6.02675
-6.0274
-6.02513
-6.02448
-6.02578
-6.02416
-6.02222
-6.02351
-6.02351
-6.02319
-6.02287
-6.02125
-6.0206
-6.0206
-6.02222
-6.02319
-6.02189
-6.02189
-6.02254
-6.02124
-6.02157
-6.02254
-6.02027
-6.02092
-6.02125
-6.02157
-6.01866
-6.01995
-6.01833
-6.01639
-6.01607
-6.01769
-6.01898
-6.01769
-6.0193
-6.02092
-6.02189
-6.02254
-6.02286
-6.02222
-6.02287
-6.02319
-6.02611
-6.02675
-6.02514
-6.02352
-6.02352
-6.02254
-6.02157
-6.02157
-6.02125
-6.02028
-6.02125
-6.02125
-6.02157
-6.0219
-6.02352
-6.02611
-6.0261
-6.02643
-6.02707
-6.02643
-6.02254
-6.02222
-6.02157
-6.02286
-6.02124
-6.02157
-6.01898
-6.01963
-6.01768
-6.01736
-6.01963
-6.01995
-6.02092
-6.02189
-6.02254
-6.02157
-6.02221
-6.02286
-6.02351
-6.02513
-6.02643
-6.02707
-6.02837
-6.02545
-6.02642
-6.02448
-6.02448
-6.02383
-6.02448
-6.0261
-6.02577
-6.02513
-6.02707
-6.02512
-6.02286
-6.02188
-6.02221
-6.02286
-6.02189
-6.02253
-6.02351
-6.02448
-6.0261
-6.02416
-6.02254
-6.02124
-6.02253
-6.01962
-6.02156
-6.02221
-6.02253
-6.02156
-6.02415
-6.02351
-6.02448
-6.02545
-6.02318
-6.02254
-6.02318
-6.02157
-6.02286
-6.02286
-6.02286
-6.02222
-6.02092
-6.02027
-6.0206
-6.02221
-6.02545
-6.02545
-6.02545
-6.02318
-6.02221
-6.02092
-6.02221
-6.02286
-6.02254
-6.02287
-6.02125
-6.02157
-6.02028
-6.01866
-6.02028
-6.01996
-6.01898
-6.01931
-6.01866
-6.01931
-6.02028
-6.02125
-6.02125
-6.02158
-6.02287
-6.02319
-6.02514
-6.02384
-6.0219
-6.02093
-6.02287
-6.02255
-6.02319
-6.02255
-6.02125
-6.02222
-6.0219
-6.02125
-6.01964
-6.01964
-6.01996
-6.01866
-6.01834
-6.01963
-6.0193
-6.02092
-6.0193
-6.01865
-6.01963
-6.01963
-6.01898
-6.0206
-6.02158
-6.02222
-6.0232
-6.02158
-6.0219
-6.0232
-6.02352
-6.02352
-6.02222
-6.01963
-6.0219
-6.01963
-6.01963
-6.01931
-6.01866
-6.01996
-6.01964
-6.01899
-6.01769
-6.01964
-6.02126
-6.0219
-6.02287
-6.02481
-6.02514
-6.02481
-6.02352
-6.02222
-6.0219
-6.02416
-6.02287
-6.0206
-6.02125
-6.0206
-6.02028
-6.0206
-6.02093
-6.02125
-6.02093
-6.01963
-6.01963
-6.01931
-6.02092
-6.02254
-6.02222
-6.02319
-6.02351
-6.02384
-6.02254
-6.02028
-6.02125
-6.02093
-6.02028
-6.01931
-6.01834
-6.02028
-6.02222
-6.02255
-6.02255
-6.02416
-6.02449
-6.02449
-6.02287
-6.02416
-6.02416
-6.02287
-6.02222
-6.02417
-6.02255
-6.02093
-6.02061
-6.01996
-6.02158
-6.01996
-6.01996
-6.01964
-6.01931
-6.01866
-6.01899
-6.01866
-6.0206
-6.02158
-6.02255
-6.0219
-6.02287
-6.02288
-6.02482
-6.02514
-6.0245
-6.02352
-6.02158
-6.02255
-6.02222
-6.0206
-6.02157
-6.02416
-6.02546
-6.02481
-6.02481
-6.02481
-6.02482
-6.02222
-6.02417
-6.0219
-6.02352
-6.02254
-6.02157
-6.02028
-6.02028
-6.01963
-6.02092
-6.01898
-6.01801
-6.01736
-6.01672
-6.01704
-6.01866
-6.02028
-6.02028
-6.02287
-6.02158
-6.02158
-6.02125
-6.02352
-6.02255
-6.0219
-6.02125
-6.02287
-6.02255
-6.02158
-6.02158
-6.01932
-6.02029
-6.0177
-6.01802
-6.02126
-6.0219
-6.02061
-6.02061
-6.02125
-6.02255
-6.02028
-6.02222
-6.0219
-6.02125
-6.02158
-6.02125
-6.02255
-6.0232
-6.02449
-6.02191
-6.02223
-6.0219
-6.02352
-6.02255
-6.02352
-6.02287
-6.02611
-6.02546
-6.02611
-6.02708
-6.02708
-6.02578
-6.02417
-6.02352
-6.02352
-6.02481
-6.02449
-6.02352
-6.02449
-6.02352
-6.02222
-6.02481
-6.02417
-6.02417
-6.02546
-6.02449
-6.02287
-6.02125
-6.02222
-6.02157
-6.02287
-6.02092
-6.02125
-6.01898
-6.0193
-6.01833
-6.01769
-6.01736
-6.01704
-6.01704
-6.01704
-6.01574
-6.01671
-6.01735
-6.02027
-6.02059
-6.01898
-6.01865
-6.01833
-6.01995
-6.0206
-6.02157
-6.02351
-6.02481
-6.02319
-6.02254
-6.02286
-6.02448
-6.02221
-6.02124
-6.02253
-6.02124
-6.02059
-6.02092
-6.02351
-6.02415
-6.02189
-6.02383
-6.02286
-6.02027
-6.02059
-6.02286
-6.02221
-6.02253
-6.02156
-6.02253
-6.02253
-6.02286
-6.02221
-6.02221
-6.02124
-6.02221
-6.02545
-6.02447
-6.0235
-6.02415
-6.02448
-6.02416
-6.02577
-6.02513
-6.02545
-6.02383
-6.02286
-6.02318
-6.02383
-6.02059
-6.01832
-6.02123
-6.02285
-6.02253
-6.02382
-6.02382
-6.02253
-6.02253
-6.01962
-6.01865
-6.01962
-6.02059
-6.01962
-6.02091
-6.02059
-6.01897
-6.018
-6.01929
-6.02059
-6.02188
-6.01994
-6.01897
-6.02123
-6.02058
-6.02188
-6.02285
-6.02317
-6.02058
-6.02253
-6.02253
-6.02285
-6.02317
-6.02576
-6.02511
-6.02544
-6.02479
-6.02446
-6.02414
-6.02349
-6.02057
-6.02187
-6.02284
-6.02155
-6.02058
-6.01864
-6.018
-6.01897
-6.02027
-6.02124
-6.02123
-6.01961
-6.0167
-6.01799
-6.01864
-6.01864
-6.01864
-6.02252
-6.02187
-6.02317
-6.02123
-6.02091
-6.01994
-6.01929
-6.01962
-6.0193
-6.01962
-6.01994
-6.02059
-6.02059
-6.02124
-6.02189
-6.01865
-6.018
-6.01767
-6.0167
-6.01799
-6.01832
-6.02026
-6.02123
-6.01897
-6.01671
-6.018
-6.018
-6.01801
-6.01833
-6.01962
-6.0193
-6.02027
-6.02188
-6.02027
-6.02156
-6.02188
-6.02221
-6.01994
-6.02091
-6.02091
-6.01929
-6.02091
-6.01897
-6.01929
-6.01994
-6.01897
-6.01962
-6.01994
-6.02156
-6.02189
-6.02059
-6.02059
-6.01962
-6.01995
-6.01962
-6.0193
-6.01897
-6.01897
-6.01962
-6.01832
-6.01994
-6.02059
-6.02124
-6.02253
-6.02254
-6.02448
-6.02546
-6.0261
-6.02578
-6.02449
-6.02286
-6.02286
-6.02481
-6.02384
-6.02319
-6.02189
-6.01963
-6.0206
-6.02157
-6.0193
-6.01736
-6.01962
-6.0193
-6.02027
-6.0193
-6.01736
-6.01994
-6.02027
-6.02124
-6.02156
-6.02124
-6.02286
-6.02351
-6.02287
-6.02513
-6.02416
-6.02254
-6.02578
-6.02675
-6.02675
-6.02578
-6.02545
-6.02675
-6.02675
-6.02545
-6.02351
-6.02415
-6.02415
-6.02415
-6.02545
-6.02383
-6.02286
-6.02254
-6.02027
-6.02222
-6.02352
-6.02416
-6.02255
-6.02319
-6.0219
-6.0206
-6.01931
-6.02222
-6.02416
-6.02513
-6.02383
-6.02545
-6.02512
-6.02674
-6.02642
-6.02447
-6.0248
-6.02609
-6.02545
-6.0248
-6.02286
-6.02383
-6.02318
-6.0248
-6.02254
-6.02189
-6.02351
-6.02286
-6.02286
-6.02059
-6.0193
-6.01962
-6.01929
-6.018
-6.01799
-6.02026
-6.02026
-6.02123
-6.01994
-6.01865
-6.01929
-6.01962
-6.02059
-6.01995
-6.02027
-6.02124
-6.02124
-6.02286
-6.02319
-6.02319
-6.02092
-6.02448
-6.02383
-6.02447
-6.02382
-6.02317
-6.0235
-6.02447
-6.0222
-6.02188
-6.02059
-6.02415
-6.0248
-6.02415
-6.02286
-6.02059
-6.01865
-6.01768
-6.0193
-6.01832
-6.018
-6.01994
-6.02059
-6.01832
-6.01702
-6.01832
-6.01735
-6.01637
-6.01799
-6.01864
-6.01799
-6.01864
-6.02091
-6.02221
-6.02189
-6.02286
-6.02318
-6.02513
-6.02578
-6.0261
-6.0261
-6.02772
-6.02869
-6.02804
-6.0261
-6.02512
-6.02512
-6.02415
-6.02091
-6.02091
-6.02156
-6.01929
-6.0167
-6.01703
-6.01865
-6.01768
-6.0193
-6.0206
-6.02221
-6.02027
-6.02156
-6.02253
-6.02285
-6.02156
-6.0222
-6.02285
-6.02026
-6.018
-6.018
-6.01897
-6.02189
-6.02254
-6.02318
-6.02415
-6.02545
-6.0261
-6.02448
-6.02383
-6.02351
-6.02254
-6.02286
-6.02157
-6.02254
-6.0248
-6.0248
-6.02415
-6.02318
-6.02123
-6.02156
-6.01994
-6.01994
-6.02059
-6.02124
-6.02157
-6.02383
-6.02351
-6.02513
-6.0248
-6.02448
-6.0248
-6.02513
-6.02513
-6.02416
-6.02383
-6.02513
-6.02416
-6.02318
-6.02286
-6.02253
-6.02286
-6.02544
-6.02447
-6.02447
-6.0248
-6.0248
-6.0248
-6.02545
-6.02512
-6.02545
-6.02513
-6.0248
-6.02804
-6.02772
-6.0261
-6.02577
-6.02383
-6.02383
-6.0235
-6.02415
-6.02415
-6.02447
-6.02318
-6.02156
-6.02415
-6.02641
-6.02739
-6.02707
-6.02675
-6.0261
-6.02675
-6.02545
-6.02481
-6.02578
-6.0261
-6.02578
-6.02319
-6.02513
-6.0248
-6.0261
-6.02577
-6.02447
-6.02577
-6.02383
-6.02318
-6.02156
-6.02027
-6.02189
-6.02351
-6.02286
-6.02286
-6.02092
-6.0206
-6.01801
-6.018
-6.01833
-6.018
-6.018
-6.01897
-6.02059
-6.02124
-6.02253
-6.0235
-6.0235
-6.02189
-6.02027
-6.02091
-6.02091
-6.02383
-6.02609
-6.02512
-6.02706
-6.02674
-6.02706
-6.02512
-6.0248
-6.0235
-6.02253
-6.02286
-6.02156
-6.02157
-6.02189
-6.02383
-6.02545
-6.0248
-6.02739
-6.02739
-6.02642
-6.02869
-6.02772
-6.02545
-6.0248
-5.79782
-5.7962
-5.79361
-5.79101
-5.79004
-5.79166
-5.79263
-5.79134
-5.79069
-5.78907
-5.78907
-5.78972
-5.78907
-5.78972
-5.78907
-5.7881
-5.78907
-5.78939
-5.79037
-5.7894
-5.79037
-5.79037
-5.79037
-5.78939
-5.78875
-5.78907
-5.79004
-5.78777
-5.78713
-5.7868
-5.7868
-5.78842
-5.78777
-5.78842
-5.7881
-5.79069
-5.79199
-5.79069
-5.79166
-5.79166
-5.79166
-5.79166
-5.79166
-5.79328
-5.79166
-5.79166
-5.79263
-5.7936
-5.79328
-5.79619
-5.79457
-5.79296
-5.79231
-5.79264
-5.79231
-5.79361
-5.7949
-5.79361
-5.79523
-5.7949
-5.79652
-5.79425
-5.79393
-5.79198
-5.79263
-5.79458
-5.79393
-5.79263
-5.79231
-5.79199
-5.79199
-5.7881
-5.78843
-5.79166
-5.79134
-5.79231
-5.79166
-5.79069
-5.79069
-5.78972
-5.79296
-5.79166
-5.79134
-5.7907
-5.79102
-5.79167
-5.79264
-5.79393
-5.79522
-5.79555
-5.79393
-5.79684
-5.79652
-5.7962
-5.79782
-5.7949
-5.79555
-5.79426
-5.79264
-5.79231
-5.79264
-5.79102
-5.79263
-5.79425
-5.79263
-5.79198
-5.79036
-5.79198
-5.79134
-5.79166
-5.79458
-5.79425
-5.79522
-5.79393
-5.79361
-5.79523
-5.79296
-5.79264
-5.79361
-5.79102
-5.79296
-5.79166
-5.79166
-5.79101
-5.79328
-5.7936
-5.79555
-5.79588
-5.79426
-5.79556
-5.7962
-5.79426
-5.79426
-5.79491
-5.79296
-5.79458
-5.79458
-5.79361
-5.79523
-5.79588
-5.79555
-5.7962
-5.79458
-5.79329
-5.79394
-5.79329
-5.79264
-5.79361
-5.79458
-5.79426
-5.79491
-5.79458
-5.79458
-5.79458
-5.7949
-5.79587
-5.79652
-5.79717
-5.7962
-5.79653
-5.79653
-5.79556
-5.79394
-5.79297
-5.79102
-5.7907
-5.79005
-5.78908
-5.79005
-5.7894
-5.78908
-5.78843
-5.78908
-5.78908
-5.79102
-5.79297
-5.79426
-5.79427
-5.7933
-5.79233
-5.79168
-5.78974
-5.79071
-5.79006
-5.79233
-5.79556
-5.79589
-5.79589
-5.79524
-5.79491
-5.79556
-5.79459
-5.79426
-5.79297
-5.79264
-5.79135
-5.79298
-5.79362
-5.79298
-5.79201
-5.79395
-5.79395
-5.79459
-5.79459
-5.79491
-5.79491
-5.79686
-5.79653
-5.79686
-5.79815
-5.79912
-5.80074
-5.80106
-5.79815
-5.7975
-5.7975
-5.79588
-5.7962
-5.79621
-5.79556
-5.79621
-5.79621
-5.79426
-5.79556
-5.79588
-5.79588
-5.79426
-5.79588
-5.79491
-5.79426
-5.79232
-5.79329
-5.79523
-5.79523
-5.79426
-5.79393
-5.7907
-5.79102
-5.79394
-5.79556
-5.79361
-5.79232
-5.79329
-5.79426
-5.79329
-5.79393
-5.79296
-5.79166
-5.79199
-5.79263
-5.7949
-5.7962
-5.7975
-5.79879
-5.79717
-5.79653
-5.79556
-5.79588
-5.79426
-5.79652
-5.79522
-5.79231
-5.79166
-5.79134
-5.7881
-5.7894
-5.7894
-5.78939
-5.7894
-5.78875
-5.79004
-5.79231
-5.79264
-5.79328
-5.79296
-5.79393
-5.79328
-5.79296
-5.79166
-5.79134
-5.79134
-5.79263
-5.79328
-5.79295
-5.7936
-5.79199
-5.79296
-5.79458
-5.79523
-5.79393
-5.7962
-5.79555
-5.79555
-5.79523
-5.79684
-5.79425
-5.7949
-5.79749
-5.79684
-5.79587
-5.79393
-5.79328
-5.79328
-5.78972
-5.79199
-5.79361
-5.79425
-5.79263
-5.79199
-5.79004
-5.79263
-5.79328
-5.79263
-5.7923
-5.79004
-5.79134
-5.79134
-5.79329
-5.79264
-5.79329
-5.79297
-5.79135
-5.7907
-5.79134
-5.79328
-5.79587
-5.79554
-5.79619
-5.79619
-5.79684
-5.79555
-5.79684
-5.79814
-5.79555
-5.79458
-5.79425
-5.79554
-5.79554
-5.79748
-5.79813
-5.79781
-5.79587
-5.79717
-5.79717
-5.79619
-5.79522
-5.79652
-5.79749
-5.79458
-5.7949
-5.79457
-5.79425
-5.79619
-5.79651
-5.79619
-5.79457
-5.79684
-5.79652
-5.79425
-5.79555
-5.7949
-5.79555
-5.79458
-5.79426
-5.79393
-5.79458
-5.79393
-5.79458
-5.79296
-5.79264
-5.79264
-5.79199
-5.79167
-5.79037
-5.7894
-5.79037
-5.79232
-5.79264
-5.79102
-5.79134
-5.79263
-5.79328
-5.79231
-5.79296
-5.79426
-5.79523
-5.79588
-5.79718
-5.79524
-5.79588
-5.79556
-5.79394
-5.7949
-5.7962
-5.79587
-5.79522
-5.79392
-5.79328
-5.7936
-5.79296
-5.79393
-5.79393
-5.79523
-5.79393
-5.79523
-5.79426
-5.79361
-5.79491
-5.79491
-5.79296
-5.79393
-5.79685
-5.79588
-5.79588
-5.7962
-5.79393
-5.79296
-5.79199
-5.79328
-5.79166
-5.79198
-5.79101
-5.79004
-5.78777
-5.78745
-5.78551
-5.78713
-5.78713
-5.78713
-5.78875
-5.79231
-5.79134
-5.79069
-5.79134
-5.79134
-5.79134
-5.79263
-5.79231
-5.79133
-5.79327
-5.79263
-5.7936
-5.79198
-5.79069
-5.79101
-5.79231
-5.79231
-5.79458
-5.79425
-5.79296
-5.79328
-5.79231
-5.79263
-5.79231
-5.79004
-5.79069
-5.79101
-5.79004
-5.79069
-5.79198
-5.79101
-5.79198
-5.79166
-5.79166
-5.79198
-5.79198
-5.79036
-5.79004
-5.79004
-5.79133
-5.78971
-5.79165
-5.79068
-5.78906
-5.79003
-5.78809
-5.79004
-5.79101
-5.79036
-5.7923
-5.7923
-5.7936
-5.79522
-5.79457
-5.79716
-5.79878
-5.79652
-5.79522
-5.79457
-5.79457
-5.79522
-5.79457
-5.7936
-5.79392
-5.79068
-5.78971
-5.79133
-5.79133
-5.79231
-5.79425
-5.79328
-5.79295
-5.79101
-5.79198
-5.79295
-5.79262
-5.79425
-5.79392
-5.79328
-5.79328
-5.79231
-5.79166
-5.79134
-5.79069
-5.79134
-5.79134
-5.79036
-5.79069
-5.79198
-5.79263
-5.79166
-5.79198
-5.7923
-5.79457
-5.79263
-5.7936
-5.79457
-5.79457
-5.79554
-5.79554
-5.79457
-5.79554
-5.7936
-5.79231
-5.79263
-5.79328
-5.79231
-5.79166
-5.79198
-5.79295
-5.79263
-5.79165
-5.78939
-5.78809
-5.78939
-5.79036
-5.79036
-5.79004
-5.79069
-5.78971
-5.78939
-5.78874
-5.78777
-5.78907
-5.78971
-5.78939
-5.79166
-5.79425
-5.79522
-5.79716
-5.79327
-5.79522
-5.79521
-5.79457
-5.7923
-5.79327
-5.7936
-5.79489
-5.79392
-5.79521
-5.79521
-5.79554
-5.79554
-5.79522
-5.79716
-5.79555
-5.7949
-5.79522
-5.79716
-5.79684
-5.79522
-5.79327
-5.79424
-5.79489
-5.79392
-5.79489
-5.79424
-5.79359
-5.79003
-5.79165
-5.79359
-5.79392
-5.79521
-5.79716
-5.79683
-5.79618
-5.7978
-5.79683
-5.79456
-5.79133
-5.79068
-5.79326
-5.79424
-5.79423
-5.79521
-5.79553
-5.79489
-5.79295
-5.79295
-5.79003
-5.79004
-5.78971
-5.79036
-5.79101
-5.79295
-5.79327
-5.79294
-5.79359
-5.79197
-5.79133
-5.79198
-5.79392
-5.79262
-5.79456
-5.79618
-5.7978
-5.79715
-5.79683
-5.79683
-5.79618
-5.79618
-5.79586
-5.79748
-5.79747
-5.79844
-5.79844
-5.79714
-5.79617
-5.7965
-5.79682
-5.79553
-5.79391
-5.79294
-5.79132
-5.78905
-5.78614
-5.78808
-5.79035
-5.7897
-5.7897
-5.79132
-5.79261
-5.79456
-5.79488
-5.79456
-5.79618
-5.79488
-5.79488
-5.79294
-5.79358
-5.79358
-5.79358
-5.79229
-5.79391
-5.79197
-5.79294
-5.79196
-5.79099
-5.79067
-5.79034
-5.7897
-5.7897
-5.79002
-5.79099
-5.79228
-5.79164
-5.79164
-5.78937
-5.79066
-5.79261
-5.79391
-5.79488
-5.79553
-5.7965
-5.79812
-5.80038
-5.79844
-5.79682
-5.79488
-5.79326
-5.79358
-5.79293
-5.79164
-5.79293
-5.79552
-5.79325
-5.79325
-5.79325
-5.79293
-5.79228
-5.79163
-5.7939
-5.7939
-5.79228
-5.79325
-5.7939
-5.79228
-5.79358
-5.79422
-5.79454
-5.79519
-5.79584
-5.7939
-5.79487
-5.7952
-5.79682
-5.79488
-5.79488
-5.7939
-5.7939
-5.79423
-5.7939
-5.79163
-5.79131
-5.79163
-5.7913
-5.7926
-5.7913
-5.79195
-5.79195
-5.79293
-5.79261
-5.79164
-5.79002
-5.79034
-5.79164
-5.79358
-5.7939
-5.79196
-5.79325
-5.79357
-5.79228
-5.7939
-5.79357
-5.79293
-5.79293
-5.7926
-5.79261
-5.79164
-5.7952
-5.79487
-5.79714
-5.79649
-5.7994
-5.79844
-5.79811
-5.79585
-5.79682
-5.79649
-5.79617
-5.79584
-5.79293
-5.79195
-5.79259
-5.79
-5.7913
-5.79291
-5.79259
-5.79422
-5.79422
-5.79422
-5.79487
-5.79584
-5.7939
-5.7926
-5.79422
-5.79454
-5.79422
-5.79292
-5.7926
-5.79195
-5.79325
-5.79357
-5.79195
-5.79422
-5.7926
-5.79357
-5.79293
-5.79325
-5.79292
-5.7926
-5.7913
-5.79001
-5.78839
-5.78904
-5.78839
-5.79066
-5.79131
-5.79034
-5.79196
-5.79131
-5.7913
-5.78936
-5.78936
-5.78903
-5.79033
-5.78936
-5.7913
-5.79065
-5.7926
-5.79227
-5.79227
-5.79227
-5.79195
-5.79259
-5.79259
-5.79324
-5.79097
-5.79097
-5.7913
-5.79194
-5.7913
-5.79098
-5.7913
-5.79098
-5.7926
-5.79324
-5.79389
-5.79389
-5.79292
-5.79356
-5.79259
-5.79194
-5.7913
-5.79324
-5.79389
-5.79324
-5.79227
-5.78968
-5.79227
-5.79292
-5.79616
-5.79551
-5.79778
-5.79875
-5.7994
-5.79842
-5.79777
-5.79648
-5.79583
-5.79357
-5.7926
-5.79292
-5.79454
-5.79422
-5.79195
-5.79033
-5.79001
-5.79195
-5.79098
-5.79227
-5.79065
-5.79292
-5.7926
-5.79292
-5.79292
-5.79552
-5.79616
-5.79552
-5.79584
-5.79746
-5.79681
-5.79519
-5.79519
-5.7939
-5.7939
-5.79325
-5.79293
-5.7939
-5.79293
-5.79196
-5.79196
-5.79261
-5.79325
-5.79422
-5.79422
-5.79325
-5.79389
-5.79421
-5.79292
-5.7926
-5.7926
-5.79195
-5.7926
-5.7926
-5.79325
-5.79228
-5.79099
-5.79228
-5.79196
-5.79099
-5.79293
-5.79228
-5.79195
-5.79292
-5.79162
-5.79259
-5.79292
-5.79292
-5.79195
-5.7926
-5.79293
-5.79293
-5.79455
-5.7939
-5.79552
-5.79746
-5.79616
-5.7981
-5.7968
-5.79421
-5.79486
-5.79519
-5.79454
-5.79486
-5.79325
-5.79325
-5.79357
-5.79357
-5.79325
-5.7913
-5.79292
-5.79325
-5.79357
-5.79195
-5.79356
-5.79356
-5.79291
-5.79324
-5.79356
-5.79356
-5.79195
-5.7913
-5.7913
-5.79033
-5.79065
-5.78936
-5.78903
-5.79097
-5.79162
-5.79194
-5.79194
-5.79226
-5.79162
-5.79194
-5.79227
-5.79259
-5.79291
-5.79259
-5.79324
-5.79583
-5.79713
-5.79551
-5.79616
-5.79454
-5.79357
-5.7926
-5.7926
-5.7913
-5.79195
-5.79065
-5.79
-5.78968
-5.79
-5.79162
-5.79162
-5.79291
-5.79453
-5.79777
-5.79907
-5.80134
-5.80101
-5.79907
-5.79907
-5.79745
-5.79713
-5.7981
-5.79745
-5.79843
-5.7968
-5.79648
-5.79875
-5.79518
-5.79551
-5.79583
-5.79551
-5.79421
-5.79356
-5.79389
-5.79389
-5.63299
-5.63331
-5.63266
-5.63202
-5.63266
-5.63331
-5.63364
-5.6359
-5.63461
-5.63137
-5.62975
-5.63137
-5.63364
-5.63234
-5.63202
-5.6317
-5.63267
-5.63073
-5.63073
-5.63171
-5.62944
-5.63073
-5.63268
-5.6343
-5.6343
-5.63624
-5.63526
-5.63655
-5.63623
-5.63494
-5.63397
-5.63559
-5.63656
-5.63851
-5.63915
-5.63754
-5.63754
-5.63851
-5.63753
-5.63721
-5.63559
-5.63526
-5.63461
-5.63623
-5.63461
-5.63753
-5.63817
-5.63688
-5.63591
-5.63462
-5.63527
-5.6343
-5.63365
-5.6343
-5.63333
-5.63268
-5.6343
-5.63462
-5.63365
-5.63462
-5.63462
-5.63333
-5.63462
-5.633
-5.63527
-5.63527
-5.6356
-5.63689
-5.63657
-5.63624
-5.63624
-5.6356
-5.63462
-5.633
-5.63365
-5.63171
-5.63203
-5.63203
-5.63139
-5.63074
-5.63042
-5.63009
-5.63301
-5.63301
-5.63366
-5.63204
-5.63139
-5.63042
-5.63106
-5.62912
-5.63009
-5.63268
-5.63301
-5.63107
-5.63139
-5.63333
-5.63431
-5.63496
-5.6369
-5.6369
-5.63496
-5.63366
-5.63269
-5.63302
-5.62945
-5.63172
-5.63107
-5.63107
-5.63269
-5.6314
-5.63172
-5.63269
-5.63236
-5.63366
-5.63689
-5.63689
-5.6369
-5.63884
-5.63561
-5.63787
-5.63723
-5.63852
-5.6382
-5.63496
-5.63172
-5.63464
-5.63528
-5.63593
-5.63529
-5.63561
-5.63593
-5.63593
-5.63529
-5.63496
-5.63464
-5.63367
-5.63237
-5.63172
-5.62946
-5.62848
-5.62978
-5.62849
-5.63011
-5.63205
-5.63399
-5.63335
-5.63464
-5.63399
-5.63399
-5.63334
-5.63334
-5.63172
-5.63172
-5.63204
-5.63399
-5.63302
-5.63269
-5.63464
-5.63464
-5.63464
-5.63205
-5.63399
-5.63529
-5.63561
-5.63334
-5.63366
-5.63301
-5.63366
-5.63107
-5.63075
-5.63107
-5.6301
-5.63075
-5.63107
-5.63108
-5.63205
-5.62978
-5.62946
-5.63238
-5.63367
-5.63496
-5.63561
-5.63366
-5.63172
-5.63139
-5.63107
-5.63042
-5.63107
-5.63269
-5.63301
-5.63334
-5.63464
-5.63625
-5.63852
-5.63658
-5.63626
-5.63658
-5.63691
-5.63658
-5.63593
-5.6369
-5.63755
-5.63658
-5.63722
-5.63852
-5.63722
-5.63852
-5.63852
-5.63787
-5.6369
-5.63788
-5.63788
-5.63885
-5.63658
-5.63593
-5.63626
-5.63691
-5.63594
-5.63497
-5.63464
-5.63561
-5.63529
-5.63561
-5.63334
-5.63204
-5.63204
-5.63172
-5.63139
-5.63301
-5.63301
-5.63172
-5.63172
-5.63108
-5.63043
-5.63011
-5.63011
-5.63141
-5.63205
-5.63108
-5.62978
-5.62978
-5.63075
-5.63042
-5.6314
-5.62848
-5.62946
-5.63043
-5.62913
-5.6301
-5.6314
-5.63302
-5.63172
-5.63107
-5.63301
-5.63172
-5.63139
-5.63204
-5.63399
-5.63334
-5.63302
-5.63302
-5.63173
-5.63043
-5.63011
-5.63238
-5.62914
-5.63108
-5.63108
-5.63205
-5.63302
-5.63367
-5.63173
-5.63205
-5.63205
-5.6327
-5.63497
-5.63562
-5.63691
-5.63529
-5.63465
-5.63691
-5.63594
-5.63529
-5.63561
-5.63626
-5.63431
-5.63529
-5.63464
-5.63399
-5.63334
-5.63399
-5.63237
-5.63108
-5.63173
-5.63075
-5.63043
-5.63108
-5.63108
-5.63302
-5.63335
-5.6327
-5.6327
-5.63206
-5.63238
-5.63205
-5.63043
-5.63011
-5.63108
-5.63173
-5.63011
-5.63043
-5.62946
-5.62784
-5.62849
-5.63011
-5.62946
-5.62913
-5.63075
-5.6327
-5.63238
-5.63238
-5.6327
-5.63303
-5.63205
-5.6327
-5.63238
-5.6327
-5.63367
-5.63432
-5.63497
-5.634
-5.63465
-5.63529
-5.63465
-5.63335
-5.63335
-5.6327
-5.63206
-5.63335
-5.63432
-5.63238
-5.63303
-5.63465
-5.63206
-5.63076
-5.63076
-5.63076
-5.63109
-5.62979
-5.63173
-5.63206
-5.63205
-5.63141
-5.63076
-5.63238
-5.634
-5.63465
-5.63498
-5.63692
-5.63466
-5.63401
-5.63465
-5.63271
-5.63303
-5.63432
-5.63691
-5.63594
-5.63497
-5.63659
-5.63886
-5.63821
-5.63724
-5.63692
-5.63563
-5.63498
-5.63562
-5.63627
-5.63627
-5.6353
-5.63401
-5.63595
-5.63628
-5.63498
-5.63304
-5.63271
-5.63239
-5.63206
-5.63142
-5.63336
-5.62948
-5.63045
-5.63174
-5.63434
-5.63498
-5.63498
-5.63531
-5.63531
-5.63531
-5.63369
-5.63143
-5.63304
-5.63304
-5.63271
-5.63271
-5.63012
-5.63077
-5.62948
-5.62948
-5.62948
-5.62851
-5.62916
-5.63046
-5.63175
-5.6311
-5.63304
-5.63531
-5.63596
-5.63531
-5.63596
-5.63596
-5.63434
-5.6366
-5.63596
-5.63564
-5.63434
-5.63434
-5.63532
-5.63273
-5.63273
-5.63338
-5.635
-5.63305
-5.63434
-5.63272
-5.63272
-5.63401
-5.63304
-5.63337
-5.63272
-5.63337
-5.63531
-5.63402
-5.63273
-5.63402
-5.63176
-5.63338
-5.63176
-5.63403
-5.63565
-5.63532
-5.63144
-5.63111
-5.63014
-5.63013
-5.63143
-5.63272
-5.63143
-5.6311
-5.63013
-5.62916
-5.62949
-5.62949
-5.63046
-5.63046
-5.6337
-5.63338
-5.63305
-5.63338
-5.63338
-5.63435
-5.63143
-5.63079
-5.63046
-5.63143
-5.63305
-5.6337
-5.6324
-5.63046
-5.63208
-5.63337
-5.6324
-5.63175
-5.6324
-5.63143
-5.63175
-5.63337
-5.63499
-5.63564
-5.63596
-5.63531
-5.63628
-5.63855
-5.63823
-5.6379
-5.6392
-5.6392
-5.63823
-5.63888
-5.63726
-5.63694
-5.63759
-5.63791
-5.63564
-5.63532
-5.63629
-5.63726
-5.63596
-5.63498
-5.63401
-5.63305
-5.63434
-5.63337
-5.63305
-5.63079
-5.63078
-5.63079
-5.62949
-5.62949
-5.6282
-5.62625
-5.62819
-5.63014
-5.63337
-5.63402
-5.63175
-5.63176
-5.62884
-5.63014
-5.63046
-5.63111
-5.63046
-5.63078
-5.63111
-5.62949
-5.62981
-5.62787
-5.62819
-5.62755
-5.62949
-5.63046
-5.62949
-5.62884
-5.62981
-5.63241
-5.63273
-5.63176
-5.63241
-5.63338
-5.63241
-5.63111
-5.62949
-5.62981
-5.63013
-5.62884
-5.62787
-5.62916
-5.63046
-5.63111
-5.63435
-5.63532
-5.63564
-5.63467
-5.63499
-5.6324
-5.63175
-5.63175
-5.63208
-5.63337
-5.6324
-5.62949
-5.63305
-5.6324
-5.63402
-5.63402
-5.63596
-5.63693
-5.63726
-5.63532
-5.63467
-5.63434
-5.63499
-5.63369
-5.63466
-5.63531
-5.63531
-5.63661
-5.63402
-5.63661
-5.63596
-5.63564
-5.63532
-5.63661
-5.63596
-5.63434
-5.63629
-5.63564
-5.63596
-5.63337
-5.63078
-5.63207
-5.63045
-5.63207
-5.63337
-5.63369
-5.63401
-5.63369
-5.63272
-5.6324
-5.63369
-5.63305
-5.63013
-5.63078
-5.62786
-5.62657
-5.62689
-5.62721
-5.62786
-5.62818
-5.62786
-5.62754
-5.62851
-5.6298
-5.63207
-5.62948
-5.62884
-5.62981
-5.62949
-5.63013
-5.62981
-5.6298
-5.62818
-5.62948
-5.62851
-5.6298
-5.63142
-5.63369
-5.63337
-5.63337
-5.63402
-5.63563
-5.63402
-5.63434
-5.63467
-5.63434
-5.63337
-5.63272
-5.63305
-5.63143
-5.63078
-5.63078
-5.63143
-5.63175
-5.63207
-5.63207
-5.63337
-5.63498
-5.63369
-5.63272
-5.6324
-5.63045
-5.63305
-5.63369
-5.63499
-5.63369
-5.63369
-5.63369
-5.63467
-5.63434
-5.63467
-5.63564
-5.63499
-5.63402
-5.63499
-5.63596
-5.63725
-5.63466
-5.63596
-5.63726
-5.63693
-5.63629
-5.63532
-5.63176
-5.63079
-5.62852
-5.62852
-5.62949
-5.62755
-5.62722
-5.62819
-5.62916
-5.63304
-5.6324
-5.63142
-5.63466
-5.63304
-5.63369
-5.63499
-5.63272
-5.6337
-5.63273
-5.63273
-5.6324
-5.63435
-5.63402
-5.63305
-5.63338
-5.63241
-5.63532
-5.63402
-5.63564
-5.63564
-5.63629
-5.63467
-5.63467
-5.63467
-5.6324
-5.63176
-5.6324
-5.63338
-5.63176
-5.62917
-5.62852
-5.63079
-5.63111
-5.63047
-5.62982
-5.62982
-5.6282
-5.63015
-5.63015
-5.63047
-5.63177
-5.6308
-5.63112
-5.63209
-5.63209
-5.63144
-5.63241
-5.63273
-5.63403
-5.63371
-5.63436
-5.63436
-5.63242
-5.63339
-5.63403
-5.63436
-5.63144
-5.63112
-5.62982
-5.62885
-5.6282
-5.62691
-5.62756
-5.62789
-5.62789
-5.62692
-5.62853
-5.62886
-5.62821
-5.62788
-5.62853
-5.62788
-5.62788
-5.62885
-5.63112
-5.63339
-5.63598
-5.63371
-5.63598
-5.63468
-5.63371
-5.63404
-5.63371
-5.63274
-5.63371
-5.63307
-5.6363
-5.63825
-5.63631
-5.63372
-5.6308
-5.6308
-5.6308
-5.63339
-5.63436
-5.63436
-5.63598
-5.6376
-5.63889
-5.63825
-5.63728
-5.63695
-5.63857
-5.64019
-5.64084
-5.64213
-5.64084
-5.63889
-5.6389
-5.63728
-5.63307
-5.6295
-5.6295
-5.62821
-5.62886
-5.62627
-5.62627
-5.62756
-5.62659
-5.62626
-5.62886
-5.62788
-5.62885
-5.62723
-5.62788
-5.62821
-5.62853
-5.6308
-5.6295
-5.62853
-5.62788
-5.62788
-5.6282
-5.6282
-5.62853
-5.62853
-5.6308
-5.63274
-5.63242
-5.63144
-5.63079
-5.62885
-5.63079
-5.63112
-5.63209
-5.63274
-5.63533
-5.635
-5.63403
-5.63565
-5.63242
-5.63177
-5.6308
-5.63145
-5.6308
-5.63177
-5.63144
-5.63047
-5.62982
-5.63112
-5.63047
-5.62853
-5.6295
-5.63015
-5.63015
-5.63339
-5.63565
-5.63468
-5.63274
-5.63274
-5.63274
-5.63371
-5.63371
-5.63663
-5.63468
-5.63468
-5.63274
-5.63145
-5.62983
-5.62918
-5.6295
-5.63047
-5.63306
-5.63209
-5.63047
-5.6308
-5.63047
-5.63015
-5.63177
-5.63047
-5.63112
-5.63209
-5.6308
-5.63144
-5.63144
-5.63177
-5.62983
-5.63048
-5.63048
-5.63015
-5.63112
-5.63112
-5.6295
-5.63047
-5.6295
-5.62885
-5.6282
-5.62853
-5.62886
-5.62789
-5.62724
-5.62983
-5.6321
-5.63113
-5.63436
-5.63534
-5.63631
-5.63728
-5.63792
-5.6376
-5.63566
-5.63209
-5.63306
-5.63177
-5.63339
-5.63306
-5.63339
-5.63177
-5.63468
-5.63371
-5.63241
-5.63144
-5.63047
-5.6308
-5.63177
-5.62983
-5.63016
-5.63243
-5.63307
-5.63469
-5.63436
-5.63274
-5.63209
-5.6308
-5.63177
-5.63047
-5.63144
-5.63079
-5.62982
-5.63048
-5.63242
-5.63275
-5.6308
-5.63178
-5.63275
-5.63307
-5.63178
-5.63177
-5.63112
-5.63015
-5.62886
-5.62821
-5.62918
-5.6295
-5.63209
-5.63112
-5.63047
-5.63047
-5.63047
-5.62982
-5.62885
-5.63015
-5.6295
-5.62918
-5.63145
-5.62918
-5.63113
-5.62951
-5.62918
-5.63112
-5.6295
-5.63177
-5.63241
-5.63306
-5.63501
-5.63371
-5.63533
-5.63404
-5.63177
-5.63209
-5.63404
-5.63404
-5.63339
-5.63307
-5.63339
-5.63112
-5.63015
-5.63241
-5.63306
-5.63112
-5.6308
-5.63209
-5.63209
-5.63242
-5.63177
-5.63145
-5.63209
-5.63274
-5.63468
-5.53458
-5.53652
-5.53523
-5.5349
-5.5362
-5.5362
-5.53587
-5.5336
-5.53457
-5.53489
-5.53392
-5.53457
-5.53392
-5.53198
-5.53134
-5.53036
-5.53166
-5.531
-5.53165
-5.53197
-5.53262
-5.53165
-5.52938
-5.52841
-5.53068
-5.53165
-5.53294
-5.53359
-5.53456
-5.53359
-5.53359
-5.53424
-5.53359
-5.53229
-5.53424
-5.53585
-5.53585
-5.53553
-5.53617
-5.53714
-5.53747
-5.53423
-5.53359
-5.53456
-5.5365
-5.53683
-5.53683
-5.53682
-5.53521
-5.53488
-5.53553
-5.53553
-5.53617
-5.53423
-5.53391
-5.53359
-5.53164
-5.53262
-5.531
-5.53035
-5.531
-5.53003
-5.5297
-5.53132
-5.53326
-5.53553
-5.53747
-5.53714
-5.53617
-5.53585
-5.53488
-5.5352
-5.53229
-5.53132
-5.53035
-5.531
-5.53132
-5.53262
-5.53326
-5.53423
-5.53391
-5.53325
-5.53228
-5.52969
-5.52839
-5.52936
-5.52807
-5.5284
-5.53164
-5.53067
-5.53165
-5.53132
-5.53326
-5.53391
-5.53358
-5.53649
-5.53552
-5.53487
-5.53358
-5.53423
-5.53455
-5.53358
-5.53423
-5.53358
-5.53164
-5.5352
-5.5352
-5.53585
-5.53585
-5.53553
-5.53553
-5.53391
-5.53293
-5.53229
-5.53261
-5.53131
-5.53293
-5.52937
-5.52969
-5.52969
-5.53067
-5.53067
-5.53261
-5.53391
-5.53391
-5.53617
-5.53423
-5.53455
-5.53391
-5.5352
-5.5352
-5.53488
-5.53617
-5.53617
-5.53812
-5.53876
-5.53714
-5.53617
-5.5365
-5.53585
-5.53553
-5.53618
-5.53489
-5.53488
-5.53553
-5.53715
-5.53714
-5.53682
-5.53714
-5.53812
-5.53618
-5.53844
-5.53747
-5.5365
-5.53877
-5.53974
-5.54006
-5.5378
-5.53715
-5.53294
-5.53197
-5.53164
-5.53164
-5.53197
-5.53229
-5.53197
-5.53294
-5.5323
-5.53262
-5.53424
-5.53359
-5.53359
-5.53423
-5.53261
-5.53359
-5.53326
-5.53488
-5.53489
-5.53197
-5.53197
-5.531
-5.5297
-5.52906
-5.52906
-5.52906
-5.52841
-5.53068
-5.53133
-5.53198
-5.53457
-5.53522
-5.53684
-5.5349
-5.53392
-5.5336
-5.53295
-5.53457
-5.53359
-5.53392
-5.53262
-5.53165
-5.53327
-5.53068
-5.53198
-5.53004
-5.53101
-5.53263
-5.5336
-5.53327
-5.53392
-5.53262
-5.5323
-5.5323
-5.53489
-5.53489
-5.53392
-5.53328
-5.53166
-5.53327
-5.53521
-5.53521
-5.5365
-5.53488
-5.53456
-5.53359
-5.53262
-5.53295
-5.53295
-5.53489
-5.53586
-5.53747
-5.53585
-5.53618
-5.5378
-5.53909
-5.53909
-5.53941
-5.53488
-5.53391
-5.53326
-5.53229
-5.53164
-5.53164
-5.53035
-5.53132
-5.5339
-5.5339
-5.53326
-5.53293
-5.53002
-5.53002
-5.5297
-5.52873
-5.52937
-5.52808
-5.52937
-5.53099
-5.52969
-5.53001
-5.52969
-5.53164
-5.53132
-5.53294
-5.53455
-5.5352
-5.5352
-5.53617
-5.53714
-5.53747
-5.5352
-5.53326
-5.5339
-5.53229
-5.53067
-5.53099
-5.53197
-5.53326
-5.5297
-5.53067
-5.53197
-5.53164
-5.53099
-5.53228
-5.53034
-5.53293
-5.53358
-5.53358
-5.5352
-5.53553
-5.53617
-5.53617
-5.53844
-5.53715
-5.53844
-5.53844
-5.53811
-5.53714
-5.53649
-5.53682
-5.53552
-5.53423
-5.53455
-5.53844
-5.53811
-5.53552
-5.53552
-5.53552
-5.5339
-5.53423
-5.53488
-5.5365
-5.53715
-5.5378
-5.53812
-5.53747
-5.53876
-5.53747
-5.53779
-5.53714
-5.53747
-5.53812
-5.53909
-5.53844
-5.53877
-5.53682
-5.53585
-5.53585
-5.5378
-5.5378
-5.53909
-5.5352
-5.53326
-5.53131
-5.53131
-5.53131
-5.53067
-5.5297
-5.53067
-5.53262
-5.53294
-5.53359
-5.53424
-5.53489
-5.53326
-5.53423
-5.53456
-5.53682
-5.53747
-5.53617
-5.5352
-5.53456
-5.53488
-5.53585
-5.53424
-5.53488
-5.53424
-5.53489
-5.53553
-5.53457
-5.53651
-5.53586
-5.53554
-5.53489
-5.53683
-5.53845
-5.53812
-5.53423
-5.53391
-5.53327
-5.53262
-5.53424
-5.53554
-5.53327
-5.53392
-5.53133
-5.53456
-5.53554
-5.53489
-5.53295
-5.53392
-5.53295
-5.53262
-5.53262
-5.53197
-5.53359
-5.53424
-5.53521
-5.53619
-5.53781
-5.53651
-5.53424
-5.53294
-5.53424
-5.53488
-5.53489
-5.53618
-5.53618
-5.53586
-5.53554
-5.53586
-5.53489
-5.53262
-5.53359
-5.53197
-5.53456
-5.53294
-5.53164
-5.53294
-5.53229
-5.53132
-5.53197
-5.53457
-5.53295
-5.53165
-5.53133
-5.53068
-5.53295
-5.53327
-5.5323
-5.53327
-5.53586
-5.53683
-5.53586
-5.53619
-5.53457
-5.5336
-5.53295
-5.53359
-5.53391
-5.53164
-5.53132
-5.53099
-5.53067
-5.53294
-5.5323
-5.53327
-5.5323
-5.53327
-5.5365
-5.53586
-5.53586
-5.53553
-5.53488
-5.53423
-5.53294
-5.52873
-5.5284
-5.53229
-5.53099
-5.53132
-5.53294
-5.53326
-5.53197
-5.53391
-5.53294
-5.53553
-5.53812
-5.5378
-5.53812
-5.54007
-5.54007
-5.54039
-5.54104
-5.54071
-5.53877
-5.53812
-5.53715
-5.53683
-5.5365
-5.53715
-5.53942
-5.53974
-5.53877
-5.53748
-5.53748
-5.53715
-5.53748
-5.53618
-5.53585
-5.53294
-5.53229
-5.53294
-5.53229
-5.53165
-5.53035
-5.53262
-5.53392
-5.53132
-5.5297
-5.53002
-5.5297
-5.53035
-5.53035
-5.53035
-5.53003
-5.53197
-5.53391
-5.53585
-5.5352
-5.53585
-5.53617
-5.53714
-5.53585
-5.53747
-5.53812
-5.53974
-5.53747
-5.53844
-5.53585
-5.5352
-5.53747
-5.53488
-5.53812
-5.53941
-5.53941
-5.54006
-5.53811
-5.53682
-5.53585
-5.5339
-5.5352
-5.5352
-5.53456
-5.53391
-5.53294
-5.53359
-5.53294
-5.53359
-5.53521
-5.53326
-5.53197
-5.53164
-5.53229
-5.53423
-5.53261
-5.53067
-5.53034
-5.53229
-5.53164
-5.53294
-5.53294
-5.53359
-5.53392
-5.53359
-5.53553
-5.53553
-5.53553
-5.53585
-5.53649
-5.53455
-5.53423
-5.5352
-5.53391
-5.53455
-5.53423
-5.53326
-5.53359
-5.53327
-5.53068
-5.53133
-5.53197
-5.53229
-5.53229
-5.53229
-5.53261
-5.53293
-5.53196
-5.53229
-5.53358
-5.53391
-5.53358
-5.53294
-5.53197
-5.53359
-5.53488
-5.53618
-5.53585
-5.5365
-5.5378
-5.53909
-5.53877
-5.53844
-5.53812
-5.53844
-5.5352
-5.53326
-5.53261
-5.53229
-5.53293
-5.53423
-5.53423
-5.53585
-5.53585
-5.5365
-5.53359
-5.53359
-5.53326
-5.53617
-5.53326
-5.53358
-5.53553
-5.53423
-5.53002
-5.531
-5.53132
-5.53035
-5.53132
-5.53099
-5.53261
-5.53455
-5.53391
-5.53358
-5.53455
-5.53358
-5.53488
-5.53488
-5.5365
-5.53617
-5.53682
-5.53714
-5.53617
-5.53714
-5.53714
-5.53973
-5.53909
-5.53779
-5.53779
-5.53747
-5.53779
-5.53909
-5.53941
-5.53779
-5.53779
-5.53585
-5.53552
-5.53584
-5.53422
-5.53552
-5.53422
-5.5339
-5.53326
-5.53488
-5.5365
-5.53585
-5.53585
-5.53552
-5.53585
-5.53714
-5.53779
-5.53779
-5.53715
-5.5365
-5.53586
-5.53424
-5.53295
-5.53489
-5.53554
-5.53651
-5.53521
-5.53456
-5.53359
-5.53294
-5.53423
-5.53617
-5.53358
-5.53358
-5.53229
-5.53132
-5.53294
-5.53456
-5.5365
-5.53748
-5.5391
-5.53586
-5.53651
-5.53618
-5.53748
-5.5378
-5.53586
-5.53521
-5.53424
-5.53618
-5.53845
-5.53683
-5.53748
-5.53586
-5.53489
-5.53553
-5.53586
-5.53554
-5.53683
-5.53651
-5.53652
-5.5349
-5.53554
-5.53457
-5.53586
-5.53392
-5.53554
-5.53391
-5.5365
-5.53554
-5.53618
-5.53683
-5.53813
-5.53684
-5.53619
-5.53781
-5.53878
-5.53846
-5.53878
-5.53813
-5.53327
-5.53003
-5.53133
-5.53068
-5.53132
-5.53003
-5.53327
-5.53521
-5.53586
-5.53619
-5.53845
-5.53618
-5.53683
-5.53683
-5.53618
-5.53457
-5.53295
-5.5336
-5.53166
-5.52971
-5.53036
-5.53198
-5.53295
-5.53229
-5.53359
-5.53262
-5.53391
-5.53359
-5.53424
-5.53683
-5.53522
-5.53716
-5.53684
-5.53652
-5.53846
-5.53814
-5.53749
-5.53684
-5.53554
-5.53587
-5.53684
-5.53554
-5.53522
-5.53587
-5.5336
-5.53458
-5.5349
-5.53264
-5.53264
-5.53296
-5.53328
-5.53425
-5.53522
-5.53555
-5.53587
-5.53523
-5.53361
-5.53328
-5.53296
-5.53296
-5.5349
-5.53523
-5.53458
-5.53458
-5.53588
-5.5362
-5.53717
-5.53782
-5.5375
-5.53944
-5.53944
-5.53879
-5.53717
-5.5375
-5.53652
-5.53588
-5.5362
-5.53685
-5.53426
-5.53717
-5.53523
-5.53393
-5.53426
-5.53426
-5.53458
-5.53523
-5.53749
-5.53587
-5.53458
-5.5349
-5.53329
-5.53231
-5.53231
-5.53393
-5.53231
-5.53328
-5.53555
-5.53749
-5.53652
-5.53619
-5.53652
-5.54008
-5.54041
-5.53912
-5.54009
-5.53879
-5.53911
-5.53944
-5.53749
-5.53587
-5.53717
-5.53522
-5.53425
-5.5349
-5.53587
-5.53393
-5.53167
-5.52972
-5.53005
-5.52713
-5.5281
-5.52843
-5.53069
-5.52843
-5.5294
-5.53005
-5.52745
-5.52842
-5.52939
-5.52939
-5.52939
-5.53004
-5.53101
-5.53199
-5.53134
-5.53361
-5.53328
-5.53166
-5.53134
-5.53231
-5.53296
-5.53328
-5.5336
-5.53328
-5.53295
-5.53231
-5.53328
-5.53328
-5.53264
-5.53458
-5.53491
-5.53588
-5.53653
-5.5375
-5.53653
-5.53588
-5.5375
-5.53685
-5.5362
-5.53782
-5.53749
-5.53878
-5.53814
-5.53684
-5.53781
-5.5362
-5.53459
-5.53588
-5.53556
-5.53524
-5.53556
-5.53524
-5.53103
-5.53232
-5.5307
-5.5307
-5.5294
-5.53102
-5.53103
-5.53038
-5.5307
-5.53167
-5.53135
-5.5294
-5.5294
-5.53102
-5.53264
-5.53328
-5.53587
-5.5362
-5.53749
-5.53717
-5.53749
-5.53911
-5.53847
-5.53847
-5.53717
-5.5375
-5.53555
-5.53523
-5.53523
-5.53425
-5.53522
-5.53425
-5.53328
-5.53328
-5.53295
-5.53101
-5.5323
-5.53263
-5.53133
-5.53263
-5.5336
-5.53231
-5.53264
-5.53523
-5.53393
-5.53555
-5.53555
-5.53296
-5.53263
-5.53231
-5.53587
-5.53717
-5.53781
-5.53781
-5.53652
-5.53489
-5.53781
-5.53748
-5.53489
-5.5349
-5.53555
-5.5362
-5.53361
-5.53329
-5.5362
-5.53717
-5.53911
-5.53911
-5.53911
-5.53975
-5.53846
-5.53846
-5.53716
-5.53813
-5.53587
-5.53457
-5.53133
-5.53295
-5.53198
-5.53295
-5.5336
-5.53392
-5.5336
-5.53133
-5.53166
-5.53198
-5.53263
-5.5336
-5.53587
-5.53587
-5.53587
-5.53684
-5.53684
-5.53717
-5.53717
-5.54008
-5.54073
-5.53911
-5.53781
-5.53716
-5.53684
-5.53619
-5.53651
-5.53716
-5.53684
-5.53522
-5.53457
-5.53425
-5.53619
-5.53911
-5.53814
-5.53749
-5.53716
-5.53457
-5.53555
-5.5349
