-7.84113
-7.80557
-7.73534
-7.6467
-7.5405
-7.42807
-7.31059
-7.19367
-7.08361
-6.98714
-6.91395
-6.86614
-6.8435
-6.84809
-6.87229
-6.90867
-6.95496
-7.00168
-7.04794
-7.08554
-7.11455
-7.13414
-7.14498
-7.1512
-7.15104
-7.14776
-7.14322
-7.14303
-7.1448
-7.14813
-7.15538
-7.16657
-7.18013
-7.19427
-7.20864
-7.22335
-7.23742
-7.24872
-7.25344
-7.25306
-7.24989
-7.24092
-7.23101
-7.21875
-7.20733
-7.1939
-7.18116
-7.17338
-7.16549
-7.16166
-7.15589
-7.15288
-7.15087
-7.1511
-7.15353
-7.15492
-7.15779
-7.16334
-7.1706
-7.17989
-7.18901
-7.19789
-7.20824
-7.2183
-7.22777
-7.23791
-7.24779
-7.25344
-7.25572
-7.25678
-7.25744
-7.25603
-7.25477
-7.25653
-7.25875
-7.25672
-7.25923
-7.26258
-7.26615
-7.26505
-7.26316
-7.26007
-7.25382
-7.24591
-7.23812
-7.2294
-7.21831
-7.20968
-7.1974
-7.18656
-7.1763
-7.16457
-7.15207
-7.14094
-7.12704
-7.11536
-7.10315
-7.09475
-7.08756
-7.08151
-7.07865
-7.0785
-7.07984
-7.08141
-7.08623
-7.09212
-7.10041
-7.11274
-7.12496
-7.14176
-7.16058
-7.18351
-7.21103
-7.238
-7.26456
-7.28663
-7.30295
-7.31408
-7.31847
-7.31695
-7.30959
-7.29789
-7.28136
-7.26508
-7.25017
-7.23321
-7.22203
-7.21001
-7.20112
-7.19279
-7.18498
-7.17782
-7.16929
-7.16294
-7.15655
-7.15271
-7.15047
-7.15456
-7.15802
-7.16861
-7.18106
-7.19833
-7.21722
-7.23523
-7.25309
-7.27009
-7.2817
-7.28676
-7.28996
-7.28714
-7.27969
-7.26734
-7.2525
-7.23203
-7.21201
-7.18614
-7.1657
-7.14542
-7.13017
-7.12042
-7.11403
-7.11406
-7.11841
-7.12743
-7.13805
-7.14965
-7.1618
-7.17048
-7.17571
-7.17645
-7.17564
-7.17426
-7.16987
-7.16554
-7.16264
-7.16081
-7.16116
-7.16157
-7.1657
-7.17219
-7.18336
-7.19478
-7.20811
-7.22404
-7.24039
-7.25402
-7.2641
-7.27101
-7.27319
-7.27378
-7.26762
-7.25456
-7.23787
-7.2176
-7.1931
-7.16633
-7.14011
-7.11489
-7.09645
-7.08623
-7.08531
-7.09464
-7.11501
-7.13866
-7.1652
-7.19082
-7.21492
-7.23571
-7.2508
-7.2604
-7.2635
-7.26269
-7.26214
-7.26004
-7.25755
-7.25471
-7.25553
-7.25474
-7.2551
-7.2554
-7.25358
-7.2531
-7.25089
-7.24616
-7.23874
-7.2335
-7.22493
-7.21801
-7.20947
-7.19982
-7.19228
-7.18243
-7.16995
-7.15563
-7.14457
-7.13441
-7.12598
-7.12282
-7.12045
-7.12109
-7.12036
-7.1232
-7.12752
-7.13122
-7.13903
-7.14464
-7.15301
-7.16357
-7.17238
-7.18128
-7.19052
-7.19993
-7.20627
-7.20996
-7.20972
-7.21453
-7.21441
-7.21375
-7.21382
-7.21321
-7.21268
-7.216
-7.22056
-7.22702
-7.23124
-7.23479
-7.23726
-7.23866
-7.23915
-7.23596
-7.22839
-7.21978
-7.21172
-7.19914
-7.18683
-7.17322
-7.15978
-7.14712
-7.13941
-7.13489
-7.13499
-7.13687
-7.14567
-7.15389
-7.16317
-7.17558
-7.18683
-7.19544
-7.20427
-7.21367
-7.22146
-7.22906
-7.23352
-7.23434
-7.23478
-7.23854
-7.24314
-7.24572
-7.24568
-7.24794
-7.25003
-7.24705
-7.24569
-7.24178
-7.23166
-7.22044
-7.20755
-7.19094
-7.17822
-7.16433
-7.15222
-7.14293
-7.138
-7.13659
-7.13925
-7.1433
-7.14916
-7.15623
-7.16561
-7.17045
-7.17545
-7.17913
-7.18393
-7.18613
-7.18829
-7.1911
-7.19598
-7.2002
-7.20638
-7.2145
-7.21921
-7.22491
-7.22747
-7.22719
-7.22369
-7.22018
-7.215
-7.21096
-7.20643
-7.20307
-7.20122
-7.20121
-7.20735
-7.2112
-7.21875
-7.22224
-7.22511
-7.22408
-7.21906
-7.21768
-7.21278
-7.20545
-7.20081
-7.19737
-7.19568
-7.19406
-7.18973
-7.18678
-7.18074
-7.17733
-7.175
-7.17168
-7.16672
-7.1628
-7.15906
-7.15782
-7.15709
-7.15789
-7.16048
-7.16594
-7.17239
-7.17605
-7.18189
-7.18846
-7.19693
-7.20324
-7.21129
-7.22044
-7.22606
-7.2304
-7.2329
-7.23249
-7.23245
-7.2288
-7.22934
-7.22374
-7.21941
-7.21555
-7.21028
-7.20584
-7.20164
-7.19557
-7.19062
-7.18818
-7.18692
-7.18626
-7.18685
-7.18837
-7.18907
-7.18788
-7.18295
-7.17578
-7.17126
-7.16381
-7.15755
-7.15296
-7.15132
-7.15251
-7.16009
-7.17067
-7.18175
-7.1939
-7.20485
-7.21317
-7.2164
-7.21981
-7.22076
-7.21795
-7.21511
-7.21264
-7.21154
-7.2156
-7.21812
-7.22207
-7.2251
-7.22821
-7.22835
-7.22884
-7.2274
-7.22281
-7.22005
-7.21575
-7.21188
-7.20889
-7.20594
-7.20209
-7.19812
-7.19742
-7.19602
-7.19273
-7.18899
-7.18479
-7.18038
-7.17167
-7.16509
-7.15779
-7.1496
-7.14345
-7.13894
-7.13666
-7.13777
-7.14204
-7.15016
-7.16114
-7.17128
-7.18322
-7.19143
-7.20087
-7.2064
-7.2096
-7.21125
-7.20948
-7.20994
-7.21131
-7.21356
-7.21877
-7.22404
-7.23031
-7.23993
-7.24443
-7.24831
-7.2467
-7.24476
-7.24055
-7.23281
-7.22509
-7.21779
-7.20676
-7.19487
-7.18518
-7.17484
-7.16863
-7.16388
-7.1578
-7.15406
-7.15496
-7.15691
-7.15911
-7.16024
-7.16467
-7.16927
-7.17162
-7.1766
-7.17895
-7.18307
-7.18422
-7.18747
-7.19069
-7.1935
-7.20011
-7.20701
-7.21697
-7.22227
-7.22949
-7.23457
-7.23766
-7.24065
-7.24092
-7.23793
-7.23131
-7.22279
-7.21044
-7.19937
-7.18615
-7.17239
-7.1622
-7.1506
-7.1451
-7.14512
-7.14752
-7.1527
-7.16336
-7.17336
-7.18208
-7.19019
-7.19516
-7.19695
-7.19495
-7.19114
-7.18351
-7.1748
-7.16503
-7.15764
-7.14943
-7.1455
-7.15022
-7.1568
-7.1686
-7.18325
-7.20192
-7.21771
-7.23397
-7.24979
-7.26228
-7.27099
-7.27529
-7.27186
-7.26811
-7.25919
-7.25064
-7.24187
-7.23283
-7.22456
-7.21924
-7.21561
-7.21181
-7.21053
-7.21024
-7.21274
-7.21559
-7.21681
-7.21412
-7.21115
-7.20479
-7.2024
-7.19739
-7.19822
-7.19589
-7.19301
-7.19022
-7.18703
-7.18142
-7.1756
-7.16809
-7.15729
-7.14507
-7.1373
-7.12815
-7.12225
-7.11858
-7.11952
-7.1224
-7.13206
-7.14294
-7.15823
-7.17411
-7.18855
-7.20276
-7.21655
-7.22765
-7.2353
-7.24193
-7.24501
-7.24638
-7.24607
-7.24715
-7.24489
-7.24089
-7.23543
-7.23091
-7.22448
-7.21884
-7.21059
-7.2059
-7.20168
-7.20092
-7.19969
-7.19853
-7.19806
-7.19843
-7.19723
-7.198
-7.19834
-7.20098
-7.20266
-7.20232
-7.2032
-7.20295
-7.20487
-7.20764
-7.2118
-7.21611
-7.22048
-7.22313
-7.22735
-7.2274
-7.2267
-7.22387
-7.21744
-7.20874
-7.19886
-7.18786
-7.17636
-7.16512
-7.15524
-7.14828
-7.1438
-7.14294
-7.1473
-7.15268
-7.15854
-7.16396
-7.16912
-7.17508
-7.17849
-7.17782
-7.17911
-7.17864
-7.1765
-7.17617
-7.17357
-7.17391
-7.1752
-7.17938
-7.1836
-7.19222
-7.20168
-7.21072
-7.22125
-7.23161
-7.24302
-7.25523
-7.26275
-7.26872
-7.27342
-7.27476
-7.27318
-7.26784
-7.26145
-7.25311
-7.24486
-7.23256
-7.22068
-7.20979
-7.19994
-7.18843
-7.17675
-7.16576
-7.15519
-7.146
-7.13653
-7.13083
-7.12574
-7.12606
-7.12859
-7.13483
-7.14527
-7.15839
-7.17156
-7.18376
-7.19636
-7.20552
-7.21373
-7.21971
-7.22297
-7.22494
-7.22422
-7.21825
-7.21259
-7.20436
-7.1952
-7.18548
-7.17914
-7.17275
-7.1691
-7.1693
-7.17228
-7.17536
-7.1825
-7.19257
-7.20013
-7.20645
-7.21158
-7.21584
-7.21629
-7.21693
-7.21568
-7.20847
-7.20149
-7.19415
-7.18867
-7.18696
-7.18813
-7.19084
-7.19474
-7.19901
-7.2003
-7.20422
-7.20535
-7.20507
-7.20531
-7.20362
-7.20214
-7.20192
-7.2031
-7.20436
-7.20714
-7.20927
-7.21022
-7.21337
-7.2147
-7.21637
-7.21787
-7.21674
-7.21653
-7.21625
-7.21149
-7.20737
-7.2012
-7.19153
-7.18279
-7.17602
-7.17256
-7.1687
-7.17224
-7.17752
-7.18469
-7.19202
-7.20253
-7.21224
-7.22353
-7.23201
-7.23847
-7.24188
-7.24018
-7.23596
-7.22772
-7.21753
-7.20672
-7.19667
-7.18406
-7.17353
-7.1623
-7.15778
-7.15706
-7.1564
-7.15658
-7.15898
-7.16498
-7.1711
-7.17664
-7.18268
-7.18855
-7.19366
-7.19817
-7.19565
-7.19474
-7.19165
-7.18745
-7.18279
-7.17538
-7.1725
-7.16967
-7.16767
-7.173
-7.18236
-7.19237
-7.20581
-7.22175
-7.23665
-7.25251
-7.26715
-7.27845
-7.28541
-7.28938
-7.28957
-7.28515
-7.27679
-7.26353
-7.24775
-7.22789
-7.20826
-7.18786
-7.17158
-7.15958
-7.1516
-7.15094
-7.15468
-7.16383
-7.17571
-7.18775
-7.19828
-7.20802
-7.21432
-7.21331
-7.20895
-7.19802
-7.18435
-7.17041
-7.15141
-7.13315
-7.11784
-7.10472
-7.09865
-7.09956
-7.10369
-7.11139
-7.12064
-7.13427
-7.14994
-7.16792
-7.1872
-7.20808
-7.2246
-7.23803
-7.25254
-7.26425
-7.27266
-7.27781
-7.27697
-7.27363
-7.26568
-7.25437
-7.23986
-7.22386
-7.20738
-7.1893
-7.17355
-7.16113
-7.15447
-7.14985
-7.15049
-7.15749
-7.16525
-7.17679
-7.19196
-7.20597
-7.21921
-7.22552
-7.23168
-7.23323
-7.2272
-7.21756
-7.20465
-7.18946
-7.17496
-7.16507
-7.15826
-7.15875
-7.1655
-7.1783
-7.19342
-7.20901
-7.22476
-7.23967
-7.24742
-7.25005
-7.24864
-7.24106
-7.22965
-7.21904
-7.2037
-7.18966
-7.17807
-7.16923
-7.16198
-7.15729
-7.15356
-7.1518
-7.15475
-7.15513
-7.15646
-7.159
-7.16231
-7.16939
-7.17887
-7.18999
-7.20205
-7.21426
-7.22732
-7.23704
-7.24279
-7.24412
-7.24267
-7.23829
-7.22854
-7.2164
-7.20474
-7.1931
-7.18479
-7.17698
-7.1734
-7.17347
-7.177
-7.17931
-7.18455
-7.19179
-7.1987
-7.20483
-7.20859
-7.20942
-7.20717
-7.20051
-7.19442
-7.18569
-7.17696
-7.16884
-7.16342
-7.16192
-7.16294
-7.16525
-7.17237
-7.17991
-7.19127
-7.20651
-7.21985
-7.23283
-7.24513
-7.25415
-7.26202
-7.26583
-7.26453
-7.26225
-7.25519
-7.24561
-7.23272
-7.21852
-7.20204
-7.18621
-7.17369
-7.16712
-7.16441
-7.16831
-7.17539
-7.18479
-7.19686
-7.2089
-7.21701
-7.22413
-7.22748
-7.22963
-7.22523
-7.21802
-7.20623
-7.19087
-7.17791
-7.16468
-7.15368
-7.14822
-7.14644
-7.14668
-7.1499
-7.15558
-7.16482
-7.17737
-7.18553
-7.19368
-7.20211
-7.2076
-7.21252
-7.2197
-7.22654
-7.23177
-7.23495
-7.23818
-7.2418
-7.24179
-7.24023
-7.23698
-7.2322
-7.21848
-7.19249
-7.15614
-7.10333
-7.04364
-6.97871
-6.91874
-6.86872
-6.82683
-6.8012
-6.78555
-6.7825
-6.7886
-6.80109
-6.81467
-6.83004
-6.84388
-6.8541
-6.86057
-6.86475
-6.86415
-6.86431
-6.86589
-6.86768
-6.87006
-6.87672
-6.88615
-6.89847
-6.91536
-6.93368
-6.94647
-6.95925
-6.96927
-6.97623
-6.97995
-6.98101
-6.97948
-6.97794
-6.97466
-6.97051
-6.96897
-6.96801
-6.97098
-6.97502
-6.97701
-6.98042
-6.98249
-6.97774
-6.96943
-6.95396
-6.93212
-6.90395
-6.87616
-6.85123
-6.82557
-6.81008
-6.79951
-6.79809
-6.80601
-6.82179
-6.8412
-6.86406
-6.88625
-6.90815
-6.92356
-6.93791
-6.95256
-6.96187
-6.97422
-6.98685
-7.00503
-7.02046
-7.03406
-7.04508
-7.05181
-7.05327
-7.04874
-7.03722
-7.02042
-7.0002
-6.98044
-6.96122
-6.94953
-6.94058
-6.93757
-6.94008
-6.94344
-6.94713
-6.95078
-6.95042
-6.9461
-6.94109
-6.93147
-6.92292
-6.91327
-6.89988
-6.88301
-6.86649
-6.84795
-6.83184
-6.8204
-6.81023
-6.80687
-6.81014
-6.81668
-6.82748
-6.84361
-6.85923
-6.87586
-6.89359
-6.90793
-6.92295
-6.93422
-6.94455
-6.95319
-6.96451
-6.97562
-6.98769
-6.99534
-7.00468
-7.01133
-7.01392
-7.00971
-7.00215
-6.98852
-6.96963
-6.9485
-6.9242
-6.90279
-6.88514
-6.87106
-6.866
-6.87
-6.87932
-6.89611
-6.91695
-6.93508
-6.95126
-6.96428
-6.97645
-6.98148
-6.98187
-6.97749
-6.97015
-6.95969
-6.94838
-6.93685
-6.92748
-6.92091
-6.91629
-6.91793
-6.92104
-6.92933
-6.94214
-6.95365
-6.96575
-6.98128
-6.99474
-7.00577
-7.01303
-7.01373
-7.00931
-6.99954
-6.98643
-6.96931
-6.94834
-6.92867
-6.91076
-6.89272
-6.87855
-6.86754
-6.85578
-6.84929
-6.84457
-6.84176
-6.83764
-6.83971
-6.84087
-6.8435
-6.84911
-6.8575
-6.86597
-6.87202
-6.88124
-6.89101
-6.90113
-6.91238
-6.92515
-6.93882
-6.95529
-6.97193
-6.9903
-7.00404
-7.01191
-7.01541
-7.01613
-7.0121
-7.00537
-6.99813
-6.99014
-6.98168
-6.97563
-6.96884
-6.96196
-6.95391
-6.94523
-6.93517
-6.92029
-6.90412
-6.88765
-6.87022
-6.85078
-6.83684
-6.82505
-6.81808
-6.81138
-6.80997
-6.80882
-6.81351
-6.81743
-6.82399
-6.83371
-6.84211
-6.85231
-6.86459
-6.87951
-6.89617
-6.91748
-6.94073
-6.96422
-6.98706
-7.00627
-7.02041
-7.03039
-7.03162
-7.03293
-7.02833
-7.02339
-7.01585
-7.00775
-6.99873
-6.986
-6.97169
-6.95978
-6.94529
-6.93333
-6.92661
-6.92543
-6.92812
-6.93127
-6.93624
-6.93999
-6.94085
-6.9387
-6.92923
-6.91696
-6.90318
-6.89195
-6.87856
-6.87376
-6.87224
-6.87494
-6.88006
-6.89122
-6.90052
-6.91196
-6.92348
-6.93155
-6.9407
-6.95008
-6.95529
-6.96053
-6.96062
-6.95612
-6.94604
-6.9306
-6.91186
-6.8915
-6.87156
-6.85445
-6.83736
-6.82554
-6.81847
-6.8211
-6.83231
-6.85447
-6.88258
-6.91352
-6.9456
-6.97299
-6.99707
-7.01278
-7.02111
-7.02629
-7.02439
-7.01818
-7.01098
-7.0016
-6.99303
-6.98474
-6.97656
-6.96764
-6.95955
-6.95331
-6.94743
-6.94497
-6.9414
-6.93924
-6.9397
-6.94417
-6.94683
-6.95038
-6.95226
-6.95291
-6.95502
-6.95455
-6.95159
-6.94419
-6.93364
-6.91788
-6.8952
-6.86963
-6.84448
-6.81996
-6.80322
-6.79205
-6.79242
-6.80507
-6.82586
-6.85226
-6.88364
-6.91353
-6.93929
-6.95959
-6.97061
-6.97691
-6.97839
-6.9743
-6.96654
-6.95554
-6.94272
-6.93573
-6.92667
-6.92361
-6.9245
-6.92898
-6.93812
-6.94659
-6.95398
-6.95874
-6.96407
-6.96613
-6.96434
-6.96026
-6.95509
-6.94711
-6.93838
-6.92974
-6.92315
-6.92023
-6.92276
-6.92427
-6.92677
-6.93335
-6.93886
-6.94384
-6.94753
-6.94825
-6.94527
-6.93781
-6.92613
-6.91374
-6.90073
-6.8911
-6.88438
-6.87978
-6.88131
-6.88746
-6.89884
-6.91316
-6.92973
-6.95089
-6.96987
-6.98526
-6.99484
-6.99719
-6.99423
-6.983
-6.96291
-6.93727
-6.91088
-6.88404
-6.86082
-6.84253
-6.83522
-6.83498
-6.84087
-6.85288
-6.87054
-6.88521
-6.89849
-6.91052
-6.9193
-6.92755
-6.92996
-6.93157
-6.93053
-6.92764
-6.92349
-6.92062
-6.91873
-6.92178
-6.92689
-6.93456
-6.942
-6.95073
-6.95642
-6.96077
-6.95993
-6.95509
-6.94823
-6.94033
-6.93679
-6.93436
-6.93345
-6.93804
-6.94701
-6.95714
-6.96713
-6.9784
-6.98874
-6.99642
-6.99748
-6.99827
-6.99008
-6.98167
-6.96789
-6.95302
-6.93836
-6.92687
-6.91736
-6.91243
-6.90645
-6.90289
-6.90028
-6.89771
-6.89579
-6.89501
-6.89456
-6.89339
-6.89615
-6.89652
-6.89966
-6.90381
-6.91184
-6.91791
-6.9253
-6.933
-6.94225
-6.94781
-6.94988
-6.94924
-6.94225
-6.93446
-6.91961
-6.90521
-6.89249
-6.87713
-6.86083
-6.84764
-6.83775
-6.83202
-6.82713
-6.83157
-6.83912
-6.85139
-6.86879
-6.88833
-6.91064
-6.93171
-6.95121
-6.96316
-6.9733
-6.97758
-6.97875
-6.97314
-6.9669
-6.95837
-6.95482
-6.94975
-6.94882
-6.95073
-6.95342
-6.95572
-6.95786
-6.96075
-6.96386
-6.96775
-6.96957
-6.9705
-6.97337
-6.97462
-6.97614
-6.98216
-6.98505
-6.98762
-6.98904
-6.98423
-6.97365
-6.95757
-6.93923
-6.91617
-6.89451
-6.87166
-6.85526
-6.84155
-6.83582
-6.83358
-6.83542
-6.84019
-6.84669
-6.85463
-6.86357
-6.87244
-6.88525
-6.89972
-6.91849
-6.93622
-6.95259
-6.96961
-6.98446
-6.99757
-7.0047
-7.00605
-7.00168
-6.99036
-6.97125
-6.95062
-6.93124
-6.91588
-6.90082
-6.89145
-6.88811
-6.88498
-6.88439
-6.88598
-6.89061
-6.89361
-6.89352
-6.89705
-6.89675
-6.89401
-6.89368
-6.89518
-6.89391
-6.89376
-6.89217
-6.89203
-6.89029
-6.88868
-6.88702
-6.88871
-6.89413
-6.90778
-6.93028
-6.95372
-6.9796
-7.00618
-7.02856
-7.04434
-7.05515
-7.05689
-7.05362
-7.04375
-7.03125
-7.01808
-7.00432
-6.98658
-6.97033
-6.96037
-6.95075
-6.94121
-6.93534
-6.92981
-6.92394
-6.91939
-6.91112
-6.90342
-6.89597
-6.88689
-6.87473
-6.86454
-6.85354
-6.84321
-6.83636
-6.83506
-6.83703
-6.8419
-6.84594
-6.853
-6.86545
-6.87768
-6.89522
-6.91573
-6.93754
-6.95612
-6.97639
-6.98994
-6.99793
-6.99968
-6.9977
-6.98715
-6.97327
-6.95548
-6.93694
-6.91939
-6.90455
-6.89221
-6.8899
-6.89324
-6.89955
-6.91
-6.92124
-6.93332
-6.94441
-6.95144
-6.9526
-6.94689
-6.93415
-6.91592
-6.89944
-6.88205
-6.86621
-6.85492
-6.85406
-6.85644
-6.86868
-6.88451
-6.90676
-6.93051
-6.95411
-6.97599
-6.99292
-7.0052
-7.01158
-7.01208
-7.00563
-6.99369
-6.97608
-6.9499
-6.92337
-6.89682
-6.8725
-6.85678
-6.84934
-6.85444
-6.86916
-6.88884
-6.9126
-6.93924
-6.95975
-6.9727
-6.97765
-6.97614
-6.96757
-6.95724
-6.94661
-6.9331
-6.92302
-6.91193
-6.90016
-6.88525
-6.8741
-6.86415
-6.85639
-6.85664
-6.85824
-6.86633
-6.87786
-6.88965
-6.90375
-6.91698
-6.93005
-6.93963
-6.94492
-6.94855
-6.94804
-6.9456
-6.93952
-6.93094
-6.92072
-6.91036
-6.9016
-6.89338
-6.8923
-6.89616
-6.90721
-6.92625
-6.94976
-6.97782
-7.00362
-7.0242
-7.03648
-7.03958
-7.03466
-7.02523
-7.01362
-6.99683
-6.97942
-6.96115
-6.94215
-6.92711
-6.91308
-6.89686
-6.8814
-6.86982
-6.85482
-6.84055
-6.82494
-6.81105
-6.8072
-6.80934
-6.82201
-6.84365
-6.87194
-6.90604
-6.93942
-6.96873
-6.9959
-7.01329
-7.0226
-7.02912
-7.02586
-7.01453
-6.99576
-6.97216
-6.94617
-6.91686
-6.88673
-6.85927
-6.84043
-6.82891
-6.82633
-6.83377
-6.84601
-6.8653
-6.89032
-6.91715
-6.95038
-6.9831
-7.01269
-7.03492
-7.05218
-7.0591
-7.05732
-7.04714
-7.03373
-7.0133
-6.98802
-6.95929
-6.93518
-6.91328
-6.89899
-6.88899
-6.88322
-6.88474
-6.89137
-6.89958
-6.91084
-6.92328
-6.9402
-6.95566
-6.97178
-6.98056
-6.98588
-6.98727
-6.97976
-6.96653
-6.94561
-6.9219
-6.89836
-6.87549
-6.85593
-6.84439
-6.84325
-6.84816
-6.86139
-6.87806
-6.89845
-6.92259
-6.9464
-6.96915
-6.987
-7.00096
-7.00948
-7.0102
-7.00554
-6.99283
-6.97379
-6.94763
-6.92399
-6.89463
-6.86728
-6.84166
-6.82126
-6.80873
-6.80461
-6.8051
-6.81487
-6.82997
-6.85496
-6.88033
-6.90544
-6.92811
-6.94507
-6.95509
-6.95723
-6.95286
-6.93792
-6.91804
-6.89812
-6.87796
-6.85858
-6.84543
-6.8406
-6.83926
-6.84355
-6.85589
-6.87233
-6.89185
-6.91608
-6.94417
-6.97224
-6.99815
-7.02316
-7.04347
-7.05957
-7.06705
-7.06599
-7.05628
-7.04072
-7.01866
-6.99131
-6.96136
-6.93342
-6.90957
-6.88963
-6.87357
-6.86772
-6.86978
-6.8758
-6.88729
-6.90561
-6.92656
-6.94323
-6.95756
-6.96392
-6.96141
-6.94619
-6.92681
-6.90281
-6.87792
-6.85536
-6.84243
-6.83957
-6.84398
-6.85774
-6.87993
-6.90609
-6.93446
-6.9589
-6.9804
-6.99852
-7.01284
-7.02217
-7.02476
-7.02371
-7.01821
-7.00693
-6.99145
-6.96857
-6.94242
-6.91309
-6.87916
-6.84558
-6.8168
-6.79623
-6.78999
-6.79462
-6.81195
-6.83762
-6.86696
-6.89616
-6.92503
-6.94741
-6.96693
-6.97933
-6.98672
-6.99033
-6.99066
-6.98867
-6.98478
-6.98116
-6.97881
-6.97358
-6.9674
-6.96081
-6.95354
-6.94716
-6.94445
-6.94068
-6.94098
-6.94485
-6.95138
-6.96024
-6.97118
-6.98133
-6.99071
-6.99629
-6.99718
-6.99609
-6.98575
-6.96901
-6.94956
-6.92586
-6.90278
-6.87926
-6.85781
-6.83809
-6.82265
-6.81152
-6.8082
-6.81916
-6.84071
-6.87103
-6.90743
-6.94721
-6.98559
-7.02021
-7.04488
-7.06038
-7.06684
-7.06198
-7.04646
-7.02005
-6.99183
-6.9581
-6.92644
-6.89735
-6.87447
-6.86294
-6.85691
-6.85977
-6.86737
-6.87897
-6.89513
-6.91117
-6.92319
-6.93274
-6.93619
-6.93635
-6.9291
-6.9197
-6.9072
-6.89276
-6.88005
-6.87222
-6.87044
-6.87316
-6.88063
-6.88963
-6.89715
-6.90079
-6.90127
-6.90077
-6.89677
-6.89338
-6.8877
-6.878
-6.87176
-6.86561
-6.8645
-6.86724
-6.87852
-6.89512
-6.9165
-6.94105
-6.96322
-6.98383
-7.00071
-7.01504
-7.02536
-7.03059
-7.03693
-7.03869
-7.03712
-7.03582
-7.02777
-7.01466
-6.99976
-6.97757
-6.9485
-6.91397
-6.87688
-6.84078
-6.80847
-6.77823
-6.74972
-6.72681
-6.70845
-6.69744
-6.69277
-6.69232
-6.69836
-6.70786
-6.72106
-6.7391
-6.75798
-6.77736
-6.79322
-6.80851
-6.81997
-6.82865
-6.83398
-6.83748
-6.83978
-6.84026
-6.83459
-6.82744
-6.81777
-6.80671
-6.79741
-6.78827
-6.7843
-6.78297
-6.78624
-6.78727
-6.78271
-6.77695
-6.76784
-6.75858
-6.75115
-6.74621
-6.74477
-6.74109
-6.73982
-6.74115
-6.74573
-6.75411
-6.77207
-6.79179
-6.8161
-6.84302
-6.86917
-6.88997
-6.90558
-6.91324
-6.91034
-6.90352
-6.8898
-6.87536
-6.85651
-6.84066
-6.82511
-6.81433
-6.80699
-6.79907
-6.79243
-6.7886
-6.78639
-6.7857
-6.78185
-6.78247
-6.78615
-6.78661
-6.78916
-6.79157
-6.79579
-6.80343
-6.8122
-6.82627
-6.83565
-6.84432
-6.84952
-6.85134
-6.8486
-6.84184
-6.83301
-6.82469
-6.81885
-6.81638
-6.82373
-6.83149
-6.84055
-6.85079
-6.85453
-6.859
-6.85789
-6.85199
-6.84215
-6.82755
-6.80651
-6.78649
-6.7674
-6.74934
-6.73897
-6.73523
-6.74158
-6.75081
-6.76438
-6.78257
-6.79894
-6.81744
-6.83374
-6.84982
-6.86496
-6.87178
-6.87489
-6.87317
-6.86217
-6.85126
-6.83457
-6.819
-6.80513
-6.79874
-6.79627
-6.80128
-6.80915
-6.81703
-6.82693
-6.83256
-6.83029
-6.82446
-6.81514
-6.80169
-6.79321
-6.78687
-6.7842
-6.78842
-6.79491
-6.80246
-6.81216
-6.82006
-6.82799
-6.83663
-6.84181
-6.84403
-6.84422
-6.8401
-6.83031
-6.8182
-6.8043
-6.7932
-6.7876
-6.7897
-6.79991
-6.8159
-6.83586
-6.85579
-6.87643
-6.89421
-6.90668
-6.91259
-6.91216
-6.90362
-6.89037
-6.8721
-6.85084
-6.83094
-6.81081
-6.79415
-6.7818
-6.77653
-6.77687
-6.7851
-6.79807
-6.813
-6.82665
-6.8367
-6.84212
-6.84219
-6.83518
-6.82575
-6.80998
-6.79301
-6.77371
-6.74932
-6.72403
-6.6997
-6.67982
-6.66773
-6.66336
-6.67082
-6.68915
-6.71932
-6.75663
-6.80088
-6.84347
-6.87974
-6.90747
-6.92839
-6.93839
-6.94287
-6.94429
-6.94642
-6.94891
-6.95199
-6.94843
-6.93886
-6.92291
-6.9003
-6.87434
-6.84633
-6.81786
-6.79779
-6.78685
-6.78368
-6.79071
-6.80274
-6.81562
-6.82767
-6.83456
-6.83429
-6.83275
-6.82712
-6.81928
-6.80847
-6.79946
-6.78625
-6.77203
-6.7564
-6.7455
-6.73959
-6.73729
-6.73978
-6.74758
-6.75543
-6.7681
-6.78354
-6.79713
-6.80627
-6.81469
-6.8235
-6.82995
-6.83213
-6.83425
-6.83447
-6.83608
-6.84273
-6.85394
-6.87027
-6.88696
-6.90195
-6.91232
-6.91288
-6.90628
-6.89109
-6.87004
-6.84244
-6.81798
-6.79343
-6.77368
-6.76327
-6.75887
-6.75527
-6.75861
-6.7628
-6.76937
-6.77819
-6.78794
-6.79994
-6.81182
-6.81943
-6.82407
-6.82404
-6.8218
-6.81531
-6.80789
-6.79975
-6.79407
-6.79118
-6.79267
-6.79688
-6.80327
-6.81331
-6.82288
-6.83568
-6.8484
-6.85817
-6.86313
-6.8685
-6.86809
-6.86602
-6.86203
-6.85896
-6.85109
-6.84623
-6.84332
-6.83731
-6.83095
-6.82324
-6.81583
-6.80743
-6.79324
-6.78248
-6.76907
-6.75374
-6.73675
-6.7232
-6.71265
-6.71241
-6.71709
-6.728
-6.74681
-6.77055
-6.80292
-6.83625
-6.87016
-6.89643
-6.91579
-6.92391
-6.91969
-6.90613
-6.88574
-6.86218
-6.83948
-6.81898
-6.80825
-6.80691
-6.81458
-6.8251
-6.8388
-6.84949
-6.85111
-6.84875
-6.84289
-6.83734
-6.83241
-6.83355
-6.83783
-6.84406
-6.84934
-6.85638
-6.85905
-6.85675
-6.85013
-6.84161
-6.82901
-6.80938
-6.79085
-6.77122
-6.75354
-6.74288
-6.73784
-6.74067
-6.75043
-6.77044
-6.7913
-6.81062
-6.83146
-6.84676
-6.85902
-6.86512
-6.86749
-6.86574
-6.86148
-6.85338
-6.84526
-6.83467
-6.82604
-6.81875
-6.81166
-6.80519
-6.79736
-6.78898
-6.78163
-6.77473
-6.76656
-6.75806
-6.75486
-6.75782
-6.76668
-6.78071
-6.80195
-6.82684
-6.85091
-6.87051
-6.88327
-6.88273
-6.87329
-6.85153
-6.81914
-6.78395
-6.74888
-6.71725
-6.69449
-6.6826
-6.68343
-6.69661
-6.71842
-6.74894
-6.78263
-6.81886
-6.85138
-6.88379
-6.91043
-6.93355
-6.95463
-6.97029
-6.97969
-6.9873
-6.99156
-6.98579
-6.97398
-6.95486
-6.9257
-6.89145
-6.85296
-6.81547
-6.77721
-6.74624
-6.72175
-6.70603
-6.69742
-6.6979
-6.70234
-6.71431
-6.7272
-6.74128
-6.75696
-6.77344
-6.78301
-6.78924
-6.79218
-6.78974
-6.78346
-6.77624
-6.76736
-6.76001
-6.75974
-6.7625
-6.77313
-6.7872
-6.80652
-6.83053
-6.85643
-6.8795
-6.90099
-6.91414
-6.91939
-6.91903
-6.91084
-6.89881
-6.88308
-6.8646
-6.85037
-6.83877
-6.82956
-6.82556
-6.82491
-6.82346
-6.8242
-6.82299
-6.82082
-6.81717
-6.81072
-6.79951
-6.78604
-6.76971
-6.75282
-6.7335
-6.7213
-6.7127
-6.71193
-6.72255
-6.73769
-6.76176
-6.78765
-6.81311
-6.84135
-6.86702
-6.89218
-6.91438
-6.92956
-6.9421
-6.94735
-6.94239
-6.93245
-6.91775
-6.89902
-6.87738
-6.85239
-6.82664
-6.80324
-6.7784
-6.75837
-6.74306
-6.72738
-6.71298
-6.69944
-6.68348
-6.67025
-6.65998
-6.66013
-6.67015
-6.68928
-6.71907
-6.75236
-6.78705
-6.82092
-6.84994
-6.87386
-6.89182
-6.90308
-6.90975
-6.91104
-6.90817
-6.90499
-6.90236
-6.89924
-6.89444
-6.89032
-6.8849
-6.87972
-6.86877
-6.85982
-6.85097
-6.84245
-6.83726
-6.83432
-6.83388
-6.83828
-6.84123
-6.84426
-6.84628
-6.84425
-6.83519
-6.82093
-6.80304
-6.78313
-6.7617
-6.74204
-6.72563
-6.71596
-6.71468
-6.71761
-6.72227
-6.72765
-6.73424
-6.73964
-6.74708
-6.75654
-6.76836
-6.78448
-6.80047
-6.81406
-6.82715
-6.83646
-6.83986
-6.8406
-6.83296
-6.82981
-6.82436
-6.8185
-6.81149
-6.80812
-6.80458
-6.80285
-6.80055
-6.80335
-6.80887
-6.81919
-6.83286
-6.8476
-6.86278
-6.86955
-6.87068
-6.86617
-6.85814
-6.84494
-6.82989
-6.8157
-6.80674
-6.80026
-6.79528
-6.79566
-6.79815
-6.80452
-6.8115
-6.82633
-6.84269
-6.85701
-6.87035
-6.88128
-6.8863
-6.88738
-6.88735
-6.88177
-6.87241
-6.86012
-6.84929
-6.84185
-6.83447
-6.82924
-6.82888
-6.8314
-6.83484
-6.83657
-6.83732
-6.83011
-6.81902
-6.79975
-6.77378
-6.74245
-6.71189
-6.68596
-6.67192
-6.67405
-6.68707
-6.70908
-6.73503
-6.76115
-6.78113
-6.80126
-6.81872
-6.83482
-6.84796
-6.86099
-6.87369
-6.8844
-6.8931
-6.89727
-6.89818
-6.89228
-6.8832
-6.87052
-6.85537
-6.84054
-6.82787
-6.81683
-6.80642
-6.79821
-6.79321
-6.78991
-6.78791
-6.78684
-6.79185
-6.79828
-6.80292
-6.80935
-6.8184
-6.8276
-6.83698
-6.84302
-6.84557
-6.8467
-6.84213
-6.83791
-6.8334
-6.83503
-6.83964
-6.84606
-6.85039
-6.85464
-6.85132
-6.84711
-6.83831
-6.82861
-6.82047
-6.81449
-6.81066
-6.80951
-6.80982
-6.81107
-6.81265
-6.81279
-6.81506
-6.81761
-6.82662
-6.83828
-6.84939
-6.85806
-6.86263
-6.86299
-6.8596
-6.8533
-6.84028
-6.82598
-6.81047
-6.79487
-6.78118
-6.76667
-6.75194
-6.74054
-6.73167
-6.7198
-6.71282
-6.70923
-6.70929
-6.71301
-6.72026
-6.73298
-6.74493
-6.75602
-6.77023
-6.78494
-6.79891
-6.81817
-6.83992
-6.86458
-6.89184
-6.91908
-6.94074
-6.95946
-6.96953
-6.97176
-6.96112
-6.94375
-6.91809
-6.88788
-6.85463
-6.81968
-6.7843
-6.75494
-6.73283
-6.71862
-6.71559
-6.71941
-6.73324
-6.75216
-6.77498
-6.79646
-6.81435
-6.8261
-6.83241
-6.8316
-6.82436
-6.81119
-6.79486
-6.78361
-6.77446
-6.76707
-6.76651
-6.76894
-6.77684
-6.79093
-6.8086
-6.82817
-6.84609
-6.8664
-6.88032
-6.8948
-6.9051
-6.91797
-6.9254
-6.93042
-6.92835
-6.92222
-6.90588
-6.88023
-6.84661
-6.8055
-6.76624
-6.73415
-6.70987
-6.70444
-6.71506
-6.7365
-6.76744
-6.79896
-6.82845
-6.85357
-6.87206
-6.87977
-6.88028
-6.87678
-6.86678
-6.85323
-6.83838
-6.82643
-6.81757
-6.81427
-6.81258
-6.80972
-6.80968
-6.80367
-6.79827
-6.7903
-6.78395
-6.77924
-6.77814
-6.78067
-6.78835
-6.80082
-6.81984
-6.83995
-6.86266
-6.88035
-6.89031
-6.89508
-6.88954
-6.87769
-6.85926
-6.84088
-6.82286
-6.80897
-6.796
-6.7887
-6.78049
-6.77534
-6.76759
-6.75973
-6.75208
-6.74512
-6.74064
-6.73718
-6.73609
-6.73397
-6.73658
-6.74254
-6.75203
-6.76283
-6.77523
-6.78768
-6.79699
-6.80431
-6.80606
-6.80371
-6.79813
-6.7912
-6.78808
-6.78756
-6.79239
-6.80163
-6.81612
-6.83007
-6.84217
-6.85274
-6.86023
-6.8712
-6.87812
-6.88517
-6.88559
-6.88617
-6.88318
-6.87851
-6.87216
-6.86734
-6.86396
-6.86317
-6.86161
-6.86043
-6.85765
-6.85169
-6.83856
-6.81869
-6.79627
-6.77464
-6.75805
-6.74437
-6.7409
-6.74294
-6.75621
-6.77203
-6.79106
-6.80998
-6.83001
-6.84566
-6.85722
-6.86692
-6.87505
-6.87787
-6.87642
-6.8731
-6.86537
-6.85669
-6.84627
-6.83603
-6.82753
-6.81742
-6.80694
-6.79619
-6.78434
-6.77086
-6.75692
-6.74281
-6.73048
-6.7244
-6.72382
-6.72766
-6.73792
-6.75313
-6.77164
-6.79474
-6.81947
-6.84534
-6.86751
-6.88445
-6.89664
-6.89821
-6.88962
-6.87496
-6.85058
-6.82276
-6.79737
-6.77668
-6.77054
-6.77904
-6.80181
-6.83401
-6.87189
-6.90702
-6.93421
-6.9522
-6.95591
-6.95058
-6.93651
-6.9135
-6.89186
-6.86877
-6.84885
-6.8379
-6.83222
-6.82991
-6.83111
-6.831
-6.83138
-6.82953
-6.82375
-6.81339
-6.79682
-6.77921
-6.75626
-6.73064
-6.7027
-6.68064
-6.66279
-6.65271
-6.65323
-6.6629
-6.67949
-6.69917
-6.7219
-6.74526
-6.7662
-6.7861
-6.80162
-6.81525
-6.8284
-6.83785
-6.84514
-6.85097
-6.85681
-6.86206
-6.86905
-6.87686
-6.88505
-6.89298
-6.89929
-6.90499
-6.91056
-6.9122
-6.90776
-6.90198
-6.89043
-6.87647
-6.86032
-6.84399
-6.82616
-6.81051
-6.79323
-6.77682
-6.76103
-6.74682
-6.73605
-6.72733
-6.7248
-6.72808
-6.7382
-6.75055
-6.7668
-6.78215
-6.79659
-6.81288
-6.82683
-6.84057
-6.85334
-6.86141
-6.86726
-6.86621
-6.86213
-6.85692
-6.84349
-6.83352
-6.82529
-6.81996
-6.81808
-6.82089
-6.82718
-6.83367
-6.83657
-6.83541
-6.82943
-6.8219
-6.81588
-6.81057
-6.80488
-6.79997
-6.78967
-6.77575
-6.76271
-6.75363
-6.74746
-6.74136
-6.74058
-6.7439
-6.75119
-6.75579
-6.75982
-6.76003
-6.75109
-6.74008
-6.7254
-6.70775
-6.68751
-6.67014
-6.65361
-6.64704
-6.65027
-6.66546
-6.69168
-6.7261
-6.75972
-6.78941
-6.80967
-6.81774
-6.81675
-6.80627
-6.78464
-6.75678
-6.72401
-6.69275
-6.6652
-6.64745
-6.6362
-6.63966
-6.64953
-6.66339
-6.68041
-6.69745
-6.71516
-6.72915
-6.74084
-6.7508
-6.7557
-6.7573
-6.75782
-6.75462
-6.74907
-6.746
-6.74387
-6.74326
-6.74823
-6.75291
-6.76342
-6.7727
-6.78247
-6.79243
-6.79918
-6.80388
-6.80688
-6.80777
-6.80743
-6.80599
-6.8067
-6.80524
-6.80715
-6.81073
-6.81621
-6.82389
-6.83261
-6.83933
-6.84391
-6.83709
-6.82036
-6.79079
-6.75371
-6.71166
-6.67118
-6.63229
-6.60372
-6.58597
-6.57553
-6.57159
-6.57717
-6.58975
-6.60482
-6.62125
-6.63944
-6.65579
-6.67056
-6.68671
-6.70368
-6.72136
-6.73299
-6.74687
-6.75324
-6.75512
-6.75345
-6.74442
-6.73412
-6.72379
-6.71419
-6.71079
-6.71589
-6.72519
-6.7414
-6.76458
-6.78482
-6.80973
-6.82816
-6.84305
-6.84983
-6.84704
-6.83819
-6.83071
-6.81778
-6.80317
-6.78685
-6.77187
-6.75785
-6.74507
-6.73363
-6.72467
-6.71788
-6.71259
-6.70941
-6.70981
-6.71209
-6.71946
-6.73243
-6.7447
-6.7595
-6.77194
-6.7799
-6.78026
-6.77826
-6.77134
-6.76329
-6.75371
-6.74473
-6.73504
-6.72907
-6.72681
-6.7305
-6.73572
-6.745
-6.75767
-6.76649
-6.77033
-6.76436
-6.7549
-6.73758
-6.71429
-6.68643
-6.6623
-6.6411
-6.6273
-6.61811
-6.62033
-6.63309
-6.65424
-6.68527
-6.72138
-6.75867
-6.79412
-6.81961
-6.8373
-6.84678
-6.8429
-6.82834
-6.80484
-6.77387
-6.74202
-6.7147
-6.69342
-6.67968
-6.67555
-6.68017
-6.6901
-6.70504
-6.72415
-6.74508
-6.76667
-6.78245
-6.7962
-6.80458
-6.8051
-6.7969
-6.78228
-6.76674
-6.752
-6.73941
-6.73335
-6.73296
-6.73456
-6.74272
-6.75287
-6.76481
-6.77774
-6.79252
-6.80487
-6.81578
-6.82063
-6.82408
-6.82527
-6.82294
-6.81423
-6.79987
-6.77995
-6.75533
-6.72434
-6.69066
-6.65353
-6.6195
-6.59241
-6.57402
-6.5675
-6.57655
-6.59773
-6.62976
-6.67196
-6.71788
-6.76309
-6.80327
-6.83499
-6.85738
-6.86847
-6.86863
-6.86141
-6.85093
-6.83921
-6.82564
-6.81366
-6.79811
-6.78619
-6.7731
-6.7557
-6.73803
-6.71814
-6.6967
-6.67193
-6.6495
-6.63381
-6.62119
-6.61716
-6.62188
-6.63473
-6.65013
-6.66877
-6.68812
-6.70386
-6.7146
-6.71919
-6.71812
-6.70378
-6.68918
-6.67122
-6.65763
-6.65172
-6.65575
-6.66782
-6.69129
-6.72108
-6.75528
-6.79204
-6.82535
-6.85488
-6.87482
-6.8874
-6.89386
-6.88836
-6.87559
-6.85783
-6.83648
-6.81075
-6.78818
-6.7659
-6.74651
-6.73036
-6.71858
-6.70743
-6.69957
-6.69721
-6.69776
-6.7042
-6.7168
-6.73267
-6.752
-6.76831
-6.7795
-6.78519
-6.78288
-6.77393
-6.75751
-6.73465
-6.71038
-6.68742
-6.66656
-6.64764
-6.63566
-6.62742
-6.62323
-6.6257
-6.63334
-6.64245
-6.65474
-6.67048
-6.68668
-6.69978
-6.71201
-6.7236
-6.73468
-6.74435
-6.75549
-6.765
-6.77369
-6.78078
-6.78464
-6.78533
-6.78141
-6.77665
-6.77012
-6.76107
-6.75037
-6.73989
-6.72766
-6.71483
-6.70457
-6.69617
-6.68856
-6.68812
-6.69342
-6.69869
-6.70832
-6.7205
-6.73174
-6.74049
-6.744
-6.74786
-6.7494
-6.75286
-6.76045
-6.77408
-6.79539
-6.81969
-6.84233
-6.85996
-6.87096
-6.8673
-6.85432
-6.833
-6.80232
-6.77103
-6.74239
-6.7212
-6.70627
-6.70309
-6.71328
-6.73104
-6.7477
-6.76138
-6.77069
-6.77395
-6.77429
-6.77447
-6.77505
-6.77628
-6.77777
-6.77926
-6.78303
-6.78294
-6.77804
-6.76897
-6.75835
-6.74569
-6.7325
-6.71997
-6.71203
-6.70029
-6.69466
-6.68973
-6.68624
-6.68194
-6.67997
-6.68256
-6.68823
-6.69424
-6.69531
-6.69023
-6.68387
-6.67315
-6.66284
-6.65667
-6.65349
-6.65915
-6.66705
-6.67824
-6.68918
-6.69723
-6.70409
-6.70853
-6.71014
-6.70751
-6.70604
-6.70463
-6.70279
-6.70247
-6.70766
-6.71709
-6.72959
-6.74963
-6.76877
-6.78855
-6.80596
-6.82161
-6.83352
-6.83545
-6.83219
-6.82107
-6.80284
-6.77478
-6.74668
-6.71598
-6.6907
-6.67327
-6.6621
-6.66206
-6.67142
-6.69221
-6.7232
-6.75736
-6.79422
-6.8321
-6.86066
-6.88364
-6.89119
-6.88907
-6.87269
-6.84235
-6.79945
-6.75492
-6.70822
-6.66403
-6.62559
-6.59472
-6.57184
-6.5627
-6.56602
-6.58058
-6.60417
-6.6309
-6.65833
-6.6819
-6.70453
-6.7192
-6.72992
-6.73855
-6.74559
-6.75378
-6.75887
-6.7666
-6.77355
-6.77893
-6.78079
-6.77741
-6.76871
-6.75754
-6.74972
-6.74302
-6.73706
-6.73581
-6.74064
-6.74781
-6.75849
-6.77058
-6.78096
-6.78752
-6.79083
-6.79102
-6.79201
-6.79465
-6.79574
-6.7981
-6.80337
-6.8085
-6.81348
-6.82014
-6.82336
-6.82489
-6.8224
-6.81284
-6.79323
-6.76874
-6.74123
-6.71356
-6.68865
-6.6737
-6.67075
-6.67888
-6.69671
-6.71513
-6.73341
-6.74706
-6.76
-6.77042
-6.77741
-6.78348
-6.78575
-6.78465
-6.78493
-6.78345
-6.78242
-6.77856
-6.7715
-6.76583
-6.75569
-6.74785
-6.73741
-6.72645
-6.7141
-6.70304
-6.6926
-6.68126
-6.67362
-6.66624
-6.66431
-6.66491
-6.67147
-6.67993
-6.6885
-6.69868
-6.71105
-6.7251
-6.73642
-6.74516
-6.75309
-6.75757
-6.75556
-6.74866
-6.73785
-6.72719
-6.71708
-6.70825
-6.70433
-6.70785
-6.71567
-6.72537
-6.73806
-6.74721
-6.75339
-6.75565
-6.7568
-6.75324
-6.75067
-6.74872
-6.74806
-6.75012
-6.75182
-6.75252
-6.75894
-6.75869
-6.75734
-6.75112
-6.74436
-6.73515
-6.72478
-6.71233
-6.70176
-6.69242
-6.68585
-6.68091
-6.68405
-6.69417
-6.71069
-6.73366
-6.75512
-6.78129
-6.80148
-6.81769
-6.82872
-6.83574
-6.83527
-6.82883
-6.82202
-6.81028
-6.79916
-6.78663
-6.77691
-6.77434
-6.77182
-6.77481
-6.77893
-6.7831
-6.78816
-6.79333
-6.7981
-6.80245
-6.80523
-6.80023
-6.78487
-6.76407
-6.7321
-6.69782
-6.66618
-6.63994
-6.62194
-6.61208
-6.60934
-6.61343
-6.62468
-6.64084
-6.6608
-6.67645
-6.6921
-6.70513
-6.71109
-6.712
-6.70745
-6.70179
-6.69678
-6.69986
-6.70697
-6.72182
-6.74021
-6.76004
-6.77639
-6.79153
-6.80601
-6.82067
-6.8312
-6.84177
-6.84868
-6.84962
-6.84382
-6.83271
-6.81825
-6.79914
-6.77973
-6.76092
-6.74394
-6.72918
-6.71822
-6.71161
-6.71099
-6.71476
-6.71848
-6.72372
-6.72885
-6.72985
-6.7321
-6.72974
-6.72726
-6.72369
-6.72464
-6.72927
-6.73748
-6.7449
-6.75115
-6.75451
-6.75219
-6.74626
-6.74052
-6.73475
-6.73078
-6.72553
-6.72775
-6.73402
-6.74272
-6.75425
-6.76686
-6.77596
-6.78416
-6.78532
-6.78142
-6.77056
-6.74932
-6.72368
-6.69575
-6.66751
-6.64563
-6.62623
-6.61607
-6.62067
-6.63033
-6.65041
-6.67703
-6.70364
-6.73476
-6.76303
-6.78964
-6.81212
-6.83264
-6.8467
-6.85618
-6.8631
-6.8647
-6.86608
-6.85915
-6.8513
-6.83832
-6.82273
-6.80183
-6.78011
-6.75723
-6.73274
-6.7125
-6.69809
-6.6897
-6.68454
-6.68319
-6.68683
-6.69473
-6.7013
-6.70793
-6.71674
-6.72909
-6.74231
-6.7603
-6.77581
-6.7893
-6.79969
-6.80215
-6.79916
-6.79011
-6.77456
-6.75522
-6.73732
-6.72138
-6.71071
-6.70282
-6.69921
-6.69663
-6.69251
-6.69102
-6.68879
-6.68621
-6.6812
-6.68089
-6.68332
-6.69126
-6.70495
-6.72211
-6.74231
-6.75932
-6.76961
-6.77021
-6.76435
-6.74932
-6.72783
-6.70428
-6.68285
-6.665
-6.65576
-6.65707
-6.66872
-6.68688
-6.70845
-6.72492
-6.74325
-6.75387
-6.76004
-6.7628
-6.76091
-6.75576
-6.75153
-6.74615
-6.74607
-6.74624
-6.74328
-6.73907
-6.73267
-6.72686
-6.71959
-6.71552
-6.71308
-6.71481
-6.72376
-6.73729
-6.753
-6.76715
-6.77973
-6.79081
-6.80162
-6.81064
-6.81775
-6.82519
-6.83001
-6.83401
-6.8392
-6.8412
-6.83821
-6.83279
-6.82752
-6.81783
-6.80766
-6.79267
-6.77922
-6.76594
-6.74889
-6.73079
-6.71446
-6.69522
-6.68114
-6.67023
-6.66872
-6.67351
-6.68271
-6.69528
-6.70306
-6.70836
-6.71067
-6.71066
-6.7086
-6.70455
-6.69989
-6.69475
-6.69235
-6.69064
-6.68808
-6.68687
-6.68874
-6.69274
-6.70431
-6.71756
-6.73387
-6.75115
-6.77055
-6.78608
-6.79873
-6.81018
-6.81123
-6.80783
-6.79634
-6.77906
-6.75463
-6.72857
-6.70132
-6.677
-6.65958
-6.65227
-6.65094
-6.65437
-6.66443
-6.67589
-6.68741
-6.70267
-6.7179
-6.73143
-6.74596
-6.76422
-6.78346
-6.80328
-6.8202
-6.83683
-6.84462
-6.84995
-6.84899
-6.84459
-6.83631
-6.82623
-6.81519
-6.80368
-6.79308
-6.77818
-6.76179
-6.74684
-6.7316
-6.71804
-6.70909
-6.70025
-6.696
-6.69409
-6.69146
-6.69191
-6.69247
-6.69352
-6.69155
-6.69032
-6.68545
-6.67628
-6.66413
-6.64757
-6.62813
-6.61304
-6.60119
-6.5977
-6.60383
-6.62049
-6.6448
-6.67231
-6.70097
-6.73041
-6.75482
-6.77044
-6.7852
-6.79387
-6.80004
-6.80457
-6.80727
-6.80736
-6.80389
-6.79685
-6.7928
-6.78557
-6.78113
-6.77528
-6.77092
-6.76562
-6.76624
-6.76505
-6.76669
-6.77279
-6.78315
-6.79761
-6.81243
-6.82028
-6.82295
-6.81813
-6.80184
-6.77778
-6.7455
-6.70901
-6.67444
-6.64386
-6.62346
-6.61119
-6.61298
-6.62482
-6.64618
-6.67574
-6.70909
-6.73937
-6.76279
-6.7826
-6.79521
-6.80012
-6.79725
-6.79088
-6.78061
-6.76832
-6.75541
-6.74376
-6.73473
-6.72613
-6.72095
-6.71385
-6.70973
-6.70992
-6.71433
-6.72224
-6.73313
-6.7481
-6.76081
-6.77109
-6.77894
-6.77573
-6.76994
-6.75502
-6.73852
-6.725
-6.71184
-6.7081
-6.70794
-6.71154
-6.71887
-6.72453
-6.73438
-6.7426
-6.75127
-6.76394
-6.7788
-6.79038
-6.79749
-6.79857
-6.79268
-6.77728
-6.75904
-6.74401
-6.73125
-6.72189
-6.72009
-6.72435
-6.72957
-6.735
-6.73749
-6.7375
-6.73626
-6.73464
-6.73649
-6.73808
-6.74594
-6.75125
-6.75517
-6.75535
-6.74713
-6.73168
-6.70951
-6.68964
-6.67291
-6.66277
-6.66381
-6.67129
-6.68064
-6.68958
-6.69372
-6.69567
-6.69328
-6.69251
-6.69361
-6.69741
-6.7007
-6.70176
-6.70135
-6.70038
-6.69452
-6.68668
-6.67768
-6.66994
-6.66192
-6.6566
-6.65311
-6.6487
-6.64315
-6.63951
-6.63409
-6.62676
-6.62163
-6.62361
-6.63474
-6.65403
-6.67566
-6.70135
-6.72589
-6.74567
-6.75676
-6.76042
-6.75772
-6.74838
-6.73683
-6.72429
-6.71076
-6.69917
-6.6879
-6.68255
-6.68225
-6.68499
-6.69378
-6.70093
-6.7077
-6.71259
-6.71157
-6.70658
-6.69944
-6.68984
-6.67967
-6.67038
-6.66189
-6.65707
-6.65779
-6.66278
-6.67373
-6.68545
-6.70181
-6.71838
-6.73351
-6.74208
-6.7431
-6.7343
-6.71759
-6.6937
-6.66719
-6.6426
-6.62396
-6.61932
-6.63229
-6.65621
-6.68838
-6.72172
-6.74204
-6.75144
-6.74604
-6.73177
-6.70998
-6.68746
-6.67488
-6.66929
-6.67536
-6.6894
-6.7103
-6.73255
-6.75266
-6.77183
-6.78602
-6.79467
-6.80445
-6.8065
-6.8053
-6.79978
-6.7902
-6.77698
-6.75799
-6.73568
-6.71043
-6.68436
-6.65688
-6.63476
-6.61196
-6.59913
-6.59273
-6.59352
-6.598
-6.60677
-6.61498
-6.62024
-6.62531
-6.62397
-6.62354
-6.62191
-6.62301
-6.62428
-6.62723
-6.63404
-6.64229
-6.65593
-6.67239
-6.69081
-6.71296
-6.73699
-6.757
-6.77042
-6.77486
-6.766
-6.74827
-6.72485
-6.70168
-6.68166
-6.66962
-6.66739
-6.6735
-6.68161
-6.69583
-6.70634
-6.71526
-6.72576
-6.73383
-6.74044
-6.74352
-6.74699
-6.74574
-6.74681
-6.74773
-6.74791
-6.74679
-6.74346
-6.73666
-6.72748
-6.71202
-6.69221
-6.66902
-6.64148
-6.61666
-6.59899
-6.58836
-6.58985
-6.59731
-6.6105
-6.6227
-6.63085
-6.64032
-6.64786
-6.65513
-6.6638
-6.67412
-6.68522
-6.69593
-6.70917
-6.72005
-6.72989
-6.74032
-6.74682
-6.75126
-6.74791
-6.74031
-6.72793
-6.71073
-6.69356
-6.6748
-6.66179
-6.6539
-6.65346
-6.66122
-6.66776
-6.67841
-6.6837
-6.6882
-6.68909
-6.68563
-6.67881
-6.67322
-6.66825
-6.66816
-6.672
-6.68029
-6.68505
-6.68497
-6.67894
-6.66471
-6.6474
-6.62725
-6.60667
-6.59354
-6.58681
-6.5915
-6.60416
-6.62221
-6.64305
-6.66185
-6.67933
-6.69273
-6.70497
-6.71371
-6.725
-6.73822
-6.75121
-6.76236
-6.77297
-6.77784
-6.78529
-6.79143
-6.79445
-6.79375
-6.78898
-6.77874
-6.76827
-6.7593
-6.74952
-6.7415
-6.73529
-6.7263
-6.71838
-6.70721
-6.69216
-6.67608
-6.6567
-6.64051
-6.62773
-6.61767
-6.61651
-6.62163
-6.63343
-6.6439
-6.65451
-6.66226
-6.6667
-6.66939
-6.67312
-6.67767
-6.68296
-6.68749
-6.69438
-6.70561
-6.71549
-6.72499
-6.73469
-6.74196
-6.74516
-6.73774
-6.7277
-6.7101
-6.68381
-6.65302
-6.62497
-6.60045
-6.5924
-6.59679
-6.61383
-6.64208
-6.67366
-6.7053
-6.73201
-6.75392
-6.76388
-6.76814
-6.76424
-6.75536
-6.74342
-6.7308
-6.7181
-6.7018
-6.68267
-6.66265
-6.64543
-6.62595
-6.60901
-6.60209
-6.60444
-6.61519
-6.63727
-6.66678
-6.70075
-6.733
-6.76074
-6.78121
-6.79298
-6.7998
-6.79923
-6.79822
-6.79677
-6.79853
-6.80343
-6.81072
-6.81679
-6.82176
-6.8197
-6.8113
-6.79475
-6.77058
-6.73618
-6.69788
-6.65379
-6.61619
-6.58771
-6.57311
-6.57094
-6.57887
-6.59395
-6.61426
-6.63452
-6.6485
-6.65563
-6.6547
-6.64658
-6.63132
-6.61687
-6.60283
-6.59414
-6.58907
-6.58857
-6.5956
-6.60998
-6.63117
-6.65707
-6.68265
-6.71126
-6.738
-6.76413
-6.78693
-6.80324
-6.81611
-6.81906
-6.81481
-6.8035
-6.7901
-6.77459
-6.75862
-6.74328
-6.73686
-6.73473
-6.73483
-6.73632
-6.73397
-6.72363
-6.71286
-6.69804
-6.69099
-6.68507
-6.68047
-6.67594
-6.67414
-6.67001
-6.66737
-6.66785
-6.67199
-6.68295
-6.69647
-6.71179
-6.72604
-6.73773
-6.74234
-6.7424
-6.74167
-6.74377
-6.74677
-6.7505
-6.75536
-6.75649
-6.75299
-6.74438
-6.73187
-6.71504
-6.69565
-6.67952
-6.6617
-6.64975
-6.63656
-6.62848
-6.62958
-6.6358
-6.64705
-6.66166
-6.67604
-6.6812
-6.68066
-6.6758
-6.66707
-6.65986
-6.6514
-6.64427
-6.64328
-6.64896
-6.65779
-6.66758
-6.67855
-6.68401
-6.68402
-6.67768
-6.66773
-6.65612
-6.64489
-6.64191
-6.64677
-6.65879
-6.67836
-6.69729
-6.71774
-6.7343
-6.74968
-6.76345
-6.76888
-6.76997
-6.76563
-6.75621
-6.74292
-6.72643
-6.70597
-6.68971
-6.67918
-6.66583
-6.65685
-6.65186
-6.64787
-6.64421
-6.64602
-6.64809
-6.65815
-6.67331
-6.69003
-6.70995
-6.73143
-6.74844
-6.76152
-6.77005
-6.77297
-6.77024
-6.76549
-6.75774
-6.74862
-6.73851
-6.7298
-6.72454
-6.71995
-6.71625
-6.713
-6.70992
-6.70415
-6.69672
-6.68688
-6.67961
-6.67365
-6.6752
-6.68301
-6.69279
-6.70315
-6.71061
-6.71713
-6.71716
-6.70812
-6.6966
-6.68601
-6.67586
-6.66853
-6.66179
-6.65503
-6.64709
-6.64058
-6.63404
-6.62884
-6.62402
-6.62494
-6.63101
-6.6434
-6.65855
-6.67998
-6.7014
-6.72205
-6.73469
-6.74484
-6.7453
-6.74204
-6.73709
-6.72383
-6.71404
-6.70101
-6.68649
-6.67383
-6.66154
-6.65498
-6.65548
-6.66224
-6.67848
-6.69745
-6.71702
-6.73524
-6.74951
-6.75996
-6.76263
-6.75984
-6.75167
-6.73466
-6.71459
-6.69404
-6.67589
-6.66366
-6.65547
-6.65642
-6.66876
-6.69156
-6.71656
-6.74356
-6.76436
-6.77677
-6.77736
-6.76543
-6.74562
-6.71739
-6.68752
-6.66109
-6.64179
-6.62868
-6.62633
-6.63366
-6.64564
-6.66446
-6.6847
-6.70383
-6.72078
-6.73089
-6.73072
-6.72534
-6.71263
-6.69438
-6.67337
-6.65268
-6.63491
-6.62134
-6.61164
-6.60885
-6.61294
-6.62216
-6.63694
-6.6571
-6.68109
-6.70936
-6.73618
-6.75978
-6.77756
-6.79205
-6.80306
-6.81004
-6.81128
-6.80854
-6.80215
-6.79297
-6.77713
-6.75975
-6.74144
-6.72235
-6.7047
-6.6896
-6.67588
-6.66612
-6.65588
-6.64598
-6.63153
-6.6196
-6.60877
-6.60472
-6.59971
-6.60261
-6.61039
-6.61616
-6.61833
-6.62362
-6.62554
-6.62361
-6.62193
-6.61851
-6.6181
-6.62049
-6.624
-6.63233
-6.64633
-6.6617
-6.68094
-6.69875
-6.7168
-6.73096
-6.74391
-6.75431
-6.76141
-6.76905
-6.77531
-6.78488
-6.79282
-6.80188
-6.8132
-6.82352
-6.83156
-6.83536
-6.8312
-6.8173
-6.79761
-6.77041
-6.74215
-6.71532
-6.69052
-6.67459
-6.6623
-6.6559
-6.65198
-6.65107
-6.64941
-6.64398
-6.63797
-6.6323
-6.63119
-6.63849
-6.65494
-6.68038
-6.71222
-6.74699
-6.78022
-6.80687
-6.82497
-6.83519
-6.83191
-6.81698
-6.7895
-6.75512
-6.71622
-6.67686
-6.64174
-6.61229
-6.58571
-6.57112
-6.56589
-6.5719
-6.59042
-6.61653
-6.64743
-6.67828
-6.70728
-6.72614
-6.74167
-6.74831
-6.74918
-6.7432
-6.73115
-6.71865
-6.70546
-6.69552
-6.68644
-6.67418
-6.66561
-6.65755
-6.65433
-6.65784
-6.66591
-6.6767
-6.69001
-6.69979
-6.70528
-6.70282
-6.69617
-6.68317
-6.67101
-6.65823
-6.6552
-6.65742
-6.67299
-6.6932
-6.72093
-6.75123
-6.78095
-6.8032
-6.8181
-6.82515
-6.82038
-6.80306
-6.77606
-6.73971
-6.69389
-6.64848
-6.61084
-6.57863
-6.55814
-6.54764
-6.55305
-6.56563
-6.58077
-6.5954
-6.61038
-6.62092
-6.63774
-6.65961
-6.68561
-6.71139
-6.73299
-6.74904
-6.75305
-6.74796
-6.73788
-6.72362
-6.70671
-6.68975
-6.68017
-6.67698
-6.68633
-6.70378
-6.7293
-6.76015
-6.78631
-6.81222
-6.82949
-6.83874
-6.84151
-6.83335
-6.81723
-6.79548
-6.77046
-6.74789
-6.73002
-6.71591
-6.709
-6.70744
-6.70403
-6.70117
-6.69202
-6.67325
-6.65028
-6.62353
-6.59611
-6.57205
-6.55322
-6.5402
-6.53366
-6.53202
-6.5346
-6.54327
-6.55667
-6.575
-6.59956
-6.62601
-6.65351
-6.682
-6.71038
-6.73501
-6.75661
-6.77396
-6.78662
-6.79824
-6.80485
-6.80781
-6.80678
-6.80467
-6.79827
-6.78947
-6.77934
-6.76768
-6.75136
-6.73933
-6.72148
-6.70368
-6.68756
-6.67215
-6.65937
-6.65056
-6.6479
-6.64592
-6.6478
-6.65308
-6.65623
-6.65814
-6.65806
-6.65648
-6.64929
-6.64392
-6.64116
-6.64144
-6.64351
-6.65113
-6.66331
-6.68071
-6.69463
-6.70465
-6.71327
-6.71572
-6.71656
-6.71559
-6.71227
-6.71064
-6.71411
-6.71656
-6.7215
-6.72864
-6.73568
-6.73888
-6.74079
-6.74243
-6.74593
-6.74557
-6.74777
-6.74665
-6.74338
-6.73069
-6.71649
-6.69851
-6.67623
-6.65922
-6.64647
-6.63854
-6.63647
-6.6395
-6.64473
-6.64905
-6.64842
-6.64599
-6.63641
-6.62231
-6.6086
-6.59771
-6.58993
-6.58643
-6.58826
-6.59556
-6.60987
-6.63122
-6.66051
-6.6927
-6.72491
-6.75754
-6.78439
-6.80648
-6.82195
-6.83057
-6.82921
-6.81942
-6.80306
-6.77659
-6.74471
-6.71362
-6.6841
-6.6647
-6.65564
-6.65949
-6.67751
-6.70082
-6.72673
-6.7527
-6.76968
-6.77639
-6.7725
-6.75782
-6.73183
-6.70756
-6.6802
-6.65713
-6.637
-6.62447
-6.61465
-6.60795
-6.60541
-6.60642
-6.60898
-6.6127
-6.62071
-6.6319
-6.64373
-6.6547
-6.66803
-6.68061
-6.6967
-6.71392
-6.73364
-6.75486
-6.77247
-6.78806
-6.7987
-6.80626
-6.80572
-6.79969
-6.78618
-6.76453
-6.73975
-6.71117
-6.68405
-6.66193
-6.64522
-6.63356
-6.63237
-6.63777
-6.64894
-6.66902
-6.6929
-6.71527
-6.73624
-6.7532
-6.75806
-6.75717
-6.7469
-6.72816
-6.70813
-6.68682
-6.66987
-6.65215
-6.63604
-6.62275
-6.61379
-6.61311
-6.62825
-6.65217
-6.68399
-6.72443
-6.76625
-6.80368
-6.82935
-6.84607
-6.8535
-6.84652
-6.82957
-6.80243
-6.77083
-6.73963
-6.70983
-6.68655
-6.66735
-6.65479
-6.64198
-6.63218
-6.62194
-6.61799
-6.61291
-6.61145
-6.61179
-6.6145
-6.6196
-6.62566
-6.63658
-6.6491
-6.66294
-6.67759
-6.69324
-6.70513
-6.71446
-6.72171
-6.72505
-6.72619
-6.72471
-6.72388
-6.71866
-6.70961
-6.70039
-6.69262
-6.68707
-6.68379
-6.68431
-6.68762
-6.69169
-6.69554
-6.70087
-6.70675
-6.71492
-6.72372
-6.72772
-6.73069
-6.73239
-6.73012
-6.72962
-6.72565
