-0.389818   0.191474   0.384844
0.141691   -0.364028   -0.341
0.324976   0.113818   -0.00763685
-0.468178   0.182612   -0.125865
0.259006   -0.489832   0.476245
-0.234693   0.296   0.480477
-0.0674378   0.0589543   -0.275525
-0.0183797   -0.349795   0.453757
0.0261105   0.424654   0.0173173
0.383735   0.326826   -0.11346
0.317263   0.00378152   0.485088
0.091796   0.491135   0.366499
0.181853   -0.327751   0.352396
-0.343555   -0.452354   -0.0395945
0.467108   -0.165483   0.489692
-0.0387238   -0.431113   0.202786
-0.236431   -0.402147   -0.417841
0.165861   0.124662   0.379793
-0.308857   -0.419935   0.362592
0.386096   -0.122618   -0.334468
0.126038   -0.166532   -0.36873
0.451257   -0.426755   -0.493324
0.423594   0.400131   -0.342725
-0.134277   -0.138617   0.154761
0.149843   0.147147   -0.123489
-0.161526   -0.0174667   0.395003
0.413652   0.163662   0.470955
0.0316708   0.234983   -0.305514
0.000187705   -0.137354   -0.22388
-0.116314   0.467116   0.372625
0.480965   0.374463   0.458317
-0.17301   -0.298102   0.264842
-0.304256   0.360357   0.279516
0.108256   0.272804   0.229194
0.166599   0.105005   -0.365358
0.0414694   -0.218612   0.217125
0.0597666   0.454869   -0.382106
-0.377453   -0.276889   -0.439126
0.299614   0.346544   0.310331
-0.119359   0.435305   -0.422919
0.232831   0.290931   -0.476068
-0.0760317   -0.327572   -0.25596
-0.212804   -0.113016   -0.268846
0.261227   -0.245796   -0.205736
-0.20062   0.285477   -0.242545
0.232153   -0.489939   -0.209896
-0.360235   0.460911   -0.486319
0.349576   -0.489906   -0.0656634
0.499493   0.476321   0.279069
0.176358   0.0926464   0.151717
-0.38623   0.344305   0.0600364
-0.262604   0.154509   -0.0859282
0.299579   -0.27849   -0.480289
-0.438734   0.0404727   -0.416376
0.481831   -0.0117291   -0.202221
0.339208   -0.408732   0.264169
-0.436181   0.257367   -0.394
0.371323   -0.371142   -0.315273
-0.474815   -0.290151   0.335733
0.0916522   -0.0397149   -0.0441701
0.495111   0.280941   0.243479
0.455804   0.464118   0.0973137
-0.0275249   0.0640571   0.0914261
0.349502   -0.0701169   -0.041107
-0.280491   -0.329769   -0.209762
-0.151453   0.195172   0.333262
-0.119107   -0.0639732   -0.0833217
-0.0455269   0.235214   -0.0510665
0.192482   0.305434   0.00385645
-0.216771   -0.492263   0.153332
0.352004   -0.190564   0.310532
0.372653   0.290422   0.0948771
-0.400043   -0.371218   0.134113
-0.251474   0.00505771   0.0698055
0.00766204   0.0130763   0.494042
0.0300042   -0.234772   -0.0449615
-0.0185032   0.404133   -0.201841
0.209358   -0.110142   0.143926
-0.324997   -0.148852   0.435937
0.361229   0.0904603   0.251438
-0.410409   -0.486544   -0.305613
0.0143277   0.0399544   0.286191
0.195652   0.303918   -0.216854
0.139665   -0.368919   0.0802042
-0.114614   -0.210166   -0.427936
0.124452   -0.145866   0.42659
-0.491381   -0.0166533   0.380439
-0.263365   0.198876   0.134128
-0.355106   -0.149005   0.184964
-0.0972218   0.334512   0.174081
-0.384058   -0.212984   -0.0324581
-0.220147   0.487814   -0.237141
-0.4072   -0.179662   -0.271013
0.312653   -0.275929   0.00730691
0.213252   -0.0603953   -0.225465
0.432126   -0.13215   0.136714
0.40911   0.206066   -0.31829
-0.370408   -0.0151144   -0.0939192
-0.301684   0.0955355   -0.277637
-0.195494   -0.298745   1.8511e-05
0.485655   -0.379446   -0.152576
0.241204   0.451329   0.134752
-0.205025   0.374808   -0.0316929
-0.148144   0.176877   -0.409154
-0.381626   0.355003   -0.143115
-0.301173   0.0348874   0.26581
-0.000447488   0.286295   0.438095
-0.463589   0.0808426   0.135234
