-0.389841   0.191221   0.384841
0.141634   -0.364086   -0.340889
0.324903   0.113812   -0.00771598
-0.46807   0.182612   -0.126003
0.259101   -0.489815   0.476105
-0.234658   0.296076   0.480439
-0.0673664   0.0590011   -0.275438
-0.0185325   -0.34981   0.453919
0.0262283   0.424607   0.0172655
0.3838   0.326871   -0.113306
0.317203   0.00388865   0.485011
0.0918733   0.491092   0.366512
0.181768   -0.327686   0.35224
-0.343461   -0.452322   -0.0394023
0.467129   -0.165435   0.489821
-0.0388123   -0.431053   0.20269
-0.236469   -0.402202   -0.41792
0.165883   0.124677   0.379648
-0.308775   -0.419886   0.362742
0.386018   -0.122587   -0.334378
0.125821   -0.16668   -0.368877
0.451203   -0.426585   -0.493263
0.423584   0.399896   -0.34268
-0.134194   -0.138424   0.154788
0.149651   0.147168   -0.123532
-0.161588   -0.017393   0.395069
0.41362   0.163557   0.471007
0.0315891   0.234834   -0.30554
0.000186015   -0.137386   -0.223873
-0.116347   0.467076   0.372587
0.481062   0.374404   0.458271
-0.173103   -0.298057   0.26475
-0.30419   0.360292   0.279443
0.108247   0.272705   0.229274
0.16643   0.105022   -0.36518
0.0415554   -0.218672   0.217183
0.0595972   0.454841   -0.382041
-0.377305   -0.276877   -0.439267
0.29975   0.346569   0.310372
-0.119314   0.435251   -0.42291
0.23292   0.290944   -0.476177
-0.075891   -0.327757   -0.255985
-0.212595   -0.113022   -0.268954
0.261239   -0.245825   -0.205586
-0.200707   0.285488   -0.242612
0.232278   -0.489748   -0.209894
-0.36035   0.460929   -0.48634
0.34976   -0.489755   -0.0655216
0.499486   0.476299   0.279071
0.176292   0.0925731   0.15173
-0.386034   0.344408   0.0598777
-0.262504   0.154429   -0.0859255
0.299354   -0.278432   -0.480186
-0.43866   0.0404574   -0.416291
0.481935   -0.0118103   -0.202323
0.339215   -0.408857   0.264035
-0.436086   0.257361   -0.393934
0.371403   -0.371092   -0.315208
-0.474781   -0.290124   0.335819
0.0916397   -0.0395397   -0.0441497
0.494969   0.280842   0.243451
0.455871   0.464126   0.0974201
-0.0275924   0.0642777   0.0913135
0.349487   -0.0702728   -0.0412062
-0.280319   -0.329704   -0.209619
-0.151356   0.195031   0.333142
-0.119124   -0.0636311   -0.0833149
-0.045441   0.235212   -0.0511874
0.192372   0.305423   0.00396557
-0.216804   -0.492283   0.153367
0.352024   -0.190451   0.310477
0.372579   0.290432   0.095022
-0.399842   -0.371256   0.134268
-0.251443   0.00512628   0.0698187
0.00754232   0.0130545   0.493856
0.0299315   -0.234717   -0.0448065
-0.0185828   0.403872   -0.201934
0.209294   -0.110106   0.143968
-0.324907   -0.148937   0.435983
0.361189   0.0903856   0.251234
-0.410389   -0.486358   -0.305391
0.0143445   0.0398981   0.286159
0.195592   0.304025   -0.217012
0.13963   -0.36892   0.0801202
-0.114472   -0.210282   -0.428023
0.124299   -0.145982   0.426573
-0.491521   -0.0167134   0.380392
-0.263387   0.198966   0.134155
-0.354935   -0.149019   0.184823
-0.0971802   0.334625   0.174182
-0.384104   -0.213095   -0.0323805
-0.22012   0.487737   -0.237105
-0.407032   -0.179588   -0.27094
0.312722   -0.275775   0.00721838
0.213238   -0.0604402   -0.22544
0.432058   -0.132287   0.136824
0.409134   0.206106   -0.318413
-0.370433   -0.0150241   -0.0940348
-0.301572   0.0954281   -0.277501
-0.195697   -0.298677   -0.00010962
0.485712   -0.379443   -0.152662
0.24093   0.451256   0.134668
-0.204955   0.374864   -0.0317189
-0.148179   0.176815   -0.409034
-0.381601   0.355082   -0.143264
-0.301354   0.0349484   0.265839
-0.000670831   0.286387   0.438082
-0.46359   0.0808297   0.135529
