-5.1034
-5.1239
-5.14558
-5.16386
-5.18021
-5.19307
-5.19927
-5.20144
-5.19536
-5.18182
-5.16164
-5.139
-5.11387
-5.09208
-5.07542
-5.06306
-5.05218
-5.04213
-5.03145
-5.022
-5.01441
-5.00993
-5.00928
-5.01338
-5.02181
-5.03557
-5.0487
-5.06102
-5.06742
-5.06824
-5.06311
-5.05689
-5.05276
-5.05348
-5.06023
-5.06944
-5.07688
-5.08154
-5.08073
-5.07787
-5.07482
-5.07005
-5.06482
-5.05823
-5.05029
-5.03888
-5.02734
-5.01713
-5.01041
-5.00999
-5.0174
-5.02881
-5.04299
-5.05701
-5.06731
-5.0697
-5.0619
-5.04243
-5.01418
-4.98066
-4.94727
-4.91751
-4.89924
-4.89197
-4.89481
-4.90322
-4.91442
-4.92582
-4.93492
-4.94468
-4.95188
-4.95802
-4.96143
-4.96183
-4.95999
-4.95533
-4.94919
-4.94452
-4.94502
-4.95566
-4.9758
-5.00544
-5.04167
-5.08191
-5.12338
-5.1628
-5.19551
-5.21822
-5.23056
-5.23426
-5.22888
-5.21406
-5.1902
-5.15525
-5.11749
-5.08238
-5.05444
-5.03881
-5.03603
-5.04242
-5.05253
-5.06135
-5.06496
-5.06026
-5.04939
-5.03447
-5.01575
-4.9964
-4.97514
-4.95679
-4.94073
-4.92901
-4.92445
-4.92753
-4.93717
-4.94983
-4.96672
-4.985
-5.00365
-5.02057
-5.03507
-5.0454
-5.05123
-5.05146
-5.04642
-5.0362
-5.02048
-5.00192
-4.98271
-4.96551
-4.95354
-4.9485
-4.95238
-4.96284
-4.9757
-4.98765
-4.99613
-4.99974
-4.999
-4.99601
-4.99323
-4.99068
-4.99059
-4.99139
-4.99563
-5.00411
-5.01771
-5.03571
-5.05654
-5.07697
-5.09471
-5.10535
-5.10849
-5.10277
-5.09152
-5.0766
-5.06375
-5.0576
-5.05863
-5.06943
-5.0854
-5.10338
-5.11893
-5.13095
-5.13605
-5.1356
-5.1288
-5.11829
-5.10192
-5.08774
-5.07445
-5.06368
-5.05817
-5.0599
-5.07034
-5.0877
-5.10915
-5.1311
-5.14835
-5.16212
-5.17109
-5.17509
-5.17503
-5.17086
-5.16403
-5.15401
-5.14262
-5.13138
-5.12255
-5.11648
-5.11406
-5.11315
-5.11439
-5.11534
-5.11338
-5.10845
-5.09962
-5.08802
-5.07374
-5.06142
-5.05304
-5.0509
-5.05932
-5.07372
-5.092
-5.1124
-5.12858
-5.1395
-5.14348
-5.13809
-5.12564
-5.10622
-5.08121
-5.0537
-5.02576
-5.00143
-4.98097
-4.96889
-4.96503
-4.96527
-4.97107
-4.97891
-4.98712
-4.99604
-5.00673
-5.0186
-5.03173
-5.04454
-5.05438
-5.05898
-5.05737
-5.0498
-5.04151
-5.03273
-5.02696
-5.02538
-5.03019
-5.04002
-5.05375
-5.07047
-5.08697
-5.10394
-5.11752
-5.1285
-5.13516
-5.13706
-5.13318
-5.12631
-5.11695
-5.10612
-5.0947
-5.08236
-5.07269
-5.06324
-5.05798
-5.05677
-5.06031
-5.07141
-5.08936
-5.11106
-5.13079
-5.14487
-5.153
-5.15381
-5.14678
-5.13179
-5.11469
-5.09539
-5.07454
-5.05572
-5.03785
-5.02512
-5.01839
-5.01916
-5.02883
-5.04558
-5.06661
-5.09045
-5.11418
-5.13673
-5.1559
-5.17142
-5.18148
-5.1874
-5.18877
-5.18671
-5.18135
-5.17394
-5.16377
-5.15162
-5.13803
-5.12268
-5.10887
-5.09673
-5.08752
-5.07826
-5.07022
-5.05893
-5.04429
-5.029
-5.01212
-4.99842
-4.98802
-4.98428
-4.98876
-4.99722
-5.00739
-5.0158
-5.02055
-5.01881
-5.0124
-5.00173
-4.9902
-4.98365
-4.98425
-4.99293
-5.0084
-5.02705
-5.04835
-5.06655
-5.08004
-5.08456
-5.08227
-5.07595
-5.06567
-5.05733
-5.05117
-5.04642
-5.04327
-5.04081
-5.04094
-5.04689
-5.05615
-5.06767
-5.08395
-5.10124
-5.12096
-5.14126
-5.1614
-5.17992
-5.19594
-5.20794
-5.2125
-5.20747
-5.19284
-5.16896
-5.13767
-5.09969
-5.05567
-5.01121
-4.97177
-4.94691
-4.94337
-4.95907
-4.98636
-5.01984
-5.05338
-5.08591
-5.11263
-5.13396
-5.14534
-5.14965
-5.14572
-5.13696
-5.12979
-5.12441
-5.12194
-5.12296
-5.12839
-5.13607
-5.14177
-5.14239
-5.13785
-5.13124
-5.12348
-5.11552
-5.10894
-5.1024
-5.09459
-5.08388
-5.06949
-5.05255
-5.03527
-5.01885
-5.00927
-5.00646
-5.01384
-5.03098
-5.0532
-5.07614
-5.0949
-5.10714
-5.1109
-5.10846
-5.10338
-5.09706
-5.08902
-5.08008
-5.06747
-5.05221
-5.03319
-5.01593
-4.99919
-4.98594
-4.9771
-4.97342
-4.97546
-4.9808
-4.99001
-5.00104
-5.01433
-5.02753
-5.03991
-5.05052
-5.05979
-5.06572
-5.06981
-5.07227
-5.0729
-5.06981
-5.06386
-5.05556
-5.04313
-5.02646
-5.00886
-4.99124
-4.97558
-4.96629
-4.96418
-4.97161
-4.98875
-5.01588
-5.05013
-5.09155
-5.13352
-5.17377
-5.20662
-5.23072
-5.24311
-5.24482
-5.23635
-5.21826
-5.19492
-5.1656
-5.13564
-5.10614
-5.08144
-5.06039
-5.04192
-5.02541
-5.01
-4.99549
-4.98156
-4.96779
-4.95354
-4.93976
-4.92727
-4.91571
-4.91
-4.91008
-4.91745
-4.93307
-4.96008
-4.99576
-5.03852
-5.08153
-5.12197
-5.15261
-5.17078
-5.17638
-5.16973
-5.15329
-5.13108
-5.10603
-5.07956
-5.05611
-5.03615
-5.01974
-5.00967
-5.00258
-5.00033
-5.00252
-5.00938
-5.01726
-5.02395
-5.02741
-5.02601
-5.0212
-5.01541
-5.01184
-5.0087
-5.01005
-5.01639
-5.02855
-5.0437
-5.05854
-5.06942
-5.07654
-5.08117
-5.0842
-5.08695
-5.08758
-5.08794
-5.08521
-5.07998
-5.07212
-5.06309
-5.05681
-5.05399
-5.05976
-5.07123
-5.08756
-5.10285
-5.11563
-5.12229
-5.1208
-5.10992
-5.09352
-5.07283
-5.05167
-5.03595
-5.02585
-5.0268
-5.03546
-5.04745
-5.05953
-5.06982
-5.07768
-5.08033
-5.07949
-5.0734
-5.06716
-5.06295
-5.06239
-5.06574
-5.07451
-5.08559
-5.09554
-5.10397
-5.11074
-5.113
-5.11319
-5.11214
-5.10855
-5.10356
-5.0983
-5.09274
-5.08506
-5.07193
-5.05614
-5.04001
-5.02277
-5.00831
-4.99976
-4.99691
-5.00137
-5.01082
-5.02463
-5.04198
-5.06101
-5.08094
-5.1018
-5.12177
-5.141
-5.15731
-5.17108
-5.17855
-5.18147
-5.17849
-5.17123
-5.1611
-5.14801
-5.13384
-5.11956
-5.10607
-5.09324
-5.08108
-5.06849
-5.05501
-5.03918
-5.02008
-5.00047
-4.98156
-4.96655
-4.96104
-4.96704
-4.98361
-5.00816
-5.03532
-5.06294
-5.08421
-5.09562
-5.10034
-5.09701
-5.08754
-5.07566
-5.06202
-5.04911
-5.03557
-5.02179
-5.00925
-4.99884
-4.9927
-4.99043
-4.99478
-5.00494
-5.01935
-5.03236
-5.04444
-5.05167
-5.05542
-5.05885
-5.05919
-5.06092
-5.06528
-5.07062
-5.07838
-5.08788
-5.09694
-5.10367
-5.10498
-5.10124
-5.08999
-5.07691
-5.06676
-5.06228
-5.06397
-5.06568
-5.06237
-5.0575
-5.04774
-5.03747
-5.02877
-5.02431
-5.02319
-5.02437
-5.0256
-5.02646
-5.02467
-5.02194
-5.02021
-5.02007
-5.02296
-5.03025
-5.04192
-5.05661
-5.07106
-5.08568
-5.09641
-5.10493
-5.10703
-5.10526
-5.09749
-5.08565
-5.06631
-5.04034
-5.00946
-4.97562
-4.9402
-4.90714
-4.87883
-4.85638
-4.84214
-4.83632
-4.83891
-4.84634
-4.85602
-4.86407
-4.8716
-4.87714
-4.88685
-4.90024
-4.92037
-4.94691
-4.97856
-5.00872
-5.03426
-5.05323
-5.0632
-5.06662
-5.06462
-5.05998
-5.05556
-5.05213
-5.04999
-5.0489
-5.05179
-5.05835
-5.06772
-5.07879
-5.08744
-5.09119
-5.08781
-5.07738
-5.06093
-5.04137
-5.01893
-4.99959
-4.98508
-4.97812
-4.98252
-4.99777
-5.02217
-5.05317
-5.08541
-5.11309
-5.13519
-5.14779
-5.15491
-5.15759
-5.1567
-5.15408
-5.14479
-5.12866
-5.104
-5.07209
-5.03458
-4.99818
-4.96632
-4.94505
-4.93588
-4.93828
-4.94682
-4.95983
-4.97694
-4.99506
-5.01381
-5.03262
-5.05146
-5.06791
-5.08211
-5.09022
-5.09151
-5.08425
-5.07116
-5.05565
-5.03922
-5.0255
-5.01668
-5.0128
-5.01469
-5.02229
-5.03312
-5.04498
-5.05521
-5.06267
-5.06747
-5.06971
-5.06893
-5.06638
-5.06286
-5.05805
-5.05168
-5.04662
-5.042
-5.03864
-5.03581
-5.033
-5.02819
-5.02374
-5.01821
-5.01077
-5.00433
-4.99939
-4.99483
-4.99044
-4.9866
-4.98294
-4.98365
-4.98742
-4.99335
-5.00189
-5.01329
-5.03016
-5.05023
-5.07229
-5.09141
-5.10619
-5.11323
-5.11271
-5.10322
-5.0863
-5.06154
-5.03085
-4.99599
-4.96042
-4.92935
-4.90386
-4.88901
-4.88361
-4.88923
-4.90382
-4.92408
-4.94866
-4.97572
-5.00181
-5.02206
-5.03343
-5.03651
-5.03112
-5.02456
-5.0213
-5.02344
-5.03296
-5.04144
-5.04723
-5.04925
-5.0482
-5.0499
-5.05835
-5.07479
-5.09427
-5.11151
-5.12451
-5.13387
-5.14029
-5.14445
-5.14795
-5.14944
-5.15057
-5.15104
-5.14922
-5.14469
-5.13574
-5.12329
-5.10512
-5.08175
-5.0516
-5.01911
-4.9845
-4.95386
-4.92954
-4.91095
-4.89951
-4.89364
-4.89107
-4.8921
-4.89548
-4.90472
-4.92061
-4.94368
-4.97455
-5.00884
-5.04345
-5.07463
-5.09969
-5.1185
-5.12994
-5.13561
-5.13807
-5.1389
-5.14143
-5.14554
-5.15399
-5.16437
-5.17526
-5.184
-5.18685
-5.18299
-5.17475
-5.15979
-5.14187
-5.11994
-5.09806
-5.07728
-5.06077
-5.0513
-5.05111
-5.05888
-5.06853
-5.0771
-5.08026
-5.07867
-5.07206
-5.06172
-5.04817
-5.0327
-5.01881
-5.00803
-5.00171
-5.00185
-5.01051
-5.02659
-5.05077
-5.07889
-5.10938
-5.14074
-5.17256
-5.20224
-5.23029
-5.25606
-5.27654
-5.29081
-5.29969
-5.30059
-5.29558
-5.28358
-5.26504
-5.23705
-5.20454
-5.169
-5.13807
-5.11695
-5.10955
-5.10991
-5.11338
-5.11265
-5.10734
-5.09915
-5.09196
-5.09014
-5.09286
-5.09622
-5.09627
-5.09032
-5.07863
-5.06539
-5.04907
-5.03308
-5.018
-5.00381
-4.99147
-4.98102
-4.97052
-4.96218
-4.95707
-4.95599
-4.96219
-4.97655
-4.99708
-5.02122
-5.04642
-5.06973
-5.08699
-5.09992
-5.10804
-5.11167
-5.11097
-5.11025
-5.10812
-5.10731
-5.10738
-5.11024
-5.11184
-5.11777
-5.12558
-5.13338
-5.14061
-5.14623
-5.1488
-5.14638
-5.13974
-5.13021
-5.1201
-5.11049
-5.09898
-5.08834
-5.07724
-5.06494
-5.05329
-5.04313
-5.03713
-5.0363
-5.03878
-5.04091
-5.0417
-5.03876
-5.0309
-5.02095
-5.01036
-4.99964
-4.98721
-4.97328
-4.95825
-4.942
-4.92842
-4.92349
-4.92877
-4.94404
-4.96568
-4.98917
-5.01242
-5.032
-5.04463
-5.04983
-5.04813
-5.04046
-5.02925
-5.01553
-4.99805
-4.97826
-4.95583
-4.93088
-4.90327
-4.87718
-4.85553
-4.84454
-4.8494
-4.86899
-4.89583
