-3.43741
-3.43832
-3.43983
-3.43923
-3.43938
-3.43998
-3.43893
-3.43983
-3.43923
-3.43817
-3.43681
-3.43741
-3.43665
-3.43665
-3.4368
-3.43665
-3.4359
-3.4362
-3.43651
-3.43726
-3.43726
-3.4368
-3.43635
-3.43635
-3.43575
-3.4362
-3.43454
-3.43454
-3.43409
-3.43439
-3.43363
-3.43348
-3.43333
-3.43318
-3.43394
-3.43439
-3.43394
-3.43424
-3.43318
-3.43288
-3.43348
-3.43273
-3.43243
-3.43273
-3.43409
-3.43394
-3.43424
-3.43439
-3.43408
-3.43393
-3.43469
-3.43379
-3.43288
-3.43273
-3.43349
-3.43409
-3.4344
-3.43364
-3.43349
-3.43394
-3.43499
-3.43423
-3.43499
-3.43529
-3.4359
-3.43575
-3.4356
-3.43545
-3.43409
-3.43485
-3.43455
-3.43485
-3.43455
-3.43394
-3.43424
-3.43454
-3.43469
-3.43454
-3.43378
-3.43408
-3.43378
-3.43393
-3.43363
-3.43273
-3.43167
-3.43153
-3.43198
-3.43244
-3.43274
-3.43349
-3.4338
-3.43425
-3.43591
-3.435
-3.43515
-3.43545
-3.43439
-3.43348
-3.43333
-3.43364
-3.43409
-3.43485
-3.43576
-3.43545
-3.43576
-3.43696
-3.43711
-3.43757
-3.4359
-3.43605
-3.4359
-3.4353
-3.43514
-3.43545
-3.43605
-3.43515
-3.4356
-3.43605
-3.43681
-3.43696
-3.43696
-3.43621
-3.43545
-3.43455
-3.43424
-3.43439
-3.43379
-3.43348
-3.43333
-3.43303
-3.43272
-3.43182
-3.43182
-3.43212
-3.43198
-3.43198
-3.43258
-3.43334
-3.43364
-3.43349
-3.43364
-3.43333
-3.43424
-3.43394
-3.43378
-3.43348
-3.43348
-3.43363
-3.43409
-3.43424
-3.43485
-3.43424
-3.43394
-3.43319
-3.43394
-3.43439
-3.43499
-3.43559
-3.43454
-3.43514
-3.43544
-3.4359
-3.43575
-3.43681
-3.43711
-3.43802
-3.43787
-3.43817
-3.43545
-3.43605
-3.43665
-3.4368
-3.43711
-3.43726
-3.43741
-3.43696
-3.43681
-3.43756
-3.43681
-3.43696
-3.43696
-3.43651
-3.43636
-3.4362
-3.43696
-3.43726
-3.43756
-3.43771
-3.43832
-3.43862
-3.43922
-3.43862
-3.43877
-3.43892
-3.43817
-3.43787
-3.43772
-3.43832
-3.43786
-3.43801
-3.43741
-3.43574
-3.4365
-3.43635
-3.43605
-3.43726
-3.43696
-3.43681
-3.43696
-3.43591
-3.43591
-3.43606
-3.4359
-3.43605
-3.43575
-3.43635
-3.43575
-3.4368
-3.43877
-3.43832
-3.43877
-3.43877
-3.43817
-3.43771
-3.43801
-3.43801
-3.43817
-3.43847
-3.43862
-3.43847
-3.43802
-3.43666
-3.43726
-3.43711
-3.43711
-3.4368
-3.43771
-3.43862
-3.43922
-3.43998
-3.43937
-3.43983
-3.43907
-3.43923
-3.43953
-3.43998
-3.43938
-3.43968
-3.44013
-3.44043
-3.44043
-3.43907
-3.43937
-3.43816
-3.43831
-3.43816
-3.43695
-3.4368
-3.43786
-3.43952
-3.43968
-3.43832
-3.43787
-3.43817
-3.43832
-3.43666
-3.43696
-3.43711
-3.4362
-3.4365
-3.4356
-3.4359
-3.4362
-3.43635
-3.43726
-3.43801
-3.43786
-3.43786
-3.43756
-3.43787
-3.43802
-3.43862
-3.43832
-3.43847
-3.43832
-3.43847
-3.43847
-3.43907
-3.43922
-3.43937
-3.43952
-3.43847
-3.43831
-3.43816
-3.43892
-3.43831
-3.43922
-3.43877
-3.43771
-3.43831
-3.43786
-3.43846
-3.43756
-3.4368
-3.43771
-3.43771
-3.43741
-3.43666
-3.43651
-3.4359
-3.43651
-3.4365
-3.43559
-3.43574
-3.43635
-3.43741
-3.43846
-3.43816
-3.43907
-3.43892
-3.43938
-3.43832
-3.43817
-3.43968
-3.43937
-3.43998
-3.44043
-3.44028
-3.44028
-3.43922
-3.43801
-3.43892
-3.43907
-3.43786
-3.43861
-3.43831
-3.43892
-3.43907
-3.43877
-3.43786
-3.43741
-3.43816
-3.43877
-3.43847
-3.43786
-3.43711
-3.43741
-3.43832
-3.43831
-3.43876
-3.438
-3.43694
-3.43679
-3.43695
-3.43635
-3.4365
-3.43605
-3.43696
-3.43681
-3.43802
-3.43741
-3.43802
-3.43726
-3.4359
-3.4371
-3.43801
-3.43771
-3.4362
-3.43559
-3.43635
-3.43726
-3.43741
-3.43711
-3.43801
-3.43877
-3.43846
-3.43831
-3.43801
-3.43802
-3.43801
-3.43771
-3.43756
-3.43801
-3.43756
-3.43876
-3.43831
-3.43801
-3.43846
-3.43862
-3.43907
-3.43953
-3.44043
-3.44028
-3.43967
-3.43952
-3.43922
-3.43801
-3.43786
-3.43741
-3.43801
-3.43741
-3.43892
-3.43892
-3.43861
-3.43801
-3.43771
-3.43861
-3.43877
-3.43937
-3.43922
-3.43983
-3.43998
-3.43998
-3.43968
-3.43998
-3.43907
-3.43847
-3.43832
-3.43862
-3.43802
-3.43802
-3.43953
-3.44058
-3.44028
-3.44058
-3.44058
-3.43998
-3.44058
-3.44073
-3.44103
-3.44103
-3.44148
-3.44088
-3.44164
-3.44073
-3.44059
-3.43998
-3.44059
-3.44059
-3.44074
-3.44058
-3.43938
-3.43983
-3.43892
-3.43907
-3.43846
-3.43937
-3.44013
-3.44028
-3.44028
-3.43998
-3.43953
-3.43892
-3.43832
-3.43756
-3.43756
-3.43817
-3.43726
-3.43786
-3.43832
-3.43847
-3.43756
-3.43771
-3.43711
-3.43741
-3.43681
-3.43802
-3.43848
-3.43848
-3.43878
-3.43877
-3.43862
-3.43922
-3.44013
-3.43967
-3.43997
-3.44012
-3.43967
-3.44133
-3.44148
-3.44148
-3.44088
-3.44088
-3.44028
-3.43983
-3.43983
-3.43922
-3.43832
-3.43756
-3.43832
-3.43741
-3.43756
-3.43786
-3.43877
-3.43922
-3.43938
-3.43862
-3.43832
-3.43892
-3.43968
-3.44058
-3.43952
-3.43922
-3.43816
-3.43771
-3.43726
-3.43635
-3.4362
-3.43499
-3.43634
-3.4374
-3.43907
-3.43862
-3.43847
-3.43847
-3.43862
-3.43786
-3.43847
-3.43877
-3.43861
-3.43936
-3.4374
-3.4371
-3.43725
-3.4371
-3.43665
-3.43635
-3.43726
-3.43756
-3.43892
-3.43831
-3.43861
-3.43936
-3.43997
-3.43952
-3.43997
-3.44012
-3.43907
-3.43846
-3.43922
-3.43862
-3.43861
-3.43937
-3.43891
-3.43786
-3.43725
-3.43756
-3.43801
-3.43635
-3.43559
-3.43695
-3.43725
-3.4374
-3.438
-3.43755
-3.4377
-3.4371
-3.43649
-3.43649
-3.43649
-3.43665
-3.43755
-3.43786
-3.43831
-3.43786
-3.43831
-3.43725
-3.43725
-3.43695
-3.43725
-3.43831
-3.43861
-3.43876
-3.43876
-3.43891
-3.43891
-3.43906
-3.43906
-3.43952
-3.43997
-3.43982
-3.44073
-3.44118
-3.44042
-3.44011
-3.43996
-3.43951
-3.43937
-3.43891
-3.44073
-3.44164
-3.44028
-3.44043
-3.43997
-3.43907
-3.43922
-3.43906
-3.43982
-3.43967
-3.43891
-3.43861
-3.43846
-3.43876
-3.4374
-3.43649
-3.4362
-3.43725
-3.43695
-3.43831
-3.43862
-3.43876
-3.44027
-3.43876
-3.43786
-3.43846
-3.43846
-3.43876
-3.43891
-3.43831
-3.43771
-3.4368
-3.43756
-3.4368
-3.4368
-3.4374
-3.43785
-3.43922
-3.43937
-3.43756
-3.43907
-3.43952
-3.44027
-3.44027
-3.44042
-3.44012
-3.43997
-3.43952
-3.43952
-3.43816
-3.43695
-3.4368
-3.43664
-3.43619
-3.43589
-3.43604
-3.43665
-3.43634
-3.4374
-3.43725
-3.43861
-3.43801
-3.43846
-3.43816
-3.43937
-3.43892
-3.43771
-3.4368
-3.4365
-3.43574
-3.43574
-3.43619
-3.43589
-3.43574
-3.43558
-3.43634
-3.4368
-3.43755
-3.4374
-3.43846
-3.43816
-3.43997
-3.44027
-3.44012
-3.43951
-3.43997
-3.43922
-3.43846
-3.43877
-3.43861
-3.43937
-3.43967
-3.43952
-3.43967
-3.43982
-3.43982
-3.43891
-3.43906
-3.43906
-3.43846
-3.43846
-3.43831
-3.43846
-3.43831
-3.43816
-3.43801
-3.43876
-3.43785
-3.438
-3.4377
-3.43679
-3.43694
-3.43694
-3.43649
-3.43664
-3.43695
-3.43635
-3.43695
-3.43574
-3.43559
-3.43559
-3.43529
-3.4368
-3.4368
-3.4371
-3.4371
-3.43741
-3.4368
-3.43725
-3.43664
-3.43664
-3.4371
-3.43861
-3.43846
-3.4377
-3.43801
-3.43771
-3.43741
-3.4371
-3.43725
-3.4365
-3.43695
-3.43711
-3.43786
-3.43756
-3.43725
-3.43755
-3.43695
-3.43649
-3.43649
-3.43589
-3.43528
-3.43544
-3.43559
-3.43574
-3.43529
-3.43453
-3.43423
-3.43438
-3.43408
-3.43408
-3.43484
-3.43559
-3.43544
-3.43634
-3.43665
-3.43695
-3.43695
-3.43695
-3.43574
-3.43604
-3.43619
-3.43468
-3.43393
-3.43438
-3.43514
-3.43589
-3.43634
-3.43513
-3.43574
-3.43665
-3.43695
-3.4368
-3.43574
-3.43589
-3.43574
-3.43635
-3.43605
-3.4365
-3.4365
-3.43726
-3.43756
-3.43847
-3.43862
-3.43847
-3.43771
-3.4371
-3.43831
-3.43846
-3.43937
-3.43846
-3.43816
-3.43846
-3.43816
-3.43771
-3.43756
-3.43771
-3.43741
-3.43696
-3.43787
-3.43756
-3.43816
-3.43831
-3.43695
-3.43741
-3.4359
-3.43545
-3.43665
-3.4374
-3.43755
-3.43665
-3.43665
-3.43725
-3.43756
-3.43741
-3.43725
-3.43695
-3.43635
-3.4365
-3.43574
-3.43574
-3.4365
-3.43695
-3.4374
-3.43695
-3.43741
-3.43741
-3.43801
-3.43725
-3.43786
-3.43695
-3.43695
-3.43725
-3.43604
-3.43544
-3.43559
-3.43574
-3.43665
-3.43634
-3.4368
-3.4371
-3.43679
-3.4371
-3.4365
-3.43605
-3.43605
-3.43635
-3.43756
-3.43801
-3.43786
-3.43786
-3.4374
-3.4377
-3.43695
-3.43725
-3.4371
-3.43725
-3.43771
-3.4371
-3.43605
-3.4371
-3.4371
-3.43831
-3.43801
-3.43846
-3.43861
-3.43861
-3.438
-3.43755
-3.43786
-3.43725
-3.43726
-3.43635
-3.43605
-3.43574
-3.43574
-3.43529
-3.43423
-3.43438
-3.43529
-3.43604
-3.43649
-3.43725
-3.4371
-3.43801
-3.43801
-3.43771
-3.43725
-3.43741
-3.4365
-3.4362
-3.4371
-3.43741
-3.43711
-3.43756
-3.4365
-3.43635
-3.4365
-3.43771
-3.4368
-3.4371
-3.43634
-3.43634
-3.43619
-3.43725
-3.4368
-3.43695
-3.43635
-3.43665
-3.43725
-3.43725
-3.4374
-3.43756
-3.43786
-3.43846
-3.43847
-3.43771
-3.43876
-3.43831
-3.43831
-3.43846
-3.43831
-3.43876
-3.43997
-3.43997
-3.44042
-3.44103
-3.44058
-3.44042
-3.44073
-3.44058
-3.44013
-3.44013
-3.44058
-3.43937
-3.43922
-3.43968
-3.44028
-3.43983
-3.44103
-3.44103
-3.44149
-3.44134
-3.44224
-3.43998
-3.44013
-3.44043
-3.43983
-3.43922
-3.43938
-3.44028
-3.44058
-3.44058
-3.44028
-3.44043
-3.44103
-3.43952
-3.43922
-3.43937
-3.43922
-3.43952
-3.43922
-3.43907
-3.43937
-3.43952
-3.43862
-3.43862
-3.43877
-3.43786
-3.43756
-3.43786
-3.43847
-3.43786
-3.43711
-3.43726
-3.43711
-3.4368
-3.43725
-3.43695
-3.43665
-3.4365
-3.43605
-3.43651
-3.43711
-3.43681
-3.43636
-3.4362
-3.43605
-3.43666
-3.43771
-3.43741
-3.43726
-3.43726
-3.43756
-3.43711
-3.43756
-3.4371
-3.43589
-3.43513
-3.43514
-3.43439
