1.11066
1.12372
1.13717
1.14976
1.16056
1.16873
1.17356
1.17441
1.17075
1.16244
1.14989
1.13439
1.11814
1.10362
1.09241
1.08427
1.07752
1.07062
1.06329
1.05649
1.05143
1.04875
1.04862
1.05135
1.05738
1.06625
1.0761
1.08432
1.08888
1.08923
1.08632
1.08227
1.07962
1.0802
1.0842
1.09003
1.0953
1.0982
1.09836
1.09666
1.09423
1.09155
1.08826
1.08367
1.07747
1.06996
1.06207
1.05516
1.05089
1.0507
1.05514
1.06335
1.07341
1.08285
1.08922
1.09041
1.085
1.07253
1.05379
1.03115
1.00818
0.988852
0.976164
0.971115
0.972607
0.978313
0.985875
0.993576
1.00055
1.00656
1.01156
1.01545
1.01792
1.01859
1.01717
1.01385
1.00966
1.00665
1.00749
1.01439
1.02801
1.04767
1.07203
1.09946
1.1278
1.15418
1.17568
1.19052
1.19855
1.20051
1.19672
1.18654
1.16952
1.14683
1.12156
1.09796
1.08004
1.07022
1.06847
1.07252
1.07896
1.08433
1.08614
1.08321
1.07576
1.065
1.05243
1.03923
1.02616
1.01382
1.00322
0.995811
0.992868
0.994725
1.00075
1.00979
1.02075
1.03263
1.04456
1.05574
1.0654
1.0728
1.07719
1.07795
1.07478
1.06787
1.0578
1.04563
1.03292
1.02165
1.01388
1.01112
1.0137
1.02048
1.02915
1.03711
1.04237
1.04427
1.04357
1.04168
1.03973
1.03823
1.03757
1.0383
1.04123
1.04708
1.05615
1.06805
1.08164
1.09515
1.10657
1.11407
1.11637
1.11306
1.10505
1.09481
1.08584
1.08134
1.08273
1.08953
1.09997
1.11165
1.12212
1.12943
1.13262
1.13172
1.12729
1.12008
1.11098
1.10112
1.09186
1.08458
1.08071
1.08176
1.08862
1.10049
1.1149
1.12903
1.14103
1.1501
1.15609
1.15906
1.15911
1.15644
1.15138
1.1445
1.1367
1.12911
1.12282
1.11858
1.11656
1.11636
1.11708
1.11761
1.11681
1.11372
1.10793
1.0998
1.09059
1.08227
1.07709
1.07677
1.08188
1.09158
1.10397
1.11676
1.12774
1.13512
1.13768
1.13479
1.12649
1.11344
1.09687
1.07843
1.06
1.04339
1.03015
1.02139
1.01751
1.01797
1.02153
1.02676
1.03263
1.03888
1.04581
1.05373
1.06237
1.07071
1.07717
1.08034
1.07957
1.07543
1.0695
1.06375
1.0599
1.05905
1.06165
1.0676
1.07635
1.087
1.0984
1.10941
1.11897
1.12618
1.13042
1.13138
1.1292
1.12442
1.11788
1.11046
1.10285
1.09553
1.08888
1.08338
1.07978
1.07907
1.08224
1.08974
1.101
1.11436
1.12741
1.1377
1.14342
1.14376
1.13898
1.13009
1.11849
1.10552
1.09223
1.07948
1.06817
1.05948
1.0548
1.05521
1.06105
1.07171
1.08583
1.10172
1.11774
1.13257
1.14526
1.1552
1.16211
1.16595
1.16697
1.16549
1.16192
1.15658
1.1497
1.1415
1.13234
1.12281
1.1137
1.10571
1.09907
1.0933
1.08733
1.08011
1.07105
1.06046
1.0495
1.03997
1.03364
1.03166
1.03403
1.03967
1.04666
1.05276
1.05603
1.05527
1.0506
1.04349
1.0364
1.03194
1.03194
1.03702
1.04663
1.05926
1.07285
1.08508
1.09377
1.09749
1.09607
1.09085
1.0842
1.07824
1.07383
1.07076
1.06866
1.06773
1.06862
1.07198
1.07806
1.08654
1.09689
1.10862
1.12136
1.13479
1.14842
1.16137
1.17235
1.17985
1.18249
1.17934
1.16999
1.15457
1.13351
1.10758
1.07824
1.0483
1.02251
1.00665
1.00438
1.01475
1.03334
1.05556
1.07822
1.0993
1.11722
1.13063
1.13862
1.14109
1.13897
1.13404
1.12846
1.12426
1.12282
1.12451
1.12853
1.13315
1.13634
1.13666
1.13383
1.12882
1.12314
1.11804
1.11375
1.10959
1.10439
1.09725
1.08785
1.07666
1.06484
1.05419
1.04701
1.04544
1.05056
1.06168
1.07639
1.09138
1.10358
1.11114
1.11375
1.11253
1.10924
1.10523
1.10067
1.09481
1.0867
1.07613
1.06385
1.05134
1.04018
1.03155
1.02606
1.02381
1.02456
1.02802
1.03376
1.04121
1.04967
1.05837
1.06662
1.07389
1.07987
1.08443
1.08756
1.0893
1.08952
1.08786
1.0839
1.07736
1.06836
1.05745
1.04552
1.03377
1.02374
1.01714
1.01564
1.02039
1.03182
1.0496
1.07283
1.09994
1.12853
1.15546
1.17776
1.19342
1.20168
1.20272
1.19718
1.18593
1.17006
1.15112
1.13105
1.11179
1.09471
1.08018
1.06776
1.05676
1.04668
1.03731
1.02842
1.01965
1.01065
1.00146
0.992738
0.985634
0.981423
0.981179
0.985987
0.997007
1.01491
1.0391
1.06741
1.09648
1.12264
1.14275
1.15487
1.1584
1.15397
1.14311
1.12791
1.1106
1.09326
1.07742
1.06402
1.05338
1.04556
1.04073
1.03923
1.0411
1.04566
1.05132
1.05608
1.05839
1.05785
1.05525
1.0519
1.04902
1.04752
1.04833
1.05235
1.05986
1.06965
1.07944
1.0872
1.09215
1.09484
1.09635
1.09758
1.0987
1.09915
1.09803
1.09485
1.08991
1.08449
1.08041
1.07934
1.08228
1.08922
1.099
1.10949
1.11811
1.12255
1.12146
1.1147
1.10337
1.08937
1.07537
1.06439
1.05896
1.0598
1.06547
1.07356
1.08192
1.08898
1.09362
1.09518
1.09372
1.09006
1.0857
1.08239
1.08161
1.08415
1.0897
1.09698
1.10431
1.11034
1.11435
1.11626
1.11639
1.11518
1.11309
1.11047
1.10737
1.10346
1.09803
1.09039
1.08037
1.0687
1.05701
1.04727
1.04117
1.03957
1.04245
1.04915
1.05876
1.07032
1.08301
1.0962
1.1095
1.12261
1.13513
1.1463
1.15518
1.16086
1.16281
1.16102
1.15599
1.14853
1.1396
1.13005
1.12053
1.11144
1.10289
1.09468
1.08628
1.07699
1.06614
1.05351
1.03983
1.02692
1.01742
1.01395
1.01805
1.0294
1.04586
1.06427
1.08147
1.09504
1.10356
1.10661
1.10469
1.09898
1.09096
1.08197
1.07286
1.06393
1.05525
1.04709
1.04025
1.03596
1.03536
1.03885
1.04583
1.05473
1.0636
1.07075
1.07537
1.07777
1.07905
1.08029
1.08204
1.08454
1.0881
1.09308
1.09931
1.10575
1.11064
1.11212
1.10912
1.10213
1.09341
1.08624
1.08295
1.08317
1.0842
1.08321
1.07896
1.07215
1.0648
1.059
1.05593
1.05538
1.05627
1.05739
1.05796
1.05767
1.05666
1.05561
1.05562
1.05784
1.06291
1.07059
1.07998
1.08981
1.09885
1.10611
1.11088
1.11268
1.1112
1.10622
1.09752
1.08493
1.06842
1.04844
1.02608
1.00297
0.980936
0.96176
0.946996
0.937604
0.933825
0.935043
0.939695
0.945644
0.951108
0.955429
0.959325
0.96459
0.973317
0.986838
1.00493
1.02573
1.04633
1.06386
1.07631
1.08305
1.08483
1.0833
1.08031
1.07726
1.07487
1.07345
1.07332
1.07515
1.07952
1.08617
1.09355
1.09942
1.10182
1.09967
1.09282
1.08195
1.06841
1.05405
1.04106
1.03159
1.02755
1.03039
1.04055
1.05712
1.07769
1.09897
1.11783
1.13216
1.14137
1.14621
1.148
1.14761
1.14486
1.13866
1.12771
1.11127
1.08979
1.06519
1.04062
1.01978
1.0056
0.999191
0.999784
1.00558
1.01475
1.02596
1.03824
1.05094
1.06368
1.07614
1.08761
1.09677
1.10208
1.10243
1.09779
1.08927
1.07873
1.06818
1.05934
1.05346
1.05128
1.05293
1.0579
1.06502
1.07283
1.07995
1.08542
1.08883
1.09022
1.0899
1.0882
1.08535
1.08164
1.07749
1.07352
1.07024
1.06779
1.06591
1.06404
1.06164
1.05846
1.05468
1.05073
1.04694
1.04334
1.03979
1.03636
1.0335
1.03187
1.03194
1.03385
1.0376
1.04339
1.0517
1.06284
1.07633
1.09063
1.10358
1.11312
1.11782
1.11697
1.11044
1.09855
1.08195
1.06159
1.03885
1.01555
0.994028
0.976932
0.966431
0.963432
0.967378
0.976903
0.990614
1.0073
1.02544
1.04273
1.05643
1.06431
1.06577
1.06237
1.0576
1.05532
1.05766
1.0637
1.07036
1.07452
1.07506
1.07387
1.0749
1.08114
1.09209
1.10468
1.11597
1.12474
1.13108
1.13556
1.13874
1.14097
1.14247
1.14322
1.14303
1.14151
1.13819
1.13252
1.12392
1.11181
1.09583
1.07623
1.05417
1.03171
1.01128
0.994863
0.983272
0.976049
0.972035
0.970222
0.970301
0.972758
0.978619
0.989006
1.00459
1.02497
1.04823
1.0716
1.09239
1.10889
1.12063
1.12796
1.13183
1.13348
1.13433
1.13582
1.13906
1.1445
1.15151
1.15867
1.1642
1.1665
1.16463
1.15843
1.14846
1.1357
1.12129
1.1064
1.09245
1.08144
1.07553
1.07571
1.08068
1.08752
1.09323
1.09594
1.09508
1.09088
1.08399
1.07525
1.06564
1.05628
1.0485
1.04378
1.04357
1.04884
1.05966
1.07518
1.09392
1.11445
1.13566
1.15677
1.17716
1.19606
1.21264
1.22609
1.2358
1.24142
1.24272
1.23948
1.23139
1.21822
1.20016
1.17829
1.1551
1.13449
1.12051
1.11487
1.11541
1.11762
1.11753
1.11379
1.10793
1.10314
1.10182
1.10354
1.10557
1.1052
1.10124
1.09395
1.08442
1.07384
1.06318
1.05303
1.04367
1.03514
1.02736
1.02037
1.0145
1.0107
1.01028
1.01451
1.02388
1.03767
1.05406
1.07087
1.0861
1.09841
1.10713
1.11224
1.11426
1.11409
1.11281
1.11139
1.11055
1.11069
1.112
1.11458
1.11843
1.12343
1.12904
1.13426
1.1379
1.13901
1.1372
1.13277
1.12662
1.11978
1.11297
1.1063
1.09941
1.09191
1.08381
1.07584
1.06928
1.06538
1.06462
1.06617
1.06819
1.06872
1.06666
1.06202
1.05559
1.04833
1.04078
1.0329
1.02411
1.01399
1.00326
0.994413
0.990827
0.994545
1.00492
1.01945
1.03541
1.05061
1.06326
1.07188
1.07565
1.07462
1.06961
1.06173
1.05188
1.04043
1.02733
1.01238
0.995545
0.977442
0.959746
0.945621
0.939099
0.942847
0.955903
0.974293
