1.66599
1.68559
1.70575
1.72464
1.74083
1.75309
1.76034
1.76161
1.75613
1.74365
1.72483
1.70159
1.67721
1.65543
1.63862
1.6264
1.61628
1.60593
1.59494
1.58474
1.57715
1.57313
1.57293
1.57703
1.58607
1.59937
1.61415
1.62648
1.63333
1.63385
1.62948
1.62341
1.61943
1.6203
1.6263
1.63504
1.64294
1.6473
1.64755
1.64499
1.64134
1.63733
1.63239
1.62551
1.6162
1.60495
1.5931
1.58274
1.57633
1.57606
1.58271
1.59503
1.61011
1.62428
1.63382
1.63561
1.6275
1.60879
1.58069
1.54672
1.51227
1.48328
1.46425
1.45667
1.45891
1.46747
1.47881
1.49036
1.50083
1.50984
1.51734
1.52317
1.52688
1.52789
1.52575
1.52078
1.5145
1.50998
1.51124
1.52158
1.54202
1.57151
1.60804
1.64919
1.69171
1.73128
1.76353
1.78578
1.79782
1.80077
1.79508
1.77981
1.75429
1.72025
1.68234
1.64693
1.62005
1.60533
1.6027
1.60878
1.61844
1.6265
1.62921
1.62481
1.61364
1.59751
1.57864
1.55884
1.53923
1.52073
1.50483
1.49372
1.4893
1.49209
1.50112
1.51469
1.53112
1.54895
1.56683
1.58361
1.59811
1.6092
1.61578
1.61692
1.61218
1.60181
1.58669
1.56844
1.54938
1.53248
1.52081
1.51669
1.52056
1.53071
1.54372
1.55567
1.56355
1.5664
1.56536
1.56253
1.55959
1.55735
1.55635
1.55745
1.56185
1.57063
1.58422
1.60208
1.62245
1.64273
1.65986
1.67111
1.67455
1.66958
1.65758
1.64221
1.62876
1.62201
1.62409
1.63429
1.64995
1.66748
1.68318
1.69414
1.69893
1.69758
1.69094
1.68012
1.66647
1.65169
1.63779
1.62687
1.62107
1.62265
1.63293
1.65074
1.67234
1.69354
1.71154
1.72516
1.73413
1.73858
1.73867
1.73466
1.72707
1.71674
1.70506
1.69367
1.68423
1.67787
1.67484
1.67453
1.67562
1.67642
1.67521
1.67058
1.6619
1.64971
1.63588
1.62341
1.61564
1.61516
1.62282
1.63737
1.65595
1.67514
1.69162
1.70269
1.70652
1.70219
1.68974
1.67016
1.6453
1.61765
1.59001
1.56508
1.54523
1.53209
1.52626
1.52696
1.5323
1.54014
1.54895
1.55832
1.56871
1.58059
1.59356
1.60607
1.61576
1.6205
1.61935
1.61314
1.60425
1.59563
1.58985
1.58858
1.59248
1.6014
1.61453
1.6305
1.6476
1.66411
1.67845
1.68928
1.69563
1.69708
1.69381
1.68663
1.67682
1.66569
1.65427
1.64329
1.63332
1.62507
1.61966
1.61861
1.62336
1.63461
1.6515
1.67153
1.69112
1.70655
1.71513
1.71565
1.70846
1.69513
1.67774
1.65828
1.63834
1.61922
1.60225
1.58923
1.5822
1.58281
1.59158
1.60757
1.62875
1.65258
1.67662
1.69886
1.71789
1.7328
1.74316
1.74893
1.75045
1.74824
1.74288
1.73487
1.72455
1.71225
1.69851
1.68421
1.67055
1.65857
1.64861
1.63995
1.631
1.62016
1.60658
1.59068
1.57426
1.55996
1.55047
1.54748
1.55105
1.55951
1.56998
1.57914
1.58405
1.58291
1.5759
1.56523
1.5546
1.54791
1.54791
1.55552
1.56994
1.58889
1.60928
1.62762
1.64066
1.64624
1.6441
1.63628
1.6263
1.61736
1.61075
1.60614
1.603
1.60159
1.60293
1.60798
1.61708
1.62981
1.64534
1.66292
1.68204
1.70219
1.72263
1.74206
1.75853
1.76977
1.77373
1.769
1.75498
1.73185
1.70026
1.66138
1.61736
1.57245
1.53377
1.50997
1.50658
1.52212
1.55001
1.58334
1.61733
1.64895
1.67583
1.69594
1.70793
1.71163
1.70846
1.70106
1.69269
1.6864
1.68423
1.68677
1.6928
1.69972
1.70451
1.70498
1.70074
1.69322
1.68471
1.67705
1.67063
1.66439
1.65658
1.64587
1.63178
1.615
1.59726
1.58129
1.57051
1.56816
1.57584
1.59252
1.61459
1.63707
1.65537
1.66671
1.67062
1.66879
1.66386
1.65784
1.65101
1.64222
1.63006
1.61419
1.59578
1.57702
1.56027
1.54732
1.53909
1.53571
1.53684
1.54203
1.55064
1.56182
1.57451
1.58755
1.59993
1.61084
1.61981
1.62665
1.63134
1.63395
1.63428
1.6318
1.62584
1.61604
1.60254
1.58618
1.56828
1.55066
1.53561
1.52572
1.52345
1.53058
1.54772
1.5744
1.60925
1.64991
1.69279
1.73319
1.76664
1.79014
1.80253
1.80408
1.79577
1.77889
1.75509
1.72668
1.69657
1.66768
1.64207
1.62027
1.60164
1.58513
1.57002
1.55596
1.54263
1.52947
1.51597
1.5022
1.48911
1.47845
1.47213
1.47177
1.47898
1.49551
1.52237
1.55865
1.60111
1.64472
1.68395
1.71413
1.73231
1.7376
1.73096
1.71467
1.69186
1.6659
1.63989
1.61613
1.59603
1.58007
1.56834
1.5611
1.55884
1.56164
1.56849
1.57698
1.58412
1.58758
1.58678
1.58288
1.57785
1.57353
1.57129
1.57249
1.57853
1.58978
1.60447
1.61917
1.63079
1.63822
1.64225
1.64453
1.64637
1.64805
1.64872
1.64705
1.64227
1.63486
1.62674
1.62062
1.61901
1.62342
1.63382
1.64849
1.66423
1.67716
1.68383
1.68218
1.67206
1.65505
1.63406
1.61306
1.59659
1.58845
1.5897
1.5982
1.61034
1.62288
1.63347
1.64043
1.64277
1.64057
1.63509
1.62855
1.62359
1.62242
1.62622
1.63454
1.64547
1.65647
1.66551
1.67152
1.67439
1.67458
1.67277
1.66964
1.6657
1.66105
1.65518
1.64705
1.63558
1.62055
1.60306
1.58552
1.57091
1.56176
1.55936
1.56367
1.57373
1.58814
1.60548
1.62452
1.6443
1.66424
1.68392
1.70269
1.71946
1.73277
1.7413
1.74422
1.74154
1.73398
1.72279
1.7094
1.69508
1.6808
1.66715
1.65433
1.64201
1.62943
1.61549
1.59921
1.58026
1.55974
1.54038
1.52614
1.52093
1.52708
1.5441
1.56879
1.59641
1.62221
1.64257
1.65534
1.65991
1.65703
1.64848
1.63645
1.62296
1.60929
1.5959
1.58287
1.57064
1.56038
1.55394
1.55303
1.55828
1.56874
1.5821
1.5954
1.60613
1.61306
1.61666
1.61857
1.62043
1.62306
1.62681
1.63216
1.63961
1.64896
1.65863
1.66596
1.66817
1.66368
1.65319
1.64011
1.62936
1.62442
1.62475
1.62631
1.62482
1.61843
1.60823
1.5972
1.5885
1.58389
1.58307
1.5844
1.58608
1.58694
1.58651
1.58499
1.58341
1.58342
1.58677
1.59436
1.60588
1.61997
1.63472
1.64828
1.65916
1.66632
1.66902
1.6668
1.65933
1.64628
1.6274
1.60263
1.57266
1.53913
1.50446
1.4714
1.44264
1.42049
1.40641
1.40074
1.40256
1.40954
1.41847
1.42666
1.43314
1.43899
1.44689
1.45998
1.48026
1.50739
1.5386
1.5695
1.59579
1.61447
1.62458
1.62725
1.62495
1.62047
1.61589
1.61231
1.61017
1.60999
1.61273
1.61929
1.62926
1.64033
1.64913
1.65273
1.6495
1.63922
1.62292
1.60261
1.58108
1.56159
1.54738
1.54133
1.54558
1.56083
1.58568
1.61653
1.64846
1.67675
1.69824
1.71205
1.71932
1.722
1.72141
1.71728
1.70798
1.69156
1.6669
1.63468
1.59778
1.56093
1.52968
1.5084
1.49879
1.49968
1.50836
1.52213
1.53893
1.55736
1.57641
1.59552
1.61421
1.63141
1.64516
1.65311
1.65365
1.64669
1.63391
1.6181
1.60227
1.58901
1.58019
1.57691
1.5794
1.58686
1.59753
1.60924
1.61992
1.62813
1.63324
1.63533
1.63485
1.6323
1.62802
1.62246
1.61624
1.61028
1.60535
1.60169
1.59886
1.59605
1.59245
1.58769
1.58202
1.57609
1.5704
1.56501
1.55969
1.55454
1.55025
1.54781
1.54791
1.55078
1.5564
1.56509
1.57755
1.59427
1.61449
1.63594
1.65536
1.66968
1.67673
1.67545
1.66566
1.64783
1.62292
1.59239
1.55828
1.52332
1.49104
1.4654
1.44965
1.44515
1.45107
1.46535
1.48592
1.51095
1.53816
1.5641
1.58464
1.59647
1.59865
1.59356
1.5864
1.58299
1.58649
1.59555
1.60554
1.61178
1.61259
1.6108
1.61235
1.62171
1.63814
1.65701
1.67395
1.68711
1.69662
1.70334
1.7081
1.71145
1.7137
1.71483
1.71454
1.71227
1.70729
1.69879
1.68589
1.66772
1.64374
1.61435
1.58125
1.54756
1.51691
1.49229
1.47491
1.46407
1.45805
1.45533
1.45545
1.45914
1.46793
1.48351
1.50689
1.53745
1.57235
1.60741
1.63858
1.66334
1.68094
1.69193
1.69775
1.70021
1.7015
1.70372
1.70859
1.71674
1.72727
1.73801
1.74629
1.74974
1.74695
1.73764
1.72269
1.70356
1.68194
1.6596
1.63867
1.62216
1.6133
1.61356
1.62102
1.63128
1.63984
1.64391
1.64262
1.63632
1.62598
1.61288
1.59847
1.58443
1.57274
1.56567
1.56536
1.57326
1.58949
1.61276
1.64089
1.67168
1.70349
1.73516
1.76574
1.79409
1.81895
1.83913
1.8537
1.86213
1.86409
1.85923
1.84708
1.82733
1.80024
1.76743
1.73265
1.70173
1.68076
1.6723
1.67311
1.67643
1.6763
1.67069
1.6619
1.65471
1.65274
1.6553
1.65836
1.6578
1.65185
1.64092
1.62663
1.61076
1.59477
1.57954
1.5655
1.55271
1.54105
1.53055
1.52176
1.51604
1.51542
1.52177
1.53582
1.5565
1.58109
1.6063
1.62915
1.64761
1.6607
1.66836
1.67139
1.67114
1.66921
1.66709
1.66583
1.66604
1.668
1.67186
1.67765
1.68515
1.69356
1.70138
1.70685
1.70852
1.7058
1.69916
1.68993
1.67967
1.66945
1.65945
1.64912
1.63786
1.62572
1.61376
1.60392
1.59807
1.59693
1.59926
1.60229
1.60308
1.59999
1.59303
1.58339
1.5725
1.56118
1.54934
1.53617
1.52099
1.50489
1.49162
1.48624
1.49182
1.50738
1.52917
1.55312
1.57592
1.59489
1.60782
1.61347
1.61193
1.60441
1.5926
1.57781
1.56064
1.541
1.51857
1.49332
1.46616
1.43962
1.41843
1.40865
1.41427
1.43386
1.46144
