1 1 0
2 1.40683 0.00379465
3 1.72265 0.00610619
4 1.9916 0.0078562
5 2.23188 0.00895055
6 2.449 0.0101518
7 2.64791 0.0113515
8 2.83174 0.011648
9 2.99743 0.0121486
10 3.16205 0.0130367
11 3.31588 0.0134585
12 3.46646 0.0137327
13 3.6163 0.0146271
14 3.74334 0.0152438
15 3.87497 0.0162784
16 4.00016 0.0165553
17 4.12704 0.0161203
18 4.25506 0.0162951
19 4.37478 0.0162961
20 4.47627 0.0166331
21 4.58642 0.0171128
22 4.69565 0.0170735
23 4.78845 0.0182376
24 4.89369 0.0191213
25 4.9948 0.0196937
26 5.10074 0.020008
27 5.19131 0.0213957
28 5.28174 0.0218386
29 5.381 0.022302
30 5.47218 0.0231064
31 5.56625 0.0236228
32 5.65843 0.0238962
33 5.73767 0.0235489
34 5.82235 0.0230209
35 5.90113 0.0233783
36 5.97572 0.0238563
37 6.06044 0.0241042
38 6.14906 0.0251073
39 6.24199 0.025211
40 6.31906 0.0256744
41 6.39928 0.0267067
42 6.48234 0.0263312
43 6.55607 0.0263869
44 6.64234 0.0271811
45 6.71631 0.0292927
46 6.78706 0.0304488
47 6.86163 0.029991
48 6.93847 0.0305203
49 7.00234 0.0308765
50 7.06391 0.030932
51 7.136 0.0312271
52 7.19983 0.0316516
53 7.25934 0.0315132
54 7.32159 0.0316535
55 7.3847 0.0322136
56 7.46121 0.0323914
57 7.52416 0.0321437
58 7.58589 0.0331104
59 7.64973 0.0341488
60 7.7175 0.0344429
61 7.77931 0.0338118
62 7.84174 0.0346354
63 7.89413 0.0348044
64 7.97209 0.0341991
65 8.03993 0.0360385
66 8.11312 0.0364997
67 8.17942 0.0364917
68 8.24318 0.0369172
69 8.30094 0.0380374
70 8.3611 0.0388419
71 8.42059 0.0389622
72 8.47511 0.0389562
73 8.53691 0.0382929
74 8.58959 0.0380002
75 8.63764 0.0382334
76 8.68998 0.0381894
77 8.74406 0.0379179
78 8.79714 0.0389754
79 8.85317 0.0399144
80 8.89809 0.0397546
81 8.95609 0.0407247
82 9.01013 0.040568
83 9.07163 0.0399439
84 9.12894 0.0398533
85 9.1775 0.040072
86 9.24343 0.0390746
87 9.30361 0.0402639
88 9.34896 0.0398843
89 9.4042 0.0394985
90 9.45285 0.0398373
91 9.49706 0.039367
92 9.54623 0.0396179
93 9.60216 0.0394234
94 9.64772 0.0384672
95 9.69833 0.0390907
96 9.75482 0.0393894
97 9.79483 0.040035
98 9.83973 0.0408577
99 9.89303 0.0411987
100 9.95134 0.0422878
