1 1 0
2 1.41488 0.00365056
3 1.73243 0.00622876
4 2.00617 0.0071867
5 2.25273 0.00832476
6 2.46228 0.00932747
7 2.66009 0.00997478
8 2.84291 0.0106219
9 3.01123 0.0117492
10 3.17042 0.012609
11 3.31741 0.0139878
12 3.47423 0.0138681
13 3.61174 0.0139812
14 3.75406 0.0145825
15 3.88461 0.0148801
16 4.01205 0.0142671
17 4.13252 0.0148066
18 4.25301 0.0157817
19 4.35766 0.0163835
20 4.4732 0.0157719
21 4.58381 0.0166182
22 4.69231 0.0172583
23 4.78334 0.0180829
24 4.88544 0.0183192
25 4.98179 0.0186882
26 5.07468 0.0177488
27 5.16505 0.0185242
28 5.26197 0.019219
29 5.35576 0.0202267
30 5.45612 0.021089
31 5.55278 0.0222795
32 5.63931 0.0227621
33 5.73575 0.023053
34 5.83566 0.0236855
35 5.91898 0.0241106
36 6.00237 0.0242193
37 6.07828 0.0245952
38 6.16385 0.0249449
39 6.24422 0.0251084
40 6.32769 0.0245478
41 6.39548 0.0259676
42 6.47565 0.0258498
43 6.55402 0.0258874
44 6.62891 0.0261213
45 6.70468 0.0265846
46 6.77466 0.0269195
47 6.84461 0.0262372
48 6.91989 0.0267737
49 6.99349 0.0268989
50 7.07088 0.0258551
51 7.13819 0.0262258
52 7.20037 0.0274723
53 7.27146 0.0287735
54 7.34078 0.0284436
55 7.39721 0.0289363
56 7.45654 0.0282516
57 7.52287 0.028626
58 7.59205 0.0284923
59 7.6611 0.0290318
60 7.72413 0.028761
61 7.79447 0.0296274
62 7.85798 0.0301241
63 7.92893 0.0301452
64 8.00154 0.0309389
65 8.06577 0.0316934
66 8.1283 0.0314116
67 8.1898 0.0321226
68 8.24985 0.0323948
69 8.30427 0.032828
70 8.3766 0.0327339
71 8.44439 0.0323896
72 8.50923 0.0325328
73 8.5696 0.0327321
74 8.63593 0.0322976
75 8.68742 0.032743
76 8.73918 0.0323519
77 8.79974 0.0321214
78 8.85992 0.0321623
79 8.91567 0.0333935
80 8.97165 0.0341291
81 9.02944 0.034717
82 9.08857 0.0351076
83 9.14532 0.0347875
84 9.20633 0.0354848
85 9.25973 0.0362457
86 9.29988 0.0357747
87 9.35553 0.0354488
88 9.3987 0.034998
89 9.45829 0.0356117
90 9.49308 0.0356426
91 9.54796 0.0350567
92 9.60393 0.0359001
93 9.65028 0.0366281
94 9.70327 0.0375312
95 9.76445 0.037167
96 9.81785 0.0370028
97 9.86637 0.0375433
98 9.91643 0.0376764
99 9.96109 0.037783
100 10.0089 0.0383502
