0 -0.766875 0.00333572
1 -0.76741 0.00340422
2 -0.767016 0.00376482
3 -0.767347 0.0036259
4 -0.768006 0.00355826
5 -0.76727 0.00331845
6 -0.767631 0.00328352
7 -0.768317 0.00332954
8 -0.768677 0.00356717
9 -0.769032 0.00376768
10 -0.769123 0.00415032
11 -0.769556 0.0039477
12 -0.769982 0.00367028
13 -0.769829 0.00375235
14 -0.770997 0.00385843
15 -0.771068 0.00373283
16 -0.77102 0.0032743
17 -0.771161 0.00325877
18 -0.771268 0.00313592
19 -0.771261 0.00307278
20 -0.771695 0.00304532
21 -0.771183 0.00326988
22 -0.771538 0.00318307
23 -0.771861 0.00349301
24 -0.77257 0.0034468
25 -0.772968 0.00342346
26 -0.773153 0.00322791
27 -0.773506 0.00326971
28 -0.773473 0.00303959
29 -0.773734 0.00298775
30 -0.773838 0.00330996
31 -0.774513 0.00331717
32 -0.774632 0.00345735
33 -0.774685 0.00358679
34 -0.775506 0.00346435
35 -0.775503 0.00372066
36 -0.774348 0.00365059
37 -0.773933 0.00380951
38 -0.774224 0.00371448
39 -0.773502 0.00384476
40 -0.774155 0.00374512
41 -0.775092 0.00357262
42 -0.775779 0.00336524
43 -0.776692 0.00324857
44 -0.777206 0.003396
45 -0.776516 0.0030639
46 -0.776111 0.00315884
47 -0.77807 0.00301598
48 -0.777922 0.00297416
49 -0.778053 0.00277017
50 -0.778155 0.0028202
51 -0.778288 0.00260807
52 -0.778229 0.00252807
53 -0.777368 0.00269337
54 -0.776723 0.0025884
55 -0.777094 0.00266647
56 -0.777334 0.00275594
57 -0.776961 0.00268651
58 -0.777021 0.00262123
59 -0.77664 0.00264322
60 -0.777372 0.00245068
61 -0.777886 0.00232993
62 -0.778074 0.00243358
63 -0.777426 0.00237377
64 -0.777376 0.00256672
65 -0.777868 0.00238748
66 -0.778453 0.00226097
67 -0.778804 0.00225121
68 -0.778665 0.00226312
69 -0.778389 0.00218631
70 -0.778354 0.00217207
71 -0.778216 0.00215164
72 -0.779221 0.00255356
73 -0.779718 0.00249218
74 -0.778921 0.00232521
75 -0.77856 0.00242165
76 -0.77867 0.00256944
77 -0.777647 0.00266969
78 -0.777801 0.00274437
79 -0.777925 0.00269725
80 -0.77847 0.00267122
81 -0.778542 0.00270496
82 -0.777748 0.00289994
83 -0.777724 0.00300907
84 -0.777624 0.00320535
85 -0.777915 0.00322327
86 -0.777063 0.00304601
87 -0.77675 0.00268134
88 -0.776736 0.00258382
89 -0.776693 0.00250297
90 -0.776073 0.00238705
91 -0.775858 0.00267838
92 -0.775312 0.00255501
93 -0.775196 0.00268838
94 -0.775144 0.00266067
95 -0.775325 0.0027144
96 -0.775368 0.00287193
97 -0.775626 0.00265969
98 -0.775883 0.00282102
99 -0.776117 0.00274941
100 -0.77699 0.00289249
101 -0.777318 0.00289511
102 -0.7771 0.00286562
103 -0.777355 0.00272107
104 -0.776608 0.00268766
105 -0.776605 0.00249236
106 -0.776633 0.00260053
107 -0.776277 0.00257167
108 -0.773939 0.00257943
109 -0.774441 0.00291699
110 -0.775191 0.00281411
111 -0.774198 0.00294279
112 -0.775557 0.00278582
113 -0.775397 0.00287078
114 -0.775432 0.0030259
115 -0.775762 0.00307426
116 -0.776001 0.00291068
117 -0.775939 0.00302003
118 -0.775731 0.00313951
119 -0.775602 0.00311101
120 -0.77609 0.00294075
121 -0.776623 0.00276539
122 -0.77525 0.00286181
123 -0.775857 0.00291627
124 -0.77625 0.00294767
125 -0.77578 0.00313562
126 -0.775576 0.00320363
127 -0.77465 0.00313871
128 -0.774578 0.00301325
129 -0.774978 0.00278842
130 -0.776837 0.00266201
131 -0.777174 0.00277203
132 -0.778275 0.00275231
133 -0.778527 0.00279713
134 -0.778441 0.00268466
135 -0.778223 0.00270563
136 -0.779168 0.00273992
137 -0.779315 0.00265758
138 -0.779057 0.00253207
139 -0.779513 0.00262557
140 -0.78066 0.00273284
141 -0.781211 0.00264521
142 -0.781314 0.00277277
143 -0.78153 0.00274441
144 -0.782068 0.00282112
145 -0.782292 0.00273667
146 -0.781934 0.00267415
147 -0.782076 0.00285727
148 -0.781876 0.00287149
149 -0.781625 0.00306932
150 -0.781696 0.00306649
151 -0.781544 0.00290573
152 -0.780831 0.00277348
153 -0.780501 0.00285114
154 -0.780084 0.00297246
155 -0.779645 0.00293576
156 -0.779438 0.0028757
157 -0.779637 0.00282476
158 -0.778759 0.00297032
159 -0.778531 0.00288901
160 -0.778399 0.00294815
161 -0.777711 0.00295302
162 -0.778046 0.00298361
163 -0.778502 0.00309718
164 -0.778533 0.00314857
165 -0.77844 0.00322817
166 -0.778779 0.00306526
167 -0.778964 0.00305836
168 -0.778507 0.00321531
169 -0.778266 0.00303317
170 -0.77855 0.00312384
171 -0.77837 0.00329158
172 -0.778632 0.00338248
173 -0.777548 0.00343382
174 -0.777421 0.00351214
175 -0.777276 0.00347983
176 -0.777439 0.00346461
177 -0.777892 0.00344013
178 -0.778143 0.00349424
179 -0.778595 0.00354679
180 -0.779411 0.00333016
181 -0.778738 0.00347764
182 -0.778743 0.00343677
183 -0.778251 0.00344055
184 -0.778285 0.00350776
185 -0.777698 0.00333349
186 -0.777479 0.0031194
187 -0.777119 0.00310227
188 -0.777198 0.00312846
189 -0.776974 0.00315708
190 -0.776319 0.00315957
191 -0.776826 0.00310597
192 -0.776733 0.00315183
193 -0.776667 0.00329794
194 -0.777191 0.00351363
195 -0.777131 0.00350842
196 -0.77774 0.00346437
197 -0.776732 0.00356172
198 -0.77629 0.00378578
199 -0.776105 0.00368921
200 -0.776997 0.0039183
201 -0.777534 0.00383369
202 -0.777537 0.00358756
203 -0.778146 0.00349591
204 -0.77794 0.00350315
205 -0.776729 0.0032394
206 -0.776313 0.00343606
207 -0.77574 0.0036515
208 -0.774997 0.00382059
209 -0.774944 0.00360038
210 -0.774668 0.00366719
211 -0.773818 0.0037679
212 -0.773878 0.00356357
213 -0.774175 0.00335327
214 -0.774307 0.00344557
215 -0.774467 0.00331237
216 -0.775205 0.0033903
217 -0.774886 0.00331306
218 -0.775089 0.00325629
219 -0.77539 0.00325251
220 -0.774627 0.0032581
221 -0.774405 0.00342453
222 -0.77534 0.00328074
223 -0.77678 0.003071
224 -0.776272 0.00303335
225 -0.776637 0.00317701
226 -0.776353 0.00280291
227 -0.775995 0.00282413
228 -0.775826 0.00267501
229 -0.775312 0.00264507
230 -0.775263 0.00253516
231 -0.775453 0.00259753
232 -0.775376 0.00275069
233 -0.776044 0.00267756
234 -0.776003 0.00292882
235 -0.776045 0.00284361
236 -0.777101 0.00264183
237 -0.775807 0.00266452
238 -0.776363 0.00276854
239 -0.775846 0.00292715
240 -0.776158 0.00304477
241 -0.775765 0.00311004
242 -0.775174 0.00314591
243 -0.774673 0.00305543
244 -0.775398 0.00314758
245 -0.775994 0.00323852
246 -0.77598 0.00307025
247 -0.776366 0.00305467
248 -0.775373 0.00307856
249 -0.775695 0.00312387
250 -0.776283 0.0031185
251 -0.776109 0.00314283
252 -0.775477 0.00313166
253 -0.775826 0.00335741
254 -0.776019 0.00338432
255 -0.775983 0.00321183
256 -0.775092 0.0031183
257 -0.775652 0.00289438
258 -0.776045 0.002617
259 -0.776943 0.00260314
260 -0.776865 0.0027083
261 -0.776547 0.00271115
262 -0.776008 0.00288883
263 -0.775922 0.00317296
264 -0.776494 0.00332918
265 -0.778151 0.00323694
266 -0.779096 0.00341399
267 -0.779292 0.00340929
268 -0.778469 0.00337798
269 -0.778401 0.00325636
270 -0.77804 0.00338641
271 -0.778223 0.00350445
272 -0.778183 0.00355085
273 -0.777884 0.00353899
274 -0.777576 0.00346239
275 -0.776825 0.0034411
276 -0.777419 0.00350858
277 -0.776766 0.0034911
278 -0.777337 0.00363
279 -0.777913 0.00352457
280 -0.778354 0.00353211
281 -0.777438 0.00354
282 -0.776645 0.0035222
283 -0.776523 0.00344464
284 -0.775784 0.00327468
285 -0.776454 0.00333004
286 -0.776891 0.00338818
287 -0.775973 0.0032468
288 -0.773345 0.00334087
289 -0.773383 0.0033138
290 -0.772448 0.00333914
291 -0.772847 0.00325184
292 -0.772681 0.00330475
293 -0.771597 0.0034812
294 -0.770701 0.00317756
295 -0.77076 0.00326772
296 -0.770645 0.00317743
297 -0.769911 0.00301254
298 -0.770781 0.00303281
299 -0.769813 0.00318783
