0.105617   -0.0211553   -0.0376018
0.00140812   0.243159   0.134351
0.0572634   -0.17052   0.254178
-0.216334   0.0954939   -0.268665
0.147248   -0.131102   0.329658
-0.180446   -0.24126   0.243773
0.151035   -0.347823   0.154894
-0.166023   0.0715938   -0.183996
-0.172295   0.249698   -0.406883
-0.392463   0.104111   -0.285785
0.455916   -0.452436   0.186542
-0.29483   0.278773   -0.259053
-0.368283   0.270935   0.145461
-0.293183   -0.153539   -0.249091
-0.162826   0.309813   -0.347097
0.367302   0.478777   0.299974
-0.46313   0.0656452   -0.245679
-0.0891209   -0.0636445   -0.370145
0.199429   0.281569   -0.213533
-0.232402   -0.332075   0.133827
0.314203   -0.0346877   0.0589122
-0.0226101   -0.205725   0.201236
-0.20748   0.0455851   0.437639
-0.452656   -0.186808   0.177147
-0.38002   -0.464369   -0.346326
0.414905   0.201663   0.0724105
-0.0191411   -0.283567   0.152726
-0.318143   0.355917   -0.251195
0.465558   0.299345   -0.415099
0.0996324   0.134082   -0.215901
-0.42193   0.177346   0.129931
0.0119606   0.239501   0.235424
-0.460905   0.469639   -0.193893
-0.0317861   0.328308   0.250837
-0.018287   -0.141703   -0.458707
-0.388479   -0.0658672   0.292509
-0.481456   -0.0852907   0.195486
0.48544   0.240149   0.351921
0.177727   -0.387059   -0.158552
0.404767   -0.152521   -0.478332
-0.445993   -0.0697517   0.0742681
0.118958   -0.275771   0.144008
-0.10236   -0.0122119   0.441967
-0.322894   -0.496191   0.0731025
0.215816   0.12023   0.358804
-0.416655   -0.495904   -0.266003
-0.361726   0.134883   -0.369169
0.20739   0.436748   0.053233
-0.0721488   0.376246   0.302192
-0.255342   0.320955   -0.391195
0.214593   -0.186933   0.366007
0.484487   0.149117   0.277551
-0.253862   -0.157717   0.338417
0.267935   0.0505729   0.399531
-0.038826   -0.048093   0.0130583
-0.386195   0.337151   0.450328
0.116009   -0.454947   0.212747
0.194632   0.303496   -0.135963
-0.400437   0.0469219   0.019422
0.115178   -0.344592   -0.365061
-0.453974   0.353466   -0.435126
0.314572   0.371957   -0.440202
0.302688   0.106541   0.226427
-0.0727132   0.255857   0.293848
0.495295   -0.294585   0.240725
0.0686183   0.471706   -0.205528
0.275305   0.0645924   -0.275446
-0.172928   0.320584   -0.489999
0.0670117   0.0722394   -0.483046
-0.270066   0.231802   0.0194305
0.441227   -0.342311   0.354482
-0.161607   0.238367   0.12822
-0.424625   -0.271282   -0.259709
-0.339267   -0.341089   -0.447697
0.343952   -0.260617   0.0313834
0.30791   0.320611   0.361636
-0.21773   0.265282   0.459697
-0.373703   0.285283   -0.213989
-0.381712   0.378653   -0.308176
0.165609   0.2753   -0.294738
-0.061983   0.133686   0.194877
0.227025   -0.351983   -0.274606
-0.0329746   0.339495   -0.470616
0.0323969   -0.285458   0.0899952
-0.211322   0.377788   0.246652
-0.262046   0.420976   -0.323074
0.00317135   -0.480452   -0.234388
0.194201   -0.350674   0.403637
0.274605   -0.432782   0.00579315
0.364566   -0.0938721   -0.00800641
0.049107   -0.303671   0.216488
0.320824   -0.220167   0.48164
0.169   -0.254732   0.399626
0.41474   0.140056   0.379813
-0.348779   0.27587   -0.381123
0.189378   0.351883   0.443952
0.103757   0.214056   0.248462
-0.244134   0.354492   -0.263576
0.358353   0.414052   0.487086
0.311873   -0.0450794   0.391666
-0.48048   0.146513   -0.0192977
-0.186626   -0.130135   -0.415471
-0.377433   -0.113533   0.167592
0.460693   -0.0699673   0.435887
-0.480187   0.373055   -0.291234
-0.18606   0.476592   0.290266
-0.321429   -0.35823   0.440976
0.494838   0.0598012   -0.164327
