0.105638   -0.0211383   -0.0375988
0.00146849   0.24312   0.134366
0.0573148   -0.170513   0.254255
-0.216286   0.0955098   -0.268645
0.14727   -0.131052   0.32964
-0.180459   -0.241232   0.243826
0.150981   -0.347808   0.154999
-0.16599   0.071577   -0.183994
-0.172336   0.249726   -0.406902
-0.39243   0.104091   -0.285845
0.455809   -0.45231   0.186455
-0.294782   0.278807   -0.259073
-0.368314   0.270935   0.145483
-0.293273   -0.153499   -0.249095
-0.162834   0.309764   -0.347066
0.367284   0.478777   0.299949
-0.463175   0.0656651   -0.245696
-0.0890777   -0.0636461   -0.370212
0.199435   0.281521   -0.213582
-0.232397   -0.332074   0.133829
0.314182   -0.0347741   0.0588839
-0.0226406   -0.205713   0.201256
-0.207559   0.0455706   0.437669
-0.452679   -0.186894   0.177171
-0.380031   -0.464339   -0.346363
0.414833   0.201685   0.0724061
-0.0191383   -0.283581   0.152674
-0.31816   0.355864   -0.251182
0.465641   0.299361   -0.415082
0.0996578   0.134102   -0.215909
-0.421928   0.177309   0.129926
0.0119542   0.239447   0.235396
-0.460946   0.469676   -0.193929
-0.0317971   0.32832   0.250858
-0.0182618   -0.141751   -0.458699
-0.388489   -0.0657856   0.292501
-0.481425   -0.0852929   0.195477
0.485438   0.240151   0.351913
0.177755   -0.387009   -0.158549
0.404839   -0.152503   -0.47831
-0.446025   -0.0698079   0.0743225
0.119053   -0.275788   0.143971
-0.102281   -0.0122772   0.442011
-0.32284   -0.496149   0.0730788
0.215784   0.120167   0.358783
-0.416717   -0.495924   -0.266001
-0.361634   0.13489   -0.369162
0.207397   0.436805   0.0532973
-0.0721472   0.376216   0.302221
-0.255329   0.320931   -0.391226
0.214593   -0.186866   0.366016
0.484481   0.149114   0.27751
-0.253812   -0.157698   0.338371
0.267891   0.0505814   0.399544
-0.0388448   -0.0481821   0.0130934
-0.386181   0.337195   0.450344
0.116019   -0.454957   0.212718
0.194645   0.303531   -0.135974
-0.400416   0.0468778   0.0194102
0.115142   -0.344561   -0.364984
-0.453996   0.353558   -0.435119
0.314446   0.37198   -0.440192
0.302647   0.106603   0.22646
-0.0726565   0.255811   0.293842
0.495313   -0.294589   0.240727
0.068581   0.471676   -0.205496
0.275235   0.064583   -0.275379
-0.172913   0.320533   -0.489948
0.0669008   0.072226   -0.483068
-0.270031   0.231775   0.0194169
0.441271   -0.342351   0.354402
-0.161593   0.23836   0.128266
-0.424624   -0.271246   -0.259722
-0.339162   -0.34108   -0.447721
0.343974   -0.260596   0.031351
0.307984   0.320621   0.361552
-0.217722   0.265295   0.459645
-0.373737   0.28527   -0.213995
-0.381707   0.378653   -0.308094
0.165672   0.275312   -0.294744
-0.061966   0.133702   0.194853
0.226995   -0.352013   -0.274654
-0.0330334   0.339448   -0.470607
0.0323581   -0.285394   0.0900225
-0.211368   0.377797   0.246564
-0.262075   0.420947   -0.323073
0.00312615   -0.480477   -0.234422
0.194231   -0.350621   0.403655
0.27465   -0.432783   0.00583373
0.364602   -0.0938395   -0.00802344
0.0490712   -0.303705   0.216483
0.320857   -0.220197   0.481663
0.168943   -0.254809   0.399678
0.414724   0.14007   0.379907
-0.348813   0.275821   -0.381166
0.189362   0.351959   0.443976
0.103636   0.214092   0.248543
-0.244047   0.354535   -0.263509
0.35838   0.414059   0.487085
0.311818   -0.0451611   0.391718
-0.480525   0.146497   -0.0193357
-0.186575   -0.130134   -0.41549
-0.377434   -0.113561   0.167475
0.460749   -0.0699783   0.435863
-0.480126   0.373009   -0.291249
-0.18608   0.476643   0.290218
-0.321413   -0.358211   0.440995
0.49487   0.0598595   -0.164291
