1.19906
1.19816
1.19771
1.19798
1.19901
1.20054
1.20211
1.20326
1.20368
1.2033
1.20238
1.20142
1.201
1.20161
1.20339
1.20609
1.20921
1.21218
1.21454
1.21598
1.21636
1.21562
1.21376
1.21078
1.20672
1.20167
1.19579
1.18946
1.18331
1.17827
1.17542
1.17562
1.17912
1.18531
1.19295
1.20059
1.20701
1.21138
1.21326
1.21256
1.20951
1.20468
1.19897
1.19351
1.1894
1.1874
1.18763
1.1897
1.19284
1.19623
1.19922
1.20147
1.20296
1.20392
1.20466
1.20549
1.20659
1.20807
1.20997
1.21231
1.21509
1.21818
1.22138
1.22444
1.22712
1.22926
1.23079
1.2317
1.23206
1.23194
1.23143
1.2306
1.22953
1.22829
1.22692
1.22547
1.22399
1.22249
1.22101
1.21953
1.21804
1.21651
1.21489
1.21311
1.21113
1.20892
1.20652
1.20405
1.20173
1.19985
1.19868
1.19841
1.19903
1.20038
1.20212
1.20389
1.20537
1.20631
1.20661
1.20622
1.20517
1.20356
1.20148
1.19907
1.19645
1.19377
1.1912
1.18889
1.18701
1.1857
1.18505
1.18512
1.1859
1.18737
1.18948
1.19215
1.19527
1.19867
1.20218
1.20561
1.20876
1.21146
1.2136
1.21508
1.21587
1.21596
1.21537
1.21415
1.21236
1.21004
1.20728
1.20414
1.20076
1.19733
1.19415
1.1915
1.18968
1.18882
1.18885
1.18956
1.19064
1.19181
1.19287
1.19372
1.19435
1.19476
1.19499
1.19505
1.19492
1.19453
1.19385
1.19279
1.19134
1.18946
1.1872
1.18463
1.18183
1.17893
1.17601
1.17319
1.17054
1.16818
1.16626
1.165
1.16459
1.16515
1.16664
1.1688
1.17121
1.1734
1.17509
1.17619
1.17687
1.17742
1.17805
1.1788
1.17953
1.18
1.18
1.17948
1.17855
1.17747
1.17649
1.17578
1.17533
1.17495
1.17438
1.17341
1.17197
1.17028
1.16873
1.16783
1.16798
1.16933
1.17175
1.17487
1.17826
1.18157
1.18454
1.18708
1.18914
1.19076
1.19198
1.19286
1.19344
1.19373
1.19368
1.19314
1.19177
1.18903
1.18406
1.17585
1.16369
1.14838
1.13362
1.12549
1.12809
1.13933
1.15302
1.16395
1.17002
1.17121
1.1683
1.16238
1.15483
1.14743
1.14208
1.14002
1.14122
1.14455
1.14851
1.15206
1.15482
1.15693
1.15871
1.16049
1.16242
1.16449
1.16657
1.16848
1.17005
1.17118
1.17179
1.17187
1.17146
1.17061
1.16939
1.1679
1.16621
1.16439
1.16249
1.16055
1.15854
1.15647
1.15437
1.15233
1.15051
1.14911
1.14831
1.14819
1.14873
1.14979
1.15118
1.15271
1.15427
1.15575
1.15711
1.15832
1.15936
1.16023
1.16096
1.16157
1.16213
1.16271
1.16337
1.16412
1.165
1.16596
1.16696
1.16794
1.16884
1.16961
1.17019
1.17057
1.17072
1.17063
1.17032
1.16977
1.16899
1.168
1.16679
1.1654
1.16384
1.16217
1.16046
1.15878
1.15724
1.15591
1.15486
1.15414
1.15375
1.15367
1.15384
1.15421
1.15473
1.15535
1.15608
1.15693
1.15796
1.15923
1.16078
1.16263
1.16472
1.16699
1.16933
1.17165
1.17385
1.1759
1.17775
1.1794
1.18081
1.18196
1.1828
1.18327
1.18329
1.18279
1.18166
1.17983
1.1772
1.17373
1.16937
1.16421
1.1584
1.15229
1.14636
1.14124
1.13756
1.13581
1.13617
1.13848
1.14229
1.14702
1.1521
1.15706
1.16153
1.1653
1.16821
1.17019
1.17123
1.17135
1.17065
1.16924
1.16732
1.16513
1.16292
1.161
1.15961
1.1589
1.15891
1.15951
1.16048
1.16153
1.16241
1.16293
1.16303
1.16271
1.16205
1.16113
1.16005
1.15889
1.15774
1.15667
1.15565
1.15455
1.15317
1.15128
1.14879
1.14585
1.14281
1.14016
1.1383
1.13739
1.13732
1.13785
1.13877
1.14002
1.14167
1.14381
1.14647
1.14955
1.15285
1.15608
1.15896
1.16125
1.16278
1.16347
1.1633
1.16237
1.16083
1.1589
1.15688
1.15501
1.15354
1.15259
1.15219
1.15226
1.15267
1.15327
1.1539
1.15446
1.15486
1.15506
1.15506
1.15489
1.15458
1.15419
1.1538
1.15349
1.15329
1.15327
1.15343
1.15375
1.15418
1.15464
1.15499
1.1551
1.15479
1.15387
1.15213
1.14934
1.14529
1.13991
1.13337
1.12626
1.11968
1.11496
1.11315
1.1144
1.11789
1.12232
1.1265
1.12973
1.13178
1.13276
1.133
1.13287
1.13268
1.13264
1.13285
1.13332
1.13405
1.13511
1.1366
1.13861
1.14109
1.14388
1.14674
1.14937
1.15157
1.15318
1.15417
1.15456
1.15443
1.15392
1.15317
1.15233
1.15153
1.15087
1.15042
1.15017
1.15009
1.15011
1.15015
1.15013
1.15001
1.14976
1.1494
1.14895
1.14849
1.14806
1.14773
1.14756
1.14755
1.14772
1.14804
1.14846
1.14891
1.14932
1.14964
1.14984
1.14992
1.14996
1.15005
1.15032
1.1509
1.15184
1.15315
1.15474
1.15648
1.1582
1.15974
1.16095
1.16174
1.16204
1.16183
1.1611
1.15987
1.15821
1.1562
1.15396
1.15165
1.14946
1.14758
1.14619
1.14545
1.14544
1.14614
1.1475
1.14934
1.1515
1.15379
1.15611
1.15843
1.16078
1.16327
1.16598
1.16893
1.17201
1.17498
1.17753
1.17928
1.17991
1.17917
1.17706
1.17387
1.17027
1.16713
1.16518
1.16454
1.16463
1.16443
1.16308
1.16029
1.15654
1.15281
1.15016
1.14924
1.15008
1.1522
1.15488
1.15746
1.15945
1.16061
1.16086
1.16027
1.159
1.15724
1.15522
1.15312
1.15109
1.14926
1.14771
1.14651
1.14567
1.14521
1.14508
1.14524
1.14561
1.14611
1.14668
1.14729
1.14794
1.14866
1.14947
1.15039
1.15142
1.15251
1.15361
1.15465
1.15557
1.15631
1.15683
1.15711
1.15712
1.15687
1.15632
1.15547
1.15428
1.15273
1.1508
1.14844
1.14565
1.14241
1.13874
1.13468
1.1303
1.12574
1.12117
1.1168
1.1129
1.10975
1.1076
1.1066
1.1068
1.10808
1.11021
1.11288
1.11577
1.1186
1.1212
1.12346
1.12535
1.12689
1.12812
1.12908
1.12984
1.13041
1.13082
1.1311
1.13123
1.13124
1.13112
1.13089
1.13053
1.13008
1.12954
1.12894
1.12831
1.12768
1.1271
1.12661
1.12624
1.12602
1.12596
1.12606
1.12629
1.12663
1.12704
1.12749
1.12794
1.12839
1.12882
1.12926
1.12973
1.13027
1.13093
1.13173
1.13269
1.13382
1.13506
1.13637
1.13765
1.1388
1.13972
1.14031
1.14051
1.14031
1.13975
1.13895
1.13804
1.13718
1.13646
1.13584
1.1352
1.13433
1.13307
1.1314
1.12949
1.12769
1.12647
1.12624
1.1273
1.12966
1.13318
1.13752
1.14228
1.14707
1.15156
1.1555
1.15876
1.16128
1.16305
1.16412
1.16451
1.16426
1.16338
1.16185
1.15966
1.15674
1.15305
1.14858
1.14338
1.13762
1.13166
1.12602
1.1214
1.11845
1.11765
1.11906
1.12233
1.12684
1.13187
1.13681
1.1412
1.14479
1.14747
1.1492
1.15005
1.15009
1.14942
1.14818
1.14653
1.14465
1.14274
1.14102
1.13966
1.13877
1.1384
1.13848
1.1389
1.13954
1.14026
1.14097
1.14161
1.14215
1.14257
1.14288
1.14307
1.14317
1.14316
1.14305
1.14284
1.14254
1.14214
1.14165
1.1411
1.14049
1.13986
1.13923
1.13862
1.13808
1.13761
1.13725
1.137
1.13686
1.13683
1.13688
1.137
1.13717
1.13736
1.13756
1.13773
1.13788
1.13799
1.13806
1.13808
1.13805
1.13798
1.13785
1.13769
1.13748
1.13723
1.13694
1.13663
1.13629
1.13593
1.13555
1.13517
1.13478
1.13439
1.13401
1.13364
1.13327
1.13291
1.13256
1.13221
1.13185
1.13145
1.131
1.13044
1.12969
1.12867
1.12726
1.12535
1.12286
1.1198
1.11635
1.11293
1.11018
1.10879
1.10926
1.11164
1.11548
1.12004
1.12459
1.12859
1.13177
1.13406
1.13554
1.13636
1.1367
1.13676
1.13669
1.13665
1.13673
1.137
1.13748
1.13815
1.13898
1.13991
1.14087
1.14182
1.1427
1.14349
1.14417
1.14473
1.14518
1.14551
1.14575
1.14591
1.14601
1.14606
1.14607
1.14604
1.14599
1.14588
1.14572
1.14546
1.14509
1.14456
1.14383
1.14286
1.14161
1.14006
1.1382
1.13605
1.13366
1.13116
1.12871
1.12651
1.12481
1.12379
1.12359
1.12424
1.12567
1.12771
1.13015
1.13279
1.13544
1.13796
1.14028
1.14234
1.14415
1.14574
1.14716
1.14847
1.14971
1.15094
1.15218
1.15346
1.15476
1.15608
1.15738
1.15865
1.15984
1.16093
1.16189
1.16269
1.1633
1.16368
1.1638
1.16361
1.16307
1.16212
1.16075
1.15896
1.1568
1.1544
1.15199
1.14985
1.14827
1.14753
1.14777
1.14899
1.15105
1.15371
1.15671
1.15978
1.16269
1.16528
1.1674
1.16895
1.16985
1.17005
1.16955
1.16837
1.16657
1.16428
1.16167
1.15897
1.15644
1.15431
1.15277
1.1519
1.1517
1.15207
1.15284
1.15382
1.1548
1.15558
1.15599
1.15591
1.15532
1.15431
1.15303
1.15173
1.15062
1.1498
1.14931
1.14911
1.14921
1.14972
1.1508
1.15262
1.15524
1.15861
1.16252
1.1667
1.17087
1.17479
1.17827
1.18119
1.1835
1.18518
1.18625
1.18674
1.18667
1.18611
1.1851
1.18372
1.1821
1.18037
1.17867
1.17712
1.17581
1.17475
1.17387
1.17308
1.17224
1.17122
1.16993
1.1683
1.16634
1.16405
1.16151
1.15879
1.156
1.15333
1.151
1.14937
1.14884
1.14972
1.1521
1.1557
1.15993
1.16411
1.16766
1.17022
1.17166
1.17204
1.17156
1.17046
1.16899
1.16738
1.16581
1.16441
1.16322
1.16225
1.16144
1.16072
1.16003
1.15934
1.15863
1.15795
1.15739
1.15706
1.15705
1.15744
1.15827
1.1595
1.16105
1.16281
1.16458
1.16618
1.16741
1.16811
1.16814
1.16745
1.16607
1.16416
1.16193
1.15972
1.1578
1.1564
1.15553
1.15505
1.1547
1.1542
1.15336
1.15214
1.15069
1.14927
1.14822
1.14779
1.14812
1.14912
1.15055
1.15209
1.15343
1.15437
1.15479
1.15472
1.15422
1.15343
1.1525
1.15158
1.15081
1.15028
1.15004
1.15006
1.15024
1.15039
1.15024
1.14944
1.14762
1.14446
1.13976
1.13369
1.12701
1.1211
1.11756
1.11743
1.12048
1.12545
1.13077
1.13527
1.13846
1.14032
1.1411
1.1411
1.1406
1.13982
1.13892
1.13801
1.13717
1.13643
1.13585
1.13542
1.13514
1.135
1.13495
1.13495
1.13497
1.13496
1.13489
1.13477
1.13457
1.13432
1.13401
1.13365
1.13324
1.13277
1.13222
1.13155
1.13072
1.1297
1.12847
1.12705
1.12552
1.124
1.12268
1.12174
1.12129
1.12133
1.12164
1.12181
1.12124
1.11922
1.11511
1.10861
1.10038
1.09243
1.08783
1.08898
1.09574
1.10558
1.11548
1.12358
1.12936
1.13319
1.13567
1.13743
1.13887
1.14022
1.1415
1.14264
1.14352
1.14402
1.14408
1.14367
1.14285
1.14171
1.14038
1.139
1.13772
1.13666
1.1359
1.1355
1.13547
1.13577
1.13634
1.13707
1.13785
1.13857
1.1391
1.13938
1.13935
1.13901
1.1384
1.13757
1.13663
1.13567
1.1348
1.13412
1.13372
1.13364
1.13393
1.13455
1.13546
1.1366
1.1379
1.13929
1.1407
1.14211
1.14348
1.1448
1.14604
1.14721
1.1483
1.14931
1.15022
1.15106
1.15184
1.15258
1.15331
1.15402
1.15469
1.15527
1.15568
1.15584
1.15567
1.15513
1.15427
1.15322
1.15221
1.1515
1.15131
1.15177
1.15282
1.15427
1.15584
1.15725
1.15827
1.15875
1.15863
1.15789
1.15657
1.15474
1.15247
1.14988
1.14714
1.14443
1.14196
1.13993
1.1385
1.13775
1.13765
1.13808
1.13887
1.13982
1.14074
1.14146
1.1419
1.14198
1.14167
1.14097
1.13991
1.13853
1.13691
1.1352
1.13363
1.1325
1.13214
1.13277
1.13439
1.13674
1.13938
1.14179
1.14352
1.14431
1.14414
1.14326
1.14213
1.14131
1.14128
1.14227
1.14415
1.14651
1.14888
1.15083
1.15212
1.15265
1.15249
1.15177
1.15064
1.14929
1.14785
1.14641
1.14498
1.14354
1.14201
1.14034
1.1385
1.13657
1.13469
1.13309
1.13199
1.13155
1.13178
1.13255
1.13362
1.13468
1.13542
1.1356
1.13497
1.13336
1.13059
1.12657
1.12137
1.11538
1.10944
1.10485
1.10296
1.10459
1.10955
1.11682
1.12506
1.13315
1.14037
1.14644
1.15129
1.15502
1.15776
1.15965
1.16079
1.16127
1.1611
1.16026
1.15868
1.15629
1.15302
1.14892
1.14422
1.13943
1.13532
1.13269
1.13211
1.13358
1.13657
1.14022
1.14373
1.14655
1.14844
1.14933
1.1493
1.14847
1.147
1.14501
1.14266
1.1401
1.13751
1.13507
1.13302
1.13159
1.13099
1.13134
1.13268
1.1349
1.13781
1.14116
1.14468
1.14813
1.15129
1.15403
1.15623
1.15786
1.1589
1.15943
1.15954
1.15943
1.15932
1.15943
1.15997
1.16104
1.16265
1.16466
1.1669
1.16912
1.17114
1.17279
1.17393
1.17447
1.17434
1.17347
1.17183
1.16941
1.16628
1.16258
1.15859
1.15469
1.15135
1.14897
1.14785
1.14801
1.14928
1.1513
1.15368
1.15611
1.15839
1.16048
1.16244
1.16436
1.16633
1.16841
1.17058
1.17276
1.17484
1.17671
1.17826
1.17942
1.18015
1.18045
1.18034
1.17989
1.17919
1.17834
1.17745
1.17663
1.17597
1.17551
1.17528
1.17527
1.17544
1.17572
1.17607
1.17644
1.17677
1.17706
1.17727
1.17742
1.17748
1.17748
1.17741
1.17726
1.17705
1.17676
1.17638
1.17589
1.17528
1.17452
1.1736
1.17249
1.1712
1.16974
1.16812
1.16643
1.16475
1.16321
1.16192
1.16101
1.16054
1.16053
1.16092
1.16167
1.16269
1.16396
1.16546
1.16716
1.16903
1.17101
1.173
1.17486
1.1765
1.17781
1.17872
1.17921
1.17925
1.17887
1.17809
1.17696
1.17551
1.17376
1.17173
1.16943
1.16686
1.16406
1.16112
1.15825
1.15576
1.154
1.15322
1.15345
1.15441
1.15562
1.15653
1.1567
1.15596
1.15441
1.15245
1.15063
1.14953
1.14955
1.15075
1.15287
1.15546
1.15803
1.16019
1.16169
1.16247
1.16258
1.16222
1.16166
1.16126
1.16134
1.16215
1.16376
1.16607
1.16882
1.17174
1.17455
1.17704
1.17908
1.18061
1.18159
1.18199
1.1818
1.18097
1.17946
1.17722
1.1742
1.17041
1.16593
1.16095
1.15579
1.15089
1.14673
1.14373
1.14214
1.14196
1.14292
1.14454
1.14622
1.14736
1.14748
1.14632
1.14395
1.14082
1.13764
1.13524
1.13423
1.13489
1.13704
1.14022
1.14389
1.14755
1.15084
1.15352
1.15547
1.15664
1.15704
1.15674
1.15578
1.15427
1.15231
1.15004
1.1476
1.14519
1.143
1.14118
1.13985
1.13906
1.13878
1.1389
1.13928
1.13978
1.14031
1.14077
1.14115
1.14142
1.14161
1.14173
1.14183
1.14191
1.14201
1.14217
1.14241
1.14276
1.14326
1.14394
1.14481
1.14588
1.14713
1.14855
1.15009
1.15171
1.15335
1.15497
1.15652
1.15795
1.15921
1.16027
1.16106
1.16154
1.16166
1.16137
1.16064
1.15943
1.15776
1.15564
1.15313
1.1503
1.14721
1.14391
1.14049
1.13707
1.13388
1.13131
1.12982
1.12984
1.13152
1.13467
1.13875
1.14308
1.14703
1.15013
1.15216
1.15315
1.15334
1.15314
1.15304
1.15352
1.15489
1.1572
1.16031
1.16391
1.1677
1.17142
1.17489
1.17799
1.18064
1.18273
1.18411
1.18465
1.18418
1.18256
1.17966
1.17544
1.16998
1.16352
1.15654
1.14973
1.14394
1.13991
1.13808
1.1384
1.14035
1.14324
1.14642
1.14949
1.15236
1.15514
1.15803
1.16113
1.16437
1.16757
1.17044
1.17275
1.17431
1.17504
1.17492
1.17401
1.17245
1.17047
1.1684
1.16662
1.16549
1.16524
1.16593
1.16743
1.16945
1.17162
1.17357
1.17499
1.17566
1.17544
1.17427
1.17219
1.16932
1.16584
1.16202
1.1582
1.15467
1.1517
1.14939
1.14776
1.14668
1.14603
1.14573
1.14576
1.14614
1.14682
1.14767
1.14846
1.14898
1.14908
1.14874
1.14808
1.1473
1.14668
1.14645
1.1468
1.1478
1.14941
1.1515
1.15386
1.15626
1.15849
1.1604
1.16189
1.16291
1.16347
1.16361
1.1634
1.16291
1.16222
1.1614
1.1605
1.15958
1.15865
1.1577
1.15674
1.15574
1.15468
1.15356
1.15239
1.15122
1.15011
1.14912
1.14834
1.1478
1.14751
1.14744
1.14755
1.14777
1.14802
1.14827
1.14851
1.14875
1.14901
1.14934
1.14976
1.15031
1.15099
1.15178
1.15263
1.15349
1.15427
1.15485
1.1551
1.15487
1.15399
1.1523
1.14966
1.14602
1.14147
1.13636
1.1313
1.1271
1.12459
1.12427
1.12613
1.12966
1.13411
1.13872
1.14291
1.14631
1.14875
1.15016
1.15059
1.15011
1.14888
1.14703
1.14476
1.14225
1.13973
1.13741
1.13551
1.13424
1.13372
1.134
1.13499
1.13653
1.13838
1.14032
1.14216
1.14377
1.14507
1.14604
1.14669
1.14705
1.14715
1.14703
1.14673
1.14629
1.14573
1.1451
1.1444
1.14368
1.14295
1.14223
1.14153
1.14087
1.14024
1.13966
1.1391
1.13857
1.13803
1.13748
1.13689
1.13625
1.13554
1.13476
1.1339
1.13298
1.13201
1.13101
1.13001
1.12903
1.12812
1.12729
1.12657
1.12599
1.12554
1.12523
1.12506
1.12501
1.12508
1.12522
1.12542
1.12564
1.12586
1.12602
1.12611
1.12608
1.1259
1.12557
1.12507
1.12442
1.12366
1.12286
1.12211
1.12154
1.12125
1.12135
1.12187
1.12282
1.12413
1.12571
1.12742
1.12916
1.1308
1.1323
1.13362
1.13476
1.13575
1.13662
1.13743
1.13821
1.13902
1.13986
1.14073
1.14158
1.14235
1.14295
1.14328
1.14321
1.14263
1.14146
1.13962
1.1371
1.13393
1.13025
1.12632
1.12253
1.11939
1.11729
1.11641
1.1166
1.11744
1.11843
1.11906
1.11865
1.11633
1.11139
1.10411
1.09676
1.09298
1.0952
1.10222
1.11026
1.11601
1.11825
1.11759
1.11554
1.11373
1.11344
1.11533
1.11943
1.12523
1.13195
1.13881
1.14516
1.15057
1.15485
1.15794
1.15994
1.16099
1.16126
1.16094
1.16021
1.15922
1.15808
1.15688
1.15565
1.15441
1.15314
1.15182
1.15045
1.14902
1.14759
1.1462
1.14496
1.14397
1.14332
1.14308
1.14324
1.14376
1.14455
1.14546
1.14638
1.14717
1.14775
1.14804
1.14801
1.14764
1.14696
1.14601
1.14485
1.14356
1.14221
1.14089
1.13964
1.13851
1.1375
1.1366
1.13578
1.135
1.13423
1.13347
1.13271
1.13196
1.13123
1.13053
1.12984
1.12914
1.1284
1.12758
1.12668
1.12571
1.12474
1.1239
1.12334
1.12319
1.12353
1.1243
1.12533
1.12635
1.12709
1.12735
1.12707
1.12638
1.12557
1.12503
1.12513
1.12603
1.12761
1.12952
1.1313
1.13254
1.13294
1.13238
1.1309
1.12867
1.12596
1.12309
1.12038
1.1181
1.11645
1.11548
1.11515
1.11532
1.11582
1.11652
1.11732
1.11822
1.11925
1.1205
1.12201
1.12375
1.12567
1.12765
1.12955
1.13126
1.13271
1.13385
1.13469
1.13523
1.13552
1.13559
1.13549
1.13524
1.13489
1.13446
1.13395
1.13339
1.13278
1.13213
1.13142
1.13068
1.12989
1.12909
1.12828
1.12749
1.12677
1.12613
1.12562
1.12528
1.12512
1.12518
1.12544
1.12591
1.12658
1.12741
1.12838
1.12945
1.1306
1.13176
1.13291
1.13401
1.13501
1.13589
1.13662
1.13718
1.13756
1.13775
1.13776
1.13759
1.13728
1.13684
1.13633
1.13581
1.13534
1.13502
1.13493
1.13513
1.13566
1.13652
1.13764
1.13893
1.14025
1.14147
1.1425
1.14326
1.14373
1.14394
1.14396
1.1439
1.14385
1.14392
1.14415
1.14455
1.14509
1.14572
1.14636
1.14697
1.14751
1.14798
1.14842
1.14887
1.14939
1.15003
1.15081
1.15172
1.15274
1.15381
1.15488
1.15591
1.15686
1.15774
1.1586
1.15951
1.16056
1.16181
1.1633
1.16502
1.1669
1.16885
1.17073
1.17244
1.17388
1.17496
1.17567
1.17598
1.17591
1.17546
1.17461
1.17332
1.1715
1.16905
1.16589
1.16201
1.15758
1.15302
1.14901
1.14633
1.14564
1.14718
1.15061
1.15522
1.16014
1.16467
1.16836
1.17098
1.17242
1.17264
1.17163
1.16943
1.16619
1.16225
1.1582
1.15482
1.15289
1.15291
1.15489
1.15835
1.16258
1.16689
1.1708
1.17406
1.17665
1.17864
1.18017
1.18139
1.18245
1.18348
1.18457
1.18578
1.18712
1.1886
1.19018
1.19182
1.19345
1.195
1.19642
1.19763
1.1986
1.19926
1.19958
1.19952
1.19908
1.19825
1.19707
1.19562
1.19401
1.19242
1.19106
1.19012
1.18973
1.1899
1.19048
1.19121
1.19172
1.19169
1.1908
1.18892
1.18603
1.18231
1.1781
1.17382
1.1699
1.16664
1.16413
1.16233
1.1611
1.16028
1.15981
1.15967
1.15991
1.16064
1.162
1.16413
1.16713
1.17095
1.17529
1.17964
1.18336
1.18592
1.18711
1.18719
1.18681
1.1868
1.18776
1.18973
1.19218
1.19435
1.19555
1.19547
1.19414
1.19186
1.18906
1.18622
1.18373
1.18189
1.18087
1.18073
1.18145
1.18296
1.18513
1.18778
1.19069
1.19354
1.19598
1.19764
1.19814
1.19716
1.19453
1.19031
1.1849
1.17908
1.17391
1.17051
1.16964
1.17145
1.17537
1.18036
1.18522
1.18893
1.19086
1.19073
1.18859
1.18474
1.17973
1.17429
1.16928
1.16555
1.16378
1.16426
1.16689
1.17116
1.17636
1.18178
1.18684
1.19122
1.19476
1.19745
1.19935
1.20058
1.20123
1.20138
1.20112
1.20051
1.19959
1.19842
1.19707
1.19559
1.19409
1.19264
1.19134
1.19028
1.18952
1.18911
1.18904
1.1893
1.18984
1.19059
1.19148
1.19243
1.19336
1.19422
1.19497
1.19558
1.19603
1.19634
1.19654
1.19665
1.19672
1.19679
1.19688
1.19702
1.19718
1.19735
1.19744
1.1974
1.19714
1.1966
1.19571
1.19449
1.19297
1.19125
1.18945
1.18775
1.18632
1.18533
1.18493
1.18526
1.18641
1.1884
1.1912
1.1947
1.19873
1.20307
1.20744
1.21162
1.21536
1.21849
1.22091
1.22257
1.22347
1.22368
1.22335
1.22265
1.22183
1.22112
1.22072
1.22072
1.22111
1.22173
1.22238
1.22277
1.22268
1.22189
1.22028
1.21776
1.21431
1.20994
1.20475
1.19886
1.19248
1.18586
1.17925
1.17291
1.16709
1.16194
1.15761
1.15424
1.15195
1.15092
1.1513
1.15321
1.15668
1.16165
1.16798
1.17539
1.18342
1.19152
1.19908
1.20564
1.21088
1.21468
1.2171
1.21826
1.21834
1.21751
1.21596
1.21384
1.2113
1.20846
1.20543
1.2023
1.19916
1.19607
1.19306
1.19016
1.18738
1.18473
1.18219
1.17978
1.17747
1.17525
1.17312
1.17105
1.16901
1.16696
1.16489
1.16279
1.16069
1.15865
1.15677
1.15516
1.1539
1.15307
1.15266
1.15262
1.15287
1.15328
1.15375
1.15419
1.15452
1.15472
1.15478
1.15469
1.15448
1.15415
1.15375
1.15329
1.1528
1.1523
1.15182
1.15139
1.15103
1.15077
1.15063
1.15064
1.1508
1.15113
1.15162
1.15226
1.153
1.15382
1.15466
1.15545
1.15614
1.15666
1.15695
1.15694
1.15659
1.15587
1.15476
1.15327
1.15143
1.14928
1.14687
1.14426
1.14146
1.13849
1.13537
1.13216
1.12903
1.12623
1.12413
1.12303
1.12306
1.12394
1.12499
1.12526
1.12394
1.12087
1.11703
1.11442
1.11516
1.12011
1.12831
1.13789
1.14724
1.15557
1.16268
1.16868
1.17364
1.17763
1.18065
1.18273
1.18388
1.18417
1.18363
1.18233
1.18034
1.17774
1.17464
1.17122
1.16767
1.16427
1.16127
1.15894
1.15744
1.1568
1.15692
1.1576
1.15864
1.15989
1.1613
1.16285
1.16455
1.16635
1.16812
1.16973
1.17101
1.17184
1.17217
1.17196
1.17125
1.17012
1.16868
1.16708
1.16551
1.16418
1.16326
1.16287
1.16293
1.16325
1.16347
1.16318
1.16198
1.15962
1.15603
1.15142
1.14622
1.141
1.13629
1.13234
1.12916
1.12656
1.12447
1.12303
1.12263
1.12374
1.12666
1.13132
1.13725
1.14376
1.15012
1.15573
1.16025
1.16353
1.1656
1.16659
1.16665
1.16595
1.16466
1.16293
1.16089
1.15868
1.15642
1.15421
1.15217
1.15038
1.14889
1.14774
1.14691
1.14633
1.14593
1.14559
1.14522
1.14475
1.14415
1.14342
1.14262
1.14185
1.14122
1.14082
1.14072
1.1409
1.14135
1.14199
1.14277
1.14368
1.14473
1.146
1.14755
1.14945
1.1517
1.15428
1.1571
1.16003
1.16296
1.16577
1.16835
1.17062
1.17252
1.17398
1.17495
1.17536
1.17514
1.17424
1.17262
1.17029
1.16737
1.16411
1.16092
1.15828
1.15666
1.15632
1.15723
1.15904
1.16125
1.16333
1.16495
1.16601
1.16673
1.16752
1.16887
1.17113
1.17438
1.17836
1.18261
1.1866
1.18985
1.19205
1.19304
1.19278
1.19136
1.18888
1.18547
1.1812
1.1761
1.17029
1.16409
1.15833
1.15417
1.15275
1.1545
1.15886
1.16467
1.17077
1.17643
1.18134
1.18549
1.18898
1.19187
1.19421
1.19603
1.19739
1.19843
1.1994
1.20055
1.20212
1.20417
1.20657
1.20902
1.21117
1.21268
1.21331
1.21293
1.21154
1.20919
1.206
1.20215
1.19789
1.19355
1.18956
1.18637
1.18446
1.1841
1.18527
1.18755
1.1902
1.1924
1.19345
1.19296
1.19087
1.18749
1.18337
1.17922
1.17575
1.17344
1.17244
1.1726
1.17356
1.17489
1.17622
1.17727
1.1778
1.17765
1.17667
1.17477
1.17194
1.16828
1.164
1.15937
1.15481
1.1508
1.14781
1.14619
1.14605
1.14729
1.1497
1.15306
1.15724
1.16213
1.16751
1.17309
1.17848
1.18333
1.18739
1.19054
1.19276
1.19411
1.1947
1.19464
1.19402
1.19293
1.19144
1.18959
1.18743
1.185
1.18235
1.17957
1.17674
1.174
1.17146
1.16923
1.16736
1.16584
1.16458
1.16345
1.16232
1.16107
1.15963
1.15797
1.15613
1.15411
1.15195
1.14963
1.14714
1.14452
1.14193
1.13976
1.13855
1.13884
1.14089
1.14453
1.14914
1.15391
1.15814
1.16136
1.16335
1.16409
1.16369
1.16232
1.16023
1.15768
1.15498
1.15242
1.15025
1.14866
1.14775
1.14748
1.14777
1.14845
1.14938
1.1504
1.15139
1.15226
1.15296
1.15344
1.1537
1.15377
1.15371
1.15358
1.15348
1.1535
1.15372
1.15419
1.15496
1.156
1.15729
1.15875
1.16032
1.16192
1.16347
1.16489
1.16613
1.16712
1.16784
1.16824
1.16832
1.16805
1.16743
1.16644
1.16508
1.16336
1.16129
1.15893
1.15644
1.15407
1.15222
1.15134
1.15184
1.15383
1.15712
1.16116
1.16527
1.16882
1.17134
1.17251
1.17219
1.17034
1.16705
1.16251
1.15711
1.15139
1.14599
1.14158
1.13875
1.13801
1.13968
1.14366
1.14925
1.15519
1.16002
1.16244
1.16167
1.15769
1.15158
1.14562
1.14257
1.14416
1.14991
1.15759
1.1649
1.17048
1.17401
1.17578
1.17632
1.17611
1.17551
1.17478
1.17413
1.1737
1.17363
1.17403
1.17495
1.17636
1.17814
1.18009
1.18199
1.18361
1.18476
1.18529
1.18515
1.18434
1.18294
1.18107
1.17884
1.17636
1.17368
1.17084
1.16783
1.16465
1.16138
1.15812
1.1551
1.15259
1.15095
1.15048
1.15137
1.15359
1.15687
1.16077
1.16478
1.16844
1.17145
1.17362
1.17491
1.17538
1.17516
1.17443
1.17339
1.17226
1.17125
1.17051
1.17018
1.17031
1.17089
1.17184
1.17309
1.1745
1.17597
1.17739
1.17867
1.17974
1.18056
1.18108
1.18128
1.18116
1.1807
1.17991
1.17879
1.17737
1.17565
1.17368
1.17148
1.16909
1.16656
1.16397
1.16138
1.15889
1.15661
1.15467
1.15317
1.15225
1.15196
1.15234
1.15335
1.1549
1.15685
1.15904
1.16128
1.16341
1.1653
1.16683
1.16793
1.16852
1.16858
1.16806
1.16695
1.16525
1.16295
1.16007
1.15663
1.15266
1.14821
1.14337
1.13827
1.13314
1.12829
1.12414
1.12114
1.11966
1.11992
1.12191
1.12538
1.12997
1.13523
1.14072
1.14603
1.15086
1.15499
1.15832
1.16084
1.16259
1.16367
1.16417
1.16421
1.1639
1.16332
1.16255
1.16166
1.16072
1.15978
1.15888
1.15806
1.15735
1.15677
1.15635
1.15609
1.156
1.1561
1.15638
1.15683
1.15743
1.15813
1.15885
1.15952
1.16003
1.16029
1.16021
1.15974
1.15883
1.15749
1.15578
1.15379
1.15169
1.14966
1.14793
1.1467
1.14612
1.14629
1.1472
1.14874
1.15077
1.15306
1.15538
1.15752
1.15926
1.16042
1.16091
1.16071
1.15992
1.15882
1.15785
1.15752
1.15824
1.16021
1.16328
1.16706
1.17106
1.17483
1.17807
1.18065
1.18254
1.18378
1.18443
1.18458
1.18429
1.1836
1.18253
1.18109
1.17931
1.17719
1.17479
1.17218
1.16948
1.16686
1.16451
1.16264
1.1614
1.16094
1.1613
1.16243
1.16423
1.16654
1.1692
1.17204
1.17493
1.17777
1.18049
1.18306
1.18543
1.1876
1.18953
1.19118
1.19254
1.19355
1.19419
1.19443
1.19425
1.19361
1.19247
1.19078
1.18851
1.18565
1.18226
1.17856
1.1749
1.17178
1.16971
1.16905
1.16992
1.17214
1.17531
1.17897
1.18269
1.18612
1.18899
1.19113
1.19238
1.19263
1.19182
1.18998
1.18725
1.184
1.18078
1.17824
1.17688
1.17688
1.17798
1.17962
1.18122
1.18234
1.18277
1.1825
1.18167
1.18045
1.17905
1.17766
1.17641
1.17543
1.17478
1.17452
1.17463
1.17507
1.17575
1.17656
1.17739
1.17816
1.17885
1.17945
1.18002
1.18059
1.1812
1.18184
1.18246
1.18298
1.18324
1.18308
1.18235
1.1809
1.17871
1.1759
1.17286
1.17023
1.16873
1.16892
1.17087
1.17414
1.17796
1.18158
1.1845
1.18654
1.18779
1.18847
1.18883
1.18906
1.18924
1.18937
1.18945
1.18948
1.18957
1.18982
1.19033
1.19107
1.19191
1.19265
1.19314
1.19336
1.1934
1.19353
1.194
1.195
1.19657
1.19857
1.20076
1.20288
1.2047
1.20607
1.20694
1.2073
1.20721
1.20674
1.20599
1.20505
1.20406
1.20322
1.20279
1.20308
1.20438
1.20685
1.2104
1.21471
1.21932
1.22379
1.22774
1.23097
1.2334
1.23501
1.23588
1.23609
1.23571
1.23485
1.23358
1.23201
1.23022
1.22831
1.22638
1.22453
1.22287
1.2215
1.22053
1.22006
1.22015
1.22085
1.22213
1.22392
1.22609
1.22843
1.23072
1.23275
1.23429
1.23519
1.23533
1.23466
1.2332
1.23106
1.22841
1.22548
1.22255
1.21989
1.21778
1.21644
1.216
1.21648
1.21782
1.21984
1.22236
1.2252
1.22821
1.23128
1.23435
1.23733
1.24017
1.2428
1.24515
1.24716
1.24881
1.25006
1.25094
1.25145
1.25162
1.25149
1.25109
1.25046
1.24963
1.24863
1.2475
1.24627
1.24498
1.24365
1.24231
1.241
1.23974
1.23854
1.23743
1.23639
1.23544
1.23456
1.23374
1.23295
1.23215
1.23131
1.23039
1.22937
1.22824
1.22705
1.22589
1.2249
1.22424
1.22405
1.2244
1.22527
1.22652
1.22795
1.22937
1.23061
1.23156
1.23222
1.2326
1.23278
1.23286
1.2329
1.23291
1.23285
1.23256
1.23185
1.23054
1.22855
1.22593
1.223
1.2203
1.21845
1.21797
1.21899
1.22126
1.22424
1.22734
1.23009
1.23224
1.2337
1.23453
1.23482
1.23469
1.23423
1.23352
1.23257
1.23136
1.2298
1.22779
1.22519
1.22191
1.21791
1.21331
1.2084
1.20367
1.19979
1.19744
1.19706
1.19859
1.20151
1.20505
1.20843
1.21109
1.21273
1.21325
1.21275
1.21146
1.20975
1.20809
1.207
1.20692
1.20812
1.21051
1.21377
1.21739
1.22088
1.22386
1.22611
1.22754
1.22819
1.22813
1.2275
1.22644
1.22512
1.22367
1.22226
1.221
1.22
1.21931
1.21895
1.21889
1.21909
1.21946
1.21994
1.22046
1.22096
1.22138
1.2217
1.22189
1.22192
1.22178
1.22144
1.2209
1.22013
1.21913
1.21787
1.21636
1.21459
1.21258
1.21037
1.20801
1.20558
1.2032
1.201
1.19912
1.1977
1.19683
1.19653
1.19672
1.19724
1.19785
1.1983
1.1983
1.19767
1.19632
1.19434
1.19209
1.19011
1.18905
1.18944
1.19144
1.19482
1.199
1.20332
1.20722
1.21031
1.21237
1.2133
1.21302
1.21153
1.20887
1.20519
1.2009
1.19666
1.19326
1.19139
1.19129
1.19266
1.19479
1.19695
1.19861
1.1995
1.19955
1.19878
1.19725
1.19503
1.19225
1.18912
1.18601
1.18335
1.1816
1.18106
1.18177
1.18353
1.18594
1.18858
1.19114
1.19344
1.19542
1.19712
1.19863
1.20002
1.20134
1.20259
1.20375
1.20477
1.20558
1.20611
1.2063
1.20607
1.20536
1.20413
1.20232
1.19992
1.1969
1.19326
1.189
1.1841
1.17854
1.17231
1.16544
1.15816
1.15096
1.14467
1.14041
1.13928
1.14193
1.14814
1.1569
1.16687
1.17687
1.18611
1.19418
1.20094
1.2064
1.21064
1.2138
1.21602
1.21741
1.21807
1.21808
1.21746
1.21621
1.21427
1.21156
1.20796
1.20333
1.19748
1.19028
1.18169
1.17201
1.16209
1.15351
1.14822
1.14752
1.15119
1.15765
1.16498
1.17187
1.17783
1.18289
1.18726
1.19106
1.19431
1.19692
1.1988
1.19992
1.20032
1.20017
1.1997
1.1992
1.19894
1.19914
1.19989
1.20119
1.20292
1.2049
1.20697
1.20895
1.21071
1.21216
1.21321
1.21382
1.21393
1.21353
1.21263
1.21124
1.20942
1.20728
1.20493
1.20255
1.20032
1.19841
1.19698
1.1961
1.19577
1.19593
1.19646
1.19722
1.19804
1.19879
1.19932
1.19949
1.19918
1.19831
1.19684
1.19484
1.19251
1.19016
1.18812
1.18671
1.18598
1.18572
1.18538
1.18425
1.18168
1.17749
1.17235
1.16789
1.16609
1.16814
1.17354
1.18052
1.18717
1.19227
1.19544
1.19679
1.19665
1.19538
1.1933
1.19072
1.18793
1.18518
1.18269
1.18063
1.17913
1.17828
1.17815
1.17873
1.17989
1.18144
1.18312
1.18472
1.18612
1.18724
1.18807
1.18856
1.18865
1.18818
1.18697
1.18482
1.18157
1.17718
1.17181
1.16595
1.16036
1.15591
1.15324
1.15244
1.15308
1.15443
1.15586
1.15701
1.15779
1.15834
1.15884
1.15945
1.16026
1.16131
1.16256
1.16397
1.16549
1.16708
1.16872
1.17042
1.1722
1.17407
1.17605
1.17809
1.18014
1.18207
1.18376
1.18507
1.18589
1.18613
1.18575
1.18472
1.18307
1.18081
1.17797
1.17462
1.17089
1.16697
1.1632
1.15995
1.15755
1.15612
1.15553
1.1554
1.15521
1.15444
1.15274
1.14996
1.14628
1.14224
1.13865
1.13637
1.13593
1.13738
1.14022
1.14378
1.14741
1.15069
1.15342
1.15558
1.15725
1.15855
1.15961
1.16053
1.16137
1.16215
1.16286
1.16345
1.16389
1.1641
1.16404
1.16364
1.16285
1.16159
1.15986
1.15766
1.15507
1.15228
1.14956
1.14726
1.14573
1.14522
1.14578
1.14728
1.14944
1.15191
1.1544
1.1567
1.15868
1.16031
1.16157
1.16252
1.16318
1.16361
1.16386
1.16398
1.164
1.16396
1.16391
1.16386
1.16386
1.1639
1.16401
1.16419
1.16442
1.16469
1.16496
1.16518
1.16532
1.16532
1.1651
1.16461
1.16378
1.16256
1.16088
1.15875
1.1562
1.15334
1.15037
1.14757
1.14524
1.14366
1.14299
1.14323
1.14421
1.14569
1.1474
1.14914
1.15075
1.15214
1.15326
1.15408
1.15458
1.15475
1.15459
1.15415
1.15352
1.15288
1.15246
1.1525
1.15324
1.15478
1.15707
1.15992
1.16305
1.16617
1.16905
1.17152
1.17349
1.17495
1.17591
1.17641
1.1765
1.17621
1.17559
1.17469
1.17356
1.17227
1.17089
1.16953
1.16828
1.16724
1.1665
1.1661
1.16606
1.16634
1.1669
1.16765
1.16852
1.16946
1.17041
1.17134
1.17224
1.17309
1.17388
1.17463
1.17532
1.17596
1.17654
1.17706
1.17754
1.17797
1.17835
1.1787
1.17901
1.17929
1.17953
1.17974
1.17991
1.18005
1.18017
1.18026
1.18036
1.18048
1.18065
1.18089
1.18125
1.18173
1.18234
1.18307
1.18389
1.18474
1.18554
1.18619
1.18657
1.18657
1.18608
1.18503
1.18339
1.18127
1.17887
1.17655
1.17473
1.17384
1.17411
1.17554
1.17786
1.18069
1.18362
1.18632
1.18861
1.19041
1.19171
1.19259
1.19315
1.19356
1.19397
1.19455
1.19545
1.19675
1.19846
1.20052
1.2028
1.20516
1.20747
1.2096
1.21144
1.21293
1.21399
1.21457
1.21458
1.21397
1.21265
1.21053
1.20752
1.20357
1.19869
1.19299
1.18676
1.18047
1.17482
1.17063
1.1686
1.1691
1.17196
1.17655
1.18202
1.18757
1.19262
1.19688
1.20024
1.20273
1.20442
1.20542
1.20582
1.20567
1.20505
1.20398
1.20251
1.20066
1.19846
1.19597
1.1933
1.19062
1.18814
1.18612
1.18481
1.18434
1.18475
1.1859
1.18757
1.1895
1.19144
1.19324
1.19477
1.19599
1.19688
1.19748
1.19779
1.19787
1.19777
1.19756
1.19733
1.19717
1.19716
1.19739
1.19788
1.19863
1.19959
1.20067
1.20175
1.20271
1.20343
1.20381
1.20377
1.20326
1.20226
1.20078
1.19886
1.1966
1.19415
1.19171
1.18952
1.18783
1.18686
1.18674
1.18747
1.18894
1.19094
1.1932
1.19545
1.19746
1.19905
1.20013
1.20069
1.20081
1.20061
1.20024
1.19986
1.19956
1.19933
1.19909
1.19867
1.19793
1.1968
1.19536
1.19382
1.19251
1.19175
1.19169
1.19228
1.19323
1.19417
1.19478
1.19491
1.19459
1.19404
1.19353
1.19331
1.19348
1.19401
1.1947
1.19529
1.19552
1.19518
1.1942
1.19259
1.1905
1.18818
1.18594
1.1841
1.18287
1.18235
1.18249
1.18312
1.18401
1.18485
1.18533
1.18512
1.18396
1.18174
1.17855
1.17485
1.17137
1.16893
1.16808
1.16882
1.17062
1.17277
1.17471
1.17625
1.17745
1.17857
1.17983
1.18137
1.18326
1.18548
1.18797
1.19061
1.19327
1.19581
1.19813
1.20013
1.20178
1.2031
1.2041
1.20485
1.20538
1.20575
1.20599
1.20612
1.20615
1.20608
1.20589
1.20558
1.20512
1.2045
1.2037
1.20269
1.20144
1.19994
1.19819
1.19621
1.19411
1.19205
1.1903
1.18916
1.18893
1.18979
1.19172
1.19449
1.19765
1.20069
1.20314
1.20463
1.20492
1.20392
1.20159
1.19791
1.19276
1.1858
1.17636
1.16347
1.14634
1.12601
1.10757
1.09967
1.10773
1.12783
1.15081
1.1701
1.18358
1.19149
1.19465
1.19386
1.18993
1.18407
1.17801
1.17372
1.17259
1.17474
1.17911
1.18422
1.18895
1.19271
1.19531
1.1968
1.1973
1.19695
1.19592
1.19444
1.19282
1.19145
1.19068
1.19077
1.19175
1.1934
1.1954
1.19735
1.19894
1.19996
1.20027
1.19978
1.19845
1.19619
1.19295
1.18872
1.18358
1.17778
1.1718
1.16637
1.16228
1.16022
1.16052
1.163
1.16711
1.17212
1.17738
1.18237
1.18683
1.19063
1.19377
1.19629
1.19826
1.19966
1.20043
1.20044
1.19948
1.19734
1.19389
1.18916
1.18348
1.17749
1.17204
1.16785
1.16521
1.16382
1.16316
1.16282
1.1628
1.16343
1.16509
1.16788
1.17156
1.17565
1.17962
1.18309
1.1859
1.18804
1.1896
1.19071
1.19146
1.19189
1.19201
1.19182
1.19132
1.19051
1.18943
1.18815
1.18676
1.18535
1.18402
1.18286
1.18196
1.18136
1.18111
1.18122
1.18167
1.18244
1.1835
1.1848
1.1863
1.18796
1.18975
1.19163
1.19356
1.19551
1.19743
1.19929
1.20107
1.20272
1.20424
1.2056
1.20679
1.2078
1.20863
1.20927
1.20972
1.20997
1.21
1.20981
1.20938
1.20869
1.20771
1.20644
1.20484
1.20293
1.20068
1.19814
1.19534
1.19237
1.18933
1.1864
1.1838
1.18179
1.18066
1.18061
1.18174
1.18398
1.18708
1.19067
1.19432
1.19766
1.20036
1.2022
1.20307
1.20295
1.20192
1.20022
1.19819
1.19629
1.19499
1.19464
1.19534
1.19693
1.19907
1.20132
1.20332
1.2048
1.20561
1.20568
1.20499
1.20358
1.20148
1.19878
1.19556
1.19195
1.1881
1.18422
1.18058
1.1775
1.17533
1.1744
1.17488
1.17671
1.17955
1.18287
1.18607
1.18869
1.1905
1.19164
1.19255
1.19384
1.19601
1.1992
1.20312
1.20721
1.21085
1.21356
1.21513
1.21553
1.21495
1.21368
1.21212
1.21066
1.20967
1.20938
1.20985
1.21094
1.21233
1.21363
1.21438
1.21424
1.21295
1.21039
1.20662
1.20183
1.19636
1.19062
1.18515
1.18054
1.17745
1.17647
1.17791
1.18161
1.187
1.19326
1.19958
1.20537
1.21028
1.21417
1.21704
1.21897
1.22009
1.22053
1.2204
1.21982
1.21888
1.21768
1.21626
1.21471
1.21308
1.21145
1.20996
1.20874
1.20795
1.20772
1.20809
1.20902
1.21037
1.21193
1.21347
1.21477
1.21567
1.21608
1.21599
1.21543
1.2145
1.21334
1.21207
1.21081
1.20964
1.20864
1.20781
1.20715
1.20664
1.20623
1.20589
1.20557
1.20525
1.20491
1.20452
1.20409
1.20361
1.20308
1.20247
1.20173
1.20078
1.1995
1.19774
1.19538
1.19236
1.18875
1.18487
1.18125
1.17856
1.17739
1.17797
1.1801
1.18324
1.18672
1.18999
1.19272
1.19474
1.19604
1.19668
1.19675
1.19632
1.1955
1.19438
1.19303
1.19155
1.19003
1.18854
1.18715
1.18592
1.18489
1.18404
1.18336
1.18282
1.18237
1.18195
1.1815
1.18099
1.18037
1.1796
1.17864
1.17748
1.17608
1.17442
1.17249
1.17027
1.16777
1.16502
1.16205
1.15895
1.1558
1.15271
1.14978
1.14713
1.14483
1.14297
1.14158
1.14067
1.14024
1.14023
1.14056
1.14112
1.14181
1.1425
1.14313
1.14365
1.14405
1.14436
1.14465
1.14497
1.1454
1.14596
1.14669
1.14756
1.14855
1.14957
1.15054
1.15138
1.15198
1.15225
1.1521
1.15145
1.15026
1.1485
1.14623
1.14355
1.14067
1.13785
1.13537
1.13345
1.13218
1.13148
1.13117
1.13106
1.13103
1.13115
1.13159
1.13259
1.13429
1.13668
1.1396
1.1428
1.14599
1.14898
1.15165
1.15395
1.1559
1.15754
1.15892
1.16008
1.16106
1.16187
1.16252
1.16299
1.16328
1.16336
1.1632
1.16279
1.16211
1.16115
1.1599
1.15836
1.15657
1.15455
1.15234
1.15002
1.14768
1.14544
1.14344
1.14183
1.14075
1.14032
1.14068
1.14193
1.14417
1.14735
1.15132
1.15572
1.16012
1.16407
1.16717
1.16915
1.16987
1.16935
1.16775
1.1654
1.16281
1.16054
1.15906
1.15856
1.15888
1.15956
1.16007
1.15999
1.15915
1.15768
1.15595
1.15444
1.1537
1.15413
1.15594
1.15914
1.16351
1.16873
1.17446
1.18032
1.18601
1.19126
1.19588
1.19971
1.20262
1.20452
1.20532
1.20499
1.20353
1.20109
1.19795
1.19461
1.19169
1.18975
1.1891
1.18964
1.19093
1.19238
1.19343
1.19372
1.19308
1.19151
1.18909
1.18599
1.1824
1.17857
1.17475
1.17124
1.16831
1.16623
1.1652
1.1653
1.16654
1.16881
1.17191
1.17559
1.17959
1.18369
1.18767
1.19141
1.19477
1.19769
1.20011
1.20198
1.20324
1.20383
1.2037
1.20277
1.20099
1.19833
1.19484
1.19069
1.1862
1.18178
1.17793
1.17503
1.17326
1.17257
1.17276
1.17358
1.17484
1.17637
1.17806
1.17977
1.18132
1.18257
1.18337
1.18364
1.18332
1.18242
1.18098
1.17905
1.17671
1.17401
1.17104
1.1679
1.16468
1.16156
1.15878
1.1566
1.15531
1.15506
1.15581
1.1573
1.15914
1.1609
1.16224
1.16293
1.16291
1.16227
1.16121
1.16005
1.15915
1.15881
1.15925
1.16049
1.16237
1.16464
1.16699
1.16915
1.17092
1.17219
1.17291
1.17309
1.17276
1.172
1.17095
1.16976
1.16863
1.16775
1.16734
1.1675
1.16828
1.16961
1.17135
1.17331
1.17533
1.17722
1.17888
1.18019
1.18107
1.18144
1.18121
1.18032
1.17872
1.17646
1.17373
1.17094
1.16864
1.16739
1.16755
1.16909
1.17158
1.17439
1.17691
1.17872
1.17961
1.17952
1.17847
1.17653
1.17379
1.17034
1.16633
1.162
1.15763
1.1536
1.15025
1.14789
1.14663
1.14646
1.14721
1.14869
1.15075
1.15336
1.15658
1.16049
1.16507
1.17018
1.17555
1.18088
1.18589
1.19038
1.19423
1.19737
1.19978
1.20147
1.20246
1.20277
1.20245
1.20156
1.20022
1.19855
1.19672
1.19492
1.19332
1.19205
1.19117
1.19067
1.19045
1.19039
1.19032
1.19012
1.18965
1.18882
1.18754
1.18576
1.18348
1.18079
1.17791
1.17519
1.17305
1.17186
1.1718
1.17278
1.1745
1.17654
1.17849
1.1801
1.18127
1.18201
1.18241
1.18262
1.18275
1.18291
1.18313
1.18344
1.18381
1.18418
1.1845
1.18473
1.18479
1.18466
1.1843
1.18367
1.18278
1.18163
1.18027
1.1788
1.17734
1.17607
1.17512
1.17459
1.17447
1.17468
1.17503
1.1753
1.17526
1.17471
1.17352
1.1716
1.16903
1.166
1.16292
1.16029
1.15858
1.15811
1.15894
1.1609
1.16372
1.16705
1.17055
1.17384
1.17654
1.17831
1.17888
1.17809
1.17587
1.1723
1.16762
1.16225
1.15681
1.15198
1.14834
1.14626
1.1458
1.1469
1.14938
1.15304
1.15752
1.16234
1.16695
1.1709
1.17393
1.17601
1.17726
1.17795
1.17838
1.17879
1.17938
1.18023
1.18133
1.18258
1.18389
1.18514
1.18626
1.18721
1.18796
1.18851
1.18887
1.18905
1.18905
1.18888
1.18849
1.18785
1.18688
1.18548
1.18352
1.18086
1.17736
1.17294
1.16768
1.16187
1.15612
1.15127
1.14807
1.14686
1.1474
1.149
1.15086
1.15241
1.15339
1.15377
1.15367
1.15322
1.15252
1.15166
1.15071
1.14976
1.14895
1.14844
1.1484
1.149
1.15038
1.15258
1.15558
1.15921
1.1632
1.16725
1.17104
1.17434
1.17704
1.17912
1.18068
1.18183
1.1827
1.18338
1.18396
1.18446
1.18494
1.18542
1.18593
1.18649
1.18707
1.18766
1.18821
1.18869
1.18907
1.18937
1.18959
1.18978
1.18994
1.19005
1.19009
1.18997
1.1896
1.1889
1.1878
1.18625
1.18428
1.18194
1.17934
1.1766
1.17387
1.17126
1.16886
1.16675
1.16493
1.16341
1.16218
1.16122
1.16049
1.15994
1.15954
1.15925
1.15903
1.1589
1.15888
1.15901
1.15933
1.15986
1.1606
1.16152
1.16257
1.16372
1.16491
1.16612
1.16733
1.16853
1.16971
1.17083
1.17183
1.17263
1.17314
1.17329
1.173
1.17226
1.17106
1.16945
1.16753
1.16541
1.16321
1.16105
1.15904
1.15725
1.15572
1.1545
1.15356
1.15288
1.1524
1.15205
1.15172
1.15133
1.15084
1.15022
1.14941
1.14838
1.14701
1.14519
1.14284
1.14
1.1369
1.13398
1.13176
1.13068
1.13087
1.13211
1.13396
1.13595
1.13777
1.1393
1.14061
1.14184
1.14313
1.14458
1.14622
1.148
1.14984
1.15163
1.15327
1.15469
1.15583
1.15667
1.15721
1.15747
1.15748
1.15728
1.15693
1.15646
1.15592
1.15534
1.15476
1.1542
1.15367
1.15317
1.1527
1.15227
1.15186
1.15149
1.15115
1.15082
1.15051
1.15015
1.14969
1.14904
1.1481
1.14676
1.14496
1.14272
1.14014
1.13749
1.13509
1.13329
1.13225
1.13195
1.13211
1.13234
1.13229
1.13177
1.13081
1.12969
1.12883
1.12871
1.1297
1.13193
1.13526
1.13933
1.14368
1.14791
1.15173
1.15498
1.1576
1.15962
1.16111
1.16214
1.16277
1.16308
1.16309
1.16282
1.16227
1.16141
1.16022
1.15866
1.15668
1.1543
1.15154
1.1485
1.14533
1.14223
1.13942
1.13713
1.13555
1.13482
1.13504
1.13623
1.13831
1.14114
1.14452
1.14822
1.15199
1.15562
1.15891
1.16173
1.16399
1.16561
1.16654
1.16674
1.16616
1.16477
1.16252
1.15937
1.15531
1.15033
1.14455
1.13821
1.13181
1.12609
1.122
1.12032
1.12137
1.12484
1.12987
1.13553
1.14101
1.14583
1.14978
1.15281
1.15499
1.15642
1.15723
1.15755
1.15749
1.15712
1.15651
1.15568
1.15463
1.1533
1.15161
1.14948
1.14686
1.14376
1.14033
1.13694
1.13406
1.13222
1.13171
1.1325
1.13415
1.13605
1.13764
1.13853
1.13865
1.13819
1.1375
1.13702
1.13713
1.13801
1.13965
1.14185
1.1443
1.14674
1.14894
1.1508
1.15227
1.15334
1.15406
1.15447
1.15459
1.15446
1.15408
1.15344
1.15255
1.15137
1.1499
1.14811
1.14601
1.14366
1.14113
1.13857
1.1362
1.13427
1.13307
1.13283
1.13366
1.13556
1.13833
1.14171
1.14538
1.14906
1.1525
1.15557
1.15818
1.16028
1.16188
1.163
1.16367
1.16394
1.16383
1.16339
1.16265
1.16166
1.16046
1.1591
1.15764
1.15615
1.15473
1.15348
1.15251
1.15193
1.15183
1.15228
1.1533
1.15485
1.15684
1.15912
1.16151
1.16382
1.16588
1.16754
1.16869
1.16924
1.16919
1.16855
1.16744
1.16597
1.16433
1.16267
1.16116
1.15993
1.15904
1.15853
1.15842
1.15867
1.15929
1.16022
1.16143
1.16283
