1.79859
1.79723
1.79656
1.79698
1.79852
1.80081
1.80317
1.8049
1.80552
1.80496
1.80358
1.80213
1.8015
1.80242
1.80508
1.80913
1.81382
1.81828
1.82181
1.82397
1.82454
1.82343
1.82063
1.81617
1.81009
1.8025
1.79368
1.78419
1.77497
1.76741
1.76313
1.76343
1.76868
1.77797
1.78942
1.80088
1.81051
1.81706
1.81989
1.81884
1.81426
1.80701
1.79845
1.79026
1.78411
1.78109
1.78145
1.78456
1.78926
1.79435
1.79883
1.80221
1.80445
1.80587
1.80699
1.80823
1.80989
1.8121
1.81495
1.81847
1.82264
1.82727
1.83207
1.83666
1.84068
1.84389
1.84618
1.84755
1.84809
1.84791
1.84714
1.8459
1.8443
1.84243
1.84038
1.83821
1.83598
1.83374
1.83151
1.82929
1.82706
1.82476
1.82233
1.81966
1.81669
1.81337
1.80977
1.80607
1.8026
1.79978
1.79802
1.79761
1.79855
1.80057
1.80318
1.80584
1.80805
1.80947
1.80991
1.80933
1.80776
1.80534
1.80222
1.7986
1.79467
1.79066
1.7868
1.78334
1.78052
1.77855
1.77758
1.77768
1.77885
1.78106
1.78422
1.78823
1.7929
1.79801
1.80328
1.80841
1.81314
1.8172
1.8204
1.82263
1.82381
1.82394
1.82306
1.82123
1.81854
1.81507
1.81091
1.8062
1.80113
1.796
1.79122
1.78726
1.78452
1.78322
1.78327
1.78434
1.78596
1.78772
1.78931
1.79058
1.79152
1.79214
1.79249
1.79258
1.79237
1.7918
1.79077
1.78919
1.78701
1.78419
1.7808
1.77694
1.77275
1.76839
1.76402
1.75978
1.75581
1.75227
1.7494
1.7475
1.74688
1.74773
1.74996
1.7532
1.75681
1.7601
1.76263
1.76428
1.76531
1.76613
1.76708
1.76821
1.7693
1.77
1.77
1.76922
1.76783
1.76621
1.76474
1.76368
1.763
1.76243
1.76158
1.76011
1.75796
1.75542
1.7531
1.75174
1.75197
1.754
1.75763
1.76231
1.7674
1.77235
1.77682
1.78062
1.78371
1.78614
1.78797
1.78929
1.79016
1.79059
1.79052
1.78971
1.78766
1.78354
1.77608
1.76377
1.74554
1.72258
1.70043
1.68824
1.69213
1.709
1.72952
1.74593
1.75503
1.75681
1.75245
1.74357
1.73224
1.72115
1.71312
1.71002
1.71184
1.71682
1.72276
1.72808
1.73223
1.73539
1.73807
1.74074
1.74363
1.74673
1.74985
1.75272
1.75508
1.75677
1.75768
1.75781
1.75719
1.75592
1.75409
1.75185
1.74931
1.74658
1.74374
1.74082
1.73781
1.7347
1.73155
1.72849
1.72576
1.72366
1.72246
1.72229
1.7231
1.72469
1.72677
1.72907
1.7314
1.73362
1.73566
1.73748
1.73904
1.74035
1.74143
1.74236
1.7432
1.74407
1.74505
1.74619
1.74749
1.74894
1.75044
1.75191
1.75327
1.75441
1.75529
1.75585
1.75607
1.75595
1.75548
1.75465
1.75349
1.752
1.75019
1.74809
1.74576
1.74326
1.74069
1.73818
1.73586
1.73386
1.73229
1.73121
1.73063
1.7305
1.73076
1.73132
1.73209
1.73303
1.73411
1.73539
1.73694
1.73884
1.74117
1.74394
1.74709
1.75049
1.754
1.75747
1.76078
1.76384
1.76663
1.76909
1.77121
1.77294
1.7742
1.77491
1.77494
1.77418
1.77249
1.76974
1.7658
1.76059
1.75406
1.74631
1.7376
1.72843
1.71953
1.71185
1.70634
1.70371
1.70425
1.70771
1.71343
1.72053
1.72815
1.73558
1.7423
1.74794
1.75231
1.75528
1.75684
1.75703
1.75597
1.75386
1.75098
1.74769
1.74439
1.7415
1.73941
1.73835
1.73836
1.73927
1.74072
1.7423
1.74361
1.74439
1.74454
1.74407
1.74308
1.7417
1.74007
1.73833
1.73661
1.735
1.73347
1.73183
1.72976
1.72692
1.72319
1.71877
1.71421
1.71023
1.70745
1.70608
1.70598
1.70677
1.70815
1.71003
1.7125
1.71572
1.7197
1.72433
1.72927
1.73411
1.73844
1.74188
1.74418
1.7452
1.74495
1.74355
1.74124
1.73836
1.73532
1.73252
1.73031
1.72888
1.72828
1.72839
1.72901
1.7299
1.73085
1.73169
1.73229
1.73259
1.7326
1.73233
1.73186
1.73129
1.73071
1.73023
1.72994
1.72991
1.73015
1.73063
1.73128
1.73195
1.73248
1.73265
1.73219
1.73081
1.7282
1.72401
1.71794
1.70987
1.70006
1.6894
1.67952
1.67245
1.66973
1.6716
1.67684
1.68348
1.68975
1.69459
1.69766
1.69914
1.6995
1.6993
1.69901
1.69897
1.69928
1.69998
1.70107
1.70266
1.70491
1.70791
1.71163
1.71582
1.72011
1.72406
1.72736
1.72978
1.73125
1.73183
1.73165
1.73088
1.72976
1.7285
1.72729
1.72631
1.72563
1.72526
1.72514
1.72517
1.72522
1.7252
1.72501
1.72464
1.7241
1.72343
1.72273
1.72209
1.7216
1.72133
1.72133
1.72158
1.72206
1.72269
1.72336
1.72398
1.72446
1.72475
1.72488
1.72494
1.72508
1.72549
1.72635
1.72776
1.72972
1.73211
1.73472
1.7373
1.7396
1.74142
1.74261
1.74306
1.74274
1.74164
1.73981
1.73732
1.7343
1.73094
1.72748
1.72419
1.72137
1.71929
1.71818
1.71815
1.71922
1.72124
1.72401
1.72724
1.73069
1.73417
1.73764
1.74117
1.7449
1.74897
1.75339
1.75801
1.76247
1.76629
1.76892
1.76986
1.76876
1.76559
1.7608
1.7554
1.75069
1.74777
1.74682
1.74695
1.74665
1.74462
1.74044
1.73482
1.72922
1.72524
1.72386
1.72513
1.7283
1.73232
1.73618
1.73918
1.74092
1.74129
1.74041
1.73849
1.73587
1.73283
1.72968
1.72663
1.72389
1.72157
1.71976
1.71851
1.71781
1.71763
1.71786
1.71842
1.71917
1.72002
1.72094
1.72191
1.72298
1.7242
1.72558
1.72712
1.72877
1.73042
1.73198
1.73335
1.73446
1.73524
1.73566
1.73568
1.7353
1.73448
1.7332
1.73142
1.7291
1.72619
1.72266
1.71847
1.71361
1.7081
1.70201
1.69546
1.68862
1.68175
1.6752
1.66935
1.66463
1.6614
1.6599
1.66019
1.66211
1.66531
1.66932
1.67365
1.67791
1.6818
1.68519
1.68802
1.69033
1.69217
1.69363
1.69476
1.69562
1.69624
1.69664
1.69685
1.69686
1.69669
1.69633
1.6958
1.69512
1.69431
1.69341
1.69246
1.69152
1.69065
1.68991
1.68936
1.68903
1.68894
1.68908
1.68943
1.68995
1.69056
1.69124
1.69192
1.69258
1.69323
1.69389
1.69459
1.69541
1.69639
1.69759
1.69904
1.70073
1.7026
1.70456
1.70648
1.7082
1.70958
1.71047
1.71077
1.71047
1.70963
1.70842
1.70706
1.70578
1.70469
1.70377
1.7028
1.70149
1.69961
1.6971
1.69423
1.69154
1.6897
1.68937
1.69094
1.6945
1.69977
1.70627
1.71342
1.7206
1.72733
1.73325
1.73814
1.74192
1.74458
1.74617
1.74676
1.74639
1.74507
1.74278
1.73949
1.73511
1.72958
1.72287
1.71507
1.70644
1.69749
1.68903
1.68209
1.67768
1.67648
1.67859
1.6835
1.69026
1.69781
1.70521
1.7118
1.71719
1.7212
1.7238
1.72507
1.72513
1.72413
1.72227
1.71979
1.71697
1.71411
1.71153
1.70949
1.70816
1.7076
1.70771
1.70835
1.70931
1.71039
1.71146
1.71242
1.71322
1.71386
1.71432
1.71461
1.71475
1.71474
1.71458
1.71426
1.71381
1.71321
1.71248
1.71165
1.71074
1.70979
1.70884
1.70793
1.70711
1.70642
1.70587
1.7055
1.70529
1.70524
1.70532
1.7055
1.70576
1.70604
1.70633
1.7066
1.70682
1.70699
1.70709
1.70712
1.70708
1.70697
1.70678
1.70653
1.70622
1.70584
1.70541
1.70494
1.70443
1.70389
1.70333
1.70275
1.70217
1.70159
1.70102
1.70046
1.69991
1.69937
1.69884
1.69831
1.69777
1.69718
1.6965
1.69565
1.69453
1.693
1.69089
1.68803
1.6843
1.67971
1.67453
1.6694
1.66527
1.66318
1.66389
1.66746
1.67322
1.68006
1.68688
1.69288
1.69765
1.70108
1.70331
1.70454
1.70506
1.70514
1.70504
1.70497
1.70509
1.7055
1.70622
1.70723
1.70847
1.70986
1.71131
1.71273
1.71405
1.71524
1.71626
1.7171
1.71776
1.71826
1.71862
1.71886
1.71901
1.71908
1.7191
1.71907
1.71898
1.71883
1.71858
1.7182
1.71764
1.71684
1.71574
1.71429
1.71242
1.71009
1.7073
1.70407
1.70049
1.69674
1.69306
1.68977
1.68721
1.68569
1.68539
1.68637
1.6885
1.69156
1.69523
1.69918
1.70316
1.70695
1.71042
1.71351
1.71623
1.71862
1.72075
1.7227
1.72456
1.72641
1.72827
1.73019
1.73214
1.73412
1.73607
1.73797
1.73975
1.74139
1.74283
1.74403
1.74494
1.74552
1.7457
1.74542
1.7446
1.74319
1.74113
1.73844
1.7352
1.73161
1.72799
1.72477
1.72241
1.7213
1.72166
1.72349
1.72658
1.73057
1.73506
1.73966
1.74404
1.74793
1.7511
1.75342
1.75477
1.75508
1.75433
1.75256
1.74986
1.74642
1.7425
1.73846
1.73466
1.73147
1.72915
1.72785
1.72755
1.7281
1.72926
1.73073
1.7322
1.73337
1.73398
1.73387
1.73299
1.73146
1.72955
1.7276
1.72593
1.7247
1.72396
1.72366
1.72382
1.72458
1.7262
1.72893
1.73287
1.73792
1.74378
1.75005
1.75631
1.76218
1.7674
1.77178
1.77525
1.77777
1.77937
1.7801
1.78001
1.77916
1.77764
1.77558
1.77315
1.77055
1.768
1.76568
1.76371
1.76212
1.76081
1.75962
1.75836
1.75683
1.75489
1.75246
1.74951
1.74608
1.74226
1.73818
1.734
1.72999
1.7265
1.72406
1.72326
1.72458
1.72815
1.73355
1.73989
1.74617
1.7515
1.75533
1.75749
1.75807
1.75734
1.75569
1.75348
1.75106
1.74871
1.74661
1.74483
1.74337
1.74216
1.74108
1.74005
1.739
1.73794
1.73693
1.73609
1.73559
1.73558
1.73617
1.7374
1.73924
1.74158
1.74421
1.74687
1.74927
1.75112
1.75216
1.75221
1.75117
1.74911
1.74623
1.7429
1.73957
1.7367
1.73459
1.73329
1.73257
1.73205
1.7313
1.73004
1.72822
1.72604
1.72391
1.72233
1.72169
1.72218
1.72368
1.72582
1.72813
1.73014
1.73155
1.73219
1.73208
1.73133
1.73014
1.72875
1.72737
1.72621
1.72542
1.72505
1.72509
1.72536
1.72558
1.72535
1.72416
1.72144
1.71669
1.70963
1.70054
1.69052
1.68165
1.67635
1.67614
1.68073
1.68818
1.69615
1.7029
1.70769
1.71048
1.71165
1.71164
1.7109
1.70973
1.70838
1.70702
1.70575
1.70465
1.70377
1.70313
1.70272
1.7025
1.70243
1.70243
1.70245
1.70243
1.70234
1.70215
1.70186
1.70148
1.70102
1.70048
1.69987
1.69916
1.69833
1.69732
1.69607
1.69454
1.6927
1.69058
1.68828
1.686
1.68402
1.6826
1.68194
1.68199
1.68246
1.68271
1.68185
1.67883
1.67266
1.66292
1.65056
1.63864
1.63175
1.63347
1.64362
1.65837
1.67323
1.68537
1.69405
1.69978
1.70351
1.70615
1.70831
1.71033
1.71225
1.71397
1.71528
1.71604
1.71612
1.71551
1.71427
1.71256
1.71057
1.7085
1.70658
1.70498
1.70385
1.70325
1.7032
1.70365
1.7045
1.7056
1.70678
1.70785
1.70865
1.70907
1.70902
1.70852
1.7076
1.70636
1.70495
1.7035
1.7022
1.70118
1.70058
1.70047
1.70089
1.70182
1.70319
1.7049
1.70685
1.70893
1.71106
1.71317
1.71522
1.71719
1.71906
1.72082
1.72246
1.72396
1.72533
1.72659
1.72776
1.72888
1.72996
1.73102
1.73203
1.7329
1.73352
1.73376
1.7335
1.73269
1.7314
1.72983
1.72831
1.72725
1.72697
1.72766
1.72923
1.73141
1.73376
1.73588
1.73741
1.73813
1.73795
1.73684
1.73486
1.7321
1.7287
1.72482
1.72071
1.71664
1.71294
1.7099
1.70775
1.70662
1.70647
1.70712
1.70831
1.70973
1.7111
1.7122
1.71285
1.71296
1.7125
1.71146
1.70986
1.70779
1.70536
1.70279
1.70044
1.69875
1.69822
1.69916
1.70158
1.70511
1.70907
1.71268
1.71527
1.71646
1.71621
1.71489
1.7132
1.71197
1.71193
1.71341
1.71622
1.71977
1.72332
1.72625
1.72818
1.72898
1.72874
1.72765
1.72597
1.72394
1.72178
1.71961
1.71747
1.71531
1.71302
1.71051
1.70775
1.70485
1.70204
1.69963
1.69798
1.69732
1.69767
1.69883
1.70043
1.70202
1.70314
1.7034
1.70246
1.70004
1.69589
1.68986
1.68206
1.67307
1.66416
1.65727
1.65444
1.65688
1.66432
1.67523
1.68759
1.69972
1.71056
1.71966
1.72694
1.73253
1.73664
1.73947
1.74119
1.74191
1.74165
1.74039
1.73802
1.73443
1.72953
1.72338
1.71633
1.70915
1.70297
1.69903
1.69816
1.70038
1.70485
1.71032
1.71559
1.71983
1.72266
1.72399
1.72394
1.72271
1.72049
1.71752
1.714
1.71016
1.70626
1.7026
1.69953
1.69739
1.69648
1.69701
1.69901
1.70235
1.70672
1.71174
1.71702
1.72219
1.72694
1.73104
1.73435
1.73678
1.73835
1.73914
1.73932
1.73915
1.73897
1.73914
1.73995
1.74156
1.74397
1.747
1.75034
1.75369
1.75672
1.75918
1.76089
1.76171
1.76151
1.76021
1.75775
1.75412
1.74942
1.74387
1.73788
1.73204
1.72702
1.72346
1.72177
1.72202
1.72392
1.72695
1.73053
1.73416
1.73759
1.74072
1.74365
1.74653
1.7495
1.75262
1.75587
1.75914
1.76226
1.76506
1.76739
1.76913
1.77023
1.77067
1.77051
1.76984
1.76879
1.76751
1.76618
1.76495
1.76395
1.76326
1.76292
1.76291
1.76316
1.76359
1.76411
1.76466
1.76516
1.76559
1.76591
1.76612
1.76623
1.76622
1.76611
1.7659
1.76558
1.76514
1.76457
1.76384
1.76292
1.76178
1.7604
1.75874
1.75681
1.7546
1.75219
1.74965
1.74713
1.74481
1.74288
1.74152
1.74082
1.74079
1.74139
1.7425
1.74404
1.74594
1.74818
1.75074
1.75355
1.75652
1.75949
1.7623
1.76475
1.76671
1.76809
1.76881
1.76888
1.7683
1.76714
1.76544
1.76326
1.76064
1.7576
1.75415
1.75029
1.74609
1.74168
1.73738
1.73365
1.731
1.72983
1.73018
1.73162
1.73344
1.73479
1.73505
1.73394
1.73162
1.72867
1.72594
1.7243
1.72432
1.72612
1.72931
1.73319
1.73705
1.74028
1.74254
1.74371
1.74388
1.74333
1.74249
1.74189
1.74201
1.74323
1.74565
1.7491
1.75324
1.75761
1.76182
1.76555
1.76862
1.77091
1.77238
1.77299
1.7727
1.77146
1.76919
1.76583
1.7613
1.75561
1.74889
1.74142
1.73368
1.72633
1.72009
1.71559
1.71321
1.71295
1.71439
1.71682
1.71934
1.72104
1.72122
1.71948
1.71593
1.71123
1.70647
1.70285
1.70135
1.70233
1.70555
1.71033
1.71583
1.72133
1.72627
1.73029
1.7332
1.73496
1.73557
1.7351
1.73367
1.73141
1.72847
1.72506
1.72141
1.71779
1.71449
1.71176
1.70978
1.7086
1.70817
1.70834
1.70891
1.70968
1.71046
1.71116
1.71172
1.71213
1.71241
1.7126
1.71274
1.71286
1.71302
1.71325
1.71361
1.71414
1.71489
1.71591
1.71721
1.71881
1.7207
1.72282
1.72513
1.72756
1.73003
1.73246
1.73478
1.73693
1.73882
1.7404
1.74159
1.74231
1.74249
1.74206
1.74096
1.73915
1.73664
1.73346
1.7297
1.72545
1.72081
1.71587
1.71074
1.70561
1.70082
1.69696
1.69473
1.69475
1.69728
1.702
1.70812
1.71463
1.72054
1.72519
1.72824
1.72973
1.73001
1.72971
1.72956
1.73028
1.73233
1.7358
1.74046
1.74587
1.75155
1.75712
1.76233
1.76699
1.77097
1.77409
1.77617
1.77698
1.77628
1.77384
1.76949
1.76316
1.75497
1.74528
1.73481
1.7246
1.71591
1.70987
1.70713
1.70759
1.71053
1.71487
1.71963
1.72424
1.72854
1.73271
1.73704
1.74169
1.74656
1.75135
1.75566
1.75912
1.76147
1.76257
1.76239
1.76102
1.75867
1.7557
1.7526
1.74993
1.74823
1.74785
1.74889
1.75114
1.75417
1.75742
1.76035
1.76248
1.76349
1.76315
1.76141
1.75829
1.75398
1.74876
1.74304
1.7373
1.73201
1.72754
1.72409
1.72164
1.72002
1.71904
1.71859
1.71864
1.71921
1.72023
1.7215
1.72269
1.72347
1.72362
1.72311
1.72211
1.72095
1.72002
1.71968
1.7202
1.7217
1.72412
1.72726
1.73079
1.73439
1.73774
1.7406
1.74283
1.74436
1.7452
1.74541
1.7451
1.74436
1.74332
1.74209
1.74076
1.73937
1.73797
1.73656
1.73511
1.73361
1.73202
1.73034
1.72859
1.72683
1.72516
1.72369
1.72251
1.72169
1.72126
1.72117
1.72133
1.72165
1.72203
1.72241
1.72277
1.72312
1.72352
1.72401
1.72465
1.72547
1.72648
1.72766
1.72895
1.73024
1.7314
1.73228
1.73265
1.73231
1.73099
1.72845
1.7245
1.71903
1.71221
1.70454
1.69694
1.69065
1.68688
1.6864
1.68919
1.69449
1.70116
1.70807
1.71436
1.71947
1.72312
1.72524
1.72588
1.72517
1.72331
1.72055
1.71714
1.71338
1.70959
1.70611
1.70327
1.70136
1.70058
1.701
1.70249
1.70479
1.70757
1.71048
1.71324
1.71565
1.7176
1.71906
1.72004
1.72057
1.72072
1.72055
1.7201
1.71943
1.7186
1.71764
1.71661
1.71552
1.71443
1.71335
1.7123
1.7113
1.71036
1.70948
1.70865
1.70785
1.70705
1.70622
1.70534
1.70438
1.70331
1.70214
1.70085
1.69947
1.69801
1.69651
1.69501
1.69355
1.69218
1.69094
1.68986
1.68898
1.68831
1.68785
1.68759
1.68752
1.68761
1.68783
1.68813
1.68846
1.68878
1.68903
1.68916
1.68912
1.68886
1.68835
1.6876
1.68662
1.68548
1.68428
1.68317
1.68231
1.68188
1.68202
1.6828
1.68423
1.6862
1.68857
1.69114
1.69373
1.69621
1.69845
1.70043
1.70214
1.70362
1.70493
1.70614
1.70732
1.70853
1.70979
1.71109
1.71237
1.71353
1.71443
1.71492
1.71481
1.71395
1.71219
1.70943
1.70565
1.7009
1.69537
1.68947
1.6838
1.67908
1.67593
1.67462
1.6749
1.67616
1.67765
1.67859
1.67797
1.6745
1.66708
1.65617
1.64514
1.63947
1.6428
1.65333
1.6654
1.67402
1.67738
1.67639
1.67332
1.6706
1.67016
1.673
1.67915
1.68785
1.69793
1.70822
1.71774
1.72586
1.73227
1.73692
1.73991
1.74148
1.74189
1.74141
1.74032
1.73883
1.73713
1.73532
1.73348
1.73161
1.72971
1.72773
1.72567
1.72354
1.72138
1.7193
1.71744
1.71596
1.71499
1.71462
1.71486
1.71564
1.71682
1.71819
1.71957
1.72076
1.72163
1.72206
1.72201
1.72146
1.72044
1.71902
1.71728
1.71534
1.71332
1.71133
1.70946
1.70776
1.70625
1.7049
1.70367
1.7025
1.70135
1.70021
1.69907
1.69794
1.69685
1.69579
1.69476
1.69371
1.6926
1.69138
1.69002
1.68856
1.68711
1.68585
1.685
1.68479
1.6853
1.68645
1.68799
1.68952
1.69063
1.69103
1.69061
1.68957
1.68835
1.68755
1.6877
1.68904
1.69141
1.69427
1.69695
1.6988
1.6994
1.69856
1.69634
1.693
1.68894
1.68463
1.68057
1.67716
1.67468
1.67322
1.67272
1.67298
1.67374
1.67478
1.67598
1.67733
1.67888
1.68075
1.68301
1.68563
1.68851
1.69147
1.69432
1.69689
1.69907
1.70078
1.70203
1.70285
1.70328
1.70339
1.70323
1.70287
1.70234
1.70169
1.70093
1.70009
1.69917
1.69819
1.69713
1.69601
1.69484
1.69363
1.69242
1.69124
1.69015
1.68919
1.68843
1.68792
1.68769
1.68777
1.68816
1.68887
1.68986
1.69111
1.69257
1.69418
1.69589
1.69764
1.69937
1.70101
1.70252
1.70384
1.70493
1.70578
1.70634
1.70663
1.70664
1.70639
1.70591
1.70526
1.70449
1.70371
1.70301
1.70253
1.70239
1.70269
1.70349
1.70477
1.70646
1.70839
1.71037
1.71221
1.71375
1.71489
1.71559
1.71591
1.71594
1.71585
1.71578
1.71588
1.71622
1.71682
1.71764
1.71858
1.71955
1.72045
1.72126
1.72197
1.72262
1.72331
1.72409
1.72505
1.72621
1.72758
1.72911
1.73072
1.73233
1.73386
1.73529
1.73661
1.7379
1.73927
1.74084
1.74272
1.74495
1.74753
1.75035
1.75327
1.7561
1.75866
1.76081
1.76244
1.7635
1.76397
1.76386
1.76318
1.76191
1.75997
1.75725
1.75358
1.74883
1.74301
1.73637
1.72954
1.72351
1.71949
1.71846
1.72077
1.72592
1.73282
1.7402
1.747
1.75254
1.75647
1.75863
1.75896
1.75744
1.75414
1.74928
1.74337
1.7373
1.73223
1.72934
1.72937
1.73234
1.73753
1.74388
1.75034
1.7562
1.7611
1.76498
1.76796
1.77025
1.77208
1.77368
1.77523
1.77686
1.77866
1.78068
1.7829
1.78528
1.78773
1.79017
1.7925
1.79463
1.79645
1.79789
1.79889
1.79936
1.79928
1.79862
1.79738
1.79561
1.79342
1.79101
1.78863
1.78659
1.78519
1.7846
1.78485
1.78572
1.78681
1.78759
1.78753
1.7862
1.78337
1.77904
1.77346
1.76714
1.76073
1.75485
1.74995
1.74619
1.7435
1.74165
1.74043
1.73971
1.7395
1.73986
1.74096
1.743
1.7462
1.7507
1.75642
1.76294
1.76946
1.77504
1.77888
1.78067
1.78078
1.78021
1.7802
1.78164
1.78459
1.78827
1.79152
1.79333
1.79321
1.79122
1.78779
1.7836
1.77933
1.7756
1.77284
1.77131
1.7711
1.77218
1.77444
1.7777
1.78168
1.78603
1.79031
1.79397
1.79646
1.7972
1.79573
1.79179
1.78546
1.77735
1.76862
1.76087
1.75576
1.75445
1.75717
1.76306
1.77055
1.77783
1.7834
1.78629
1.7861
1.78288
1.77711
1.7696
1.76144
1.75392
1.74833
1.74566
1.74639
1.75034
1.75674
1.76454
1.77266
1.78026
1.78683
1.79214
1.79617
1.79903
1.80087
1.80184
1.80208
1.80169
1.80076
1.79938
1.79763
1.7956
1.79339
1.79113
1.78896
1.78701
1.78542
1.78428
1.78366
1.78356
1.78395
1.78476
1.78589
1.78722
1.78864
1.79004
1.79134
1.79246
1.79336
1.79405
1.79451
1.79481
1.79497
1.79508
1.79518
1.79532
1.79553
1.79578
1.79602
1.79617
1.79611
1.79572
1.79489
1.79357
1.79174
1.78946
1.78687
1.78418
1.78162
1.77947
1.77799
1.7774
1.7779
1.77961
1.7826
1.7868
1.79205
1.7981
1.8046
1.81117
1.81742
1.82304
1.82774
1.83137
1.83385
1.8352
1.83552
1.83502
1.83398
1.83275
1.83168
1.83107
1.83108
1.83166
1.8326
1.83356
1.83416
1.83401
1.83284
1.83042
1.82664
1.82146
1.81491
1.80712
1.79829
1.78873
1.77878
1.76887
1.75937
1.75063
1.74291
1.73642
1.73135
1.72793
1.72638
1.72696
1.72982
1.73501
1.74247
1.75197
1.76308
1.77513
1.78727
1.79862
1.80846
1.81631
1.82203
1.82566
1.82739
1.82751
1.82626
1.82394
1.82076
1.81694
1.81268
1.80814
1.80345
1.79875
1.7941
1.78959
1.78524
1.78107
1.77709
1.77329
1.76966
1.7662
1.76288
1.75969
1.75658
1.75352
1.75045
1.74734
1.74418
1.74103
1.73798
1.73516
1.73273
1.73085
1.7296
1.72898
1.72893
1.7293
1.72992
1.73063
1.73128
1.73179
1.73209
1.73217
1.73204
1.73171
1.73123
1.73063
1.72994
1.7292
1.72845
1.72773
1.72708
1.72654
1.72615
1.72594
1.72595
1.7262
1.7267
1.72743
1.72839
1.72951
1.73073
1.73199
1.73318
1.73421
1.73499
1.73542
1.73541
1.73489
1.7338
1.73214
1.7299
1.72714
1.72392
1.72031
1.71639
1.71219
1.70773
1.70305
1.69825
1.69354
1.68935
1.68619
1.68455
1.68459
1.68591
1.68748
1.68789
1.68591
1.68131
1.67555
1.67163
1.67274
1.68016
1.69247
1.70684
1.72087
1.73335
1.74403
1.75301
1.76046
1.76644
1.77098
1.77409
1.77583
1.77625
1.77544
1.77349
1.7705
1.7666
1.76197
1.75683
1.75151
1.7464
1.74191
1.73842
1.73617
1.73521
1.73538
1.7364
1.73796
1.73984
1.74194
1.74428
1.74683
1.74952
1.75218
1.75459
1.75651
1.75776
1.75825
1.75794
1.75688
1.75518
1.75302
1.75062
1.74826
1.74627
1.7449
1.7443
1.7444
1.74488
1.74521
1.74476
1.74297
1.73943
1.73405
1.72713
1.71933
1.71151
1.70443
1.69851
1.69373
1.68984
1.6867
1.68454
1.68394
1.68561
1.68999
1.69697
1.70588
1.71564
1.72518
1.7336
1.74037
1.7453
1.74841
1.74988
1.74997
1.74892
1.74699
1.74439
1.74134
1.73802
1.73462
1.73131
1.72825
1.72556
1.72334
1.72162
1.72037
1.7195
1.71889
1.71838
1.71783
1.71713
1.71623
1.71513
1.71394
1.71278
1.71183
1.71123
1.71107
1.71136
1.71203
1.71299
1.71416
1.71552
1.7171
1.719
1.72133
1.72417
1.72755
1.73142
1.73565
1.74005
1.74445
1.74866
1.75253
1.75594
1.75878
1.76097
1.76242
1.76303
1.76271
1.76137
1.75893
1.75544
1.75105
1.74616
1.74137
1.73742
1.73499
1.73448
1.73584
1.73856
1.74187
1.745
1.74742
1.74901
1.75009
1.75129
1.75331
1.7567
1.76156
1.76754
1.77392
1.7799
1.78478
1.78808
1.78955
1.78917
1.78703
1.78332
1.7782
1.7718
1.76416
1.75543
1.74614
1.73749
1.73126
1.72913
1.73175
1.73829
1.74701
1.75616
1.76464
1.77201
1.77824
1.78347
1.78781
1.79132
1.79405
1.79608
1.79765
1.7991
1.80083
1.80318
1.80625
1.80985
1.81353
1.81676
1.81902
1.81996
1.8194
1.81731
1.81379
1.809
1.80322
1.79684
1.79033
1.78434
1.77956
1.77669
1.77615
1.7779
1.78132
1.7853
1.7886
1.79018
1.78944
1.78631
1.78123
1.77505
1.76884
1.76363
1.76016
1.75866
1.7589
1.76034
1.76233
1.76433
1.7659
1.76671
1.76648
1.765
1.76215
1.75791
1.75243
1.746
1.73906
1.73222
1.7262
1.72171
1.71928
1.71908
1.72094
1.72455
1.72959
1.73587
1.74319
1.75127
1.75963
1.76771
1.77499
1.78109
1.78581
1.78914
1.79117
1.79206
1.79196
1.79103
1.7894
1.78716
1.78439
1.78114
1.7775
1.77353
1.76935
1.76512
1.761
1.75719
1.75384
1.75104
1.74875
1.74686
1.74518
1.74348
1.74161
1.73944
1.73696
1.73419
1.73117
1.72792
1.72445
1.72071
1.71677
1.7129
1.70964
1.70782
1.70825
1.71134
1.7168
1.72371
1.73087
1.73722
1.74205
1.74503
1.74614
1.74553
1.74348
1.74034
1.73653
1.73247
1.72862
1.72537
1.723
1.72162
1.72122
1.72165
1.72268
1.72406
1.72559
1.72708
1.72839
1.72943
1.73015
1.73055
1.73066
1.73056
1.73037
1.73022
1.73025
1.73057
1.73129
1.73244
1.734
1.73593
1.73813
1.74049
1.74288
1.74521
1.74734
1.74919
1.75068
1.75176
1.75237
1.75248
1.75207
1.75114
1.74966
1.74762
1.74504
1.74193
1.7384
1.73466
1.73111
1.72833
1.72702
1.72776
1.73075
1.73568
1.74174
1.74791
1.75324
1.757
1.75876
1.75828
1.75552
1.75057
1.74377
1.73567
1.72709
1.71899
1.71236
1.70812
1.70701
1.70952
1.71549
1.72387
1.73278
1.74003
1.74366
1.74251
1.73654
1.72738
1.71843
1.71385
1.71625
1.72486
1.73639
1.74736
1.75572
1.76101
1.76368
1.76449
1.76416
1.76326
1.76218
1.76119
1.76055
1.76045
1.76105
1.76243
1.76454
1.76721
1.77014
1.77299
1.77542
1.77713
1.77793
1.77772
1.77651
1.77442
1.7716
1.76826
1.76454
1.76053
1.75626
1.75174
1.74698
1.74206
1.73718
1.73264
1.72889
1.72643
1.72572
1.72706
1.73039
1.73531
1.74115
1.74716
1.75266
1.75717
1.76042
1.76236
1.76307
1.76274
1.76165
1.76009
1.7584
1.75687
1.75577
1.75528
1.75547
1.75633
1.75776
1.75963
1.76175
1.76396
1.76609
1.76801
1.76962
1.77084
1.77162
1.77192
1.77174
1.77105
1.76986
1.76819
1.76605
1.76348
1.76052
1.75721
1.75363
1.74984
1.74595
1.74207
1.73834
1.73492
1.732
1.72976
1.72837
1.72794
1.72851
1.73003
1.73236
1.73528
1.73856
1.74192
1.74512
1.74795
1.75025
1.75189
1.75278
1.75286
1.75209
1.75043
1.74787
1.74443
1.74011
1.73494
1.72899
1.72231
1.71505
1.70741
1.69971
1.69244
1.68621
1.68171
1.67949
1.67988
1.68286
1.68807
1.69496
1.70285
1.71107
1.71904
1.72628
1.73248
1.73748
1.74126
1.74389
1.7455
1.74626
1.74632
1.74585
1.74498
1.74382
1.7425
1.74108
1.73967
1.73832
1.73709
1.73602
1.73516
1.73452
1.73413
1.734
1.73415
1.73457
1.73525
1.73615
1.73719
1.73828
1.73927
1.74004
1.74043
1.74032
1.73961
1.73825
1.73624
1.73367
1.73069
1.72753
1.72449
1.72189
1.72005
1.71918
1.71944
1.72079
1.72312
1.72615
1.72959
1.73308
1.73628
1.73888
1.74064
1.74137
1.74106
1.73988
1.73823
1.73678
1.73627
1.73736
1.74031
1.74492
1.7506
1.75659
1.76224
1.76711
1.77098
1.77381
1.77566
1.77665
1.77688
1.77644
1.77539
1.77379
1.77164
1.76896
1.76579
1.76219
1.75827
1.75422
1.75029
1.74677
1.74395
1.74211
1.74142
1.74194
1.74364
1.74634
1.74981
1.7538
1.75807
1.7624
1.76666
1.77074
1.77458
1.77815
1.7814
1.78429
1.78678
1.7888
1.79032
1.79128
1.79165
1.79137
1.79041
1.7887
1.78618
1.78277
1.77847
1.77339
1.76784
1.76236
1.75768
1.75456
1.75357
1.75488
1.75821
1.76296
1.76846
1.77404
1.77918
1.78349
1.78669
1.78856
1.78894
1.78773
1.78496
1.78088
1.776
1.77118
1.76736
1.76533
1.76533
1.76697
1.76943
1.77183
1.77351
1.77415
1.77375
1.7725
1.77067
1.76858
1.76649
1.76462
1.76314
1.76218
1.76178
1.76194
1.7626
1.76362
1.76484
1.76608
1.76725
1.76827
1.76918
1.77003
1.77088
1.7718
1.77276
1.7737
1.77446
1.77485
1.77462
1.77352
1.77135
1.76806
1.76385
1.7593
1.75535
1.7531
1.75338
1.7563
1.76121
1.76694
1.77237
1.77676
1.77982
1.78168
1.7827
1.78324
1.78358
1.78386
1.78406
1.78417
1.78423
1.78435
1.78474
1.7855
1.78661
1.78786
1.78897
1.78972
1.79003
1.7901
1.79029
1.79099
1.7925
1.79485
1.79786
1.80114
1.80432
1.80705
1.80911
1.81041
1.81095
1.81082
1.81011
1.80898
1.80757
1.8061
1.80484
1.80418
1.80462
1.80657
1.81027
1.8156
1.82206
1.82898
1.83568
1.84161
1.84646
1.85009
1.85252
1.85382
1.85413
1.85357
1.85227
1.85038
1.84802
1.84533
1.84247
1.83957
1.8368
1.8343
1.83225
1.8308
1.83009
1.83023
1.83127
1.8332
1.83589
1.83913
1.84264
1.84608
1.84912
1.85144
1.85278
1.85299
1.85198
1.8498
1.84659
1.84262
1.83822
1.83382
1.82983
1.82667
1.82466
1.824
1.82472
1.82672
1.82976
1.83355
1.8378
1.84232
1.84693
1.85152
1.856
1.86026
1.8642
1.86772
1.87074
1.87321
1.87509
1.8764
1.87717
1.87743
1.87724
1.87664
1.87569
1.87444
1.87294
1.87125
1.86941
1.86746
1.86547
1.86347
1.86151
1.85961
1.85782
1.85614
1.85459
1.85316
1.85184
1.85061
1.84942
1.84823
1.84697
1.84559
1.84406
1.84237
1.84058
1.83884
1.83735
1.83636
1.83607
1.8366
1.8379
1.83977
1.84193
1.84405
1.84591
1.84735
1.84832
1.84889
1.84917
1.84929
1.84935
1.84937
1.84927
1.84883
1.84777
1.84582
1.84282
1.83889
1.8345
1.83044
1.82768
1.82695
1.82848
1.83189
1.83636
1.841
1.84513
1.84835
1.85056
1.8518
1.85223
1.85203
1.85134
1.85027
1.84885
1.84704
1.8447
1.84168
1.83778
1.83286
1.82687
1.81997
1.8126
1.8055
1.79968
1.79617
1.79559
1.79788
1.80227
1.80758
1.81265
1.81664
1.81909
1.81987
1.81912
1.81719
1.81463
1.81213
1.81049
1.81039
1.81217
1.81577
1.82065
1.82608
1.83132
1.83579
1.83916
1.84131
1.84228
1.84219
1.84125
1.83967
1.83768
1.83551
1.83339
1.83151
1.83
1.82897
1.82843
1.82834
1.82863
1.82919
1.82992
1.83069
1.83144
1.83207
1.83255
1.83283
1.83288
1.83266
1.83216
1.83135
1.8302
1.8287
1.82681
1.82454
1.82189
1.81888
1.81555
1.81201
1.80837
1.80479
1.80149
1.79868
1.79656
1.79525
1.79479
1.79507
1.79585
1.79678
1.79745
1.79746
1.79651
1.79447
1.79152
1.78814
1.78517
1.78358
1.78416
1.78717
1.79223
1.7985
1.80499
1.81083
1.81546
1.81856
1.81994
1.81954
1.8173
1.8133
1.80778
1.80135
1.79498
1.78989
1.78709
1.78694
1.78899
1.79218
1.79543
1.79792
1.79925
1.79932
1.79817
1.79588
1.79255
1.78837
1.78368
1.77901
1.77503
1.7724
1.77158
1.77265
1.77529
1.7789
1.78288
1.78672
1.79016
1.79312
1.79568
1.79795
1.80003
1.80201
1.80388
1.80562
1.80715
1.80836
1.80917
1.80945
1.8091
1.80805
1.80619
1.80348
1.79987
1.79534
1.78989
1.7835
1.77615
1.76782
1.75846
1.74816
1.73724
1.72644
1.71701
1.71061
1.70893
1.7129
1.7222
1.73534
1.7503
1.76531
1.77917
1.79127
1.80141
1.8096
1.81597
1.82071
1.82403
1.82611
1.82711
1.82712
1.82619
1.82431
1.82141
1.81735
1.81195
1.80499
1.79622
1.78542
1.77254
1.75801
1.74313
1.73027
1.72233
1.72127
1.72678
1.73647
1.74747
1.7578
1.76674
1.77434
1.78089
1.7866
1.79146
1.79538
1.7982
1.79987
1.80048
1.80025
1.79955
1.79879
1.79841
1.7987
1.79984
1.80179
1.80438
1.80735
1.81045
1.81342
1.81607
1.81824
1.81982
1.82072
1.82089
1.8203
1.81894
1.81686
1.81414
1.81092
1.80739
1.80382
1.80047
1.79762
1.79547
1.79414
1.79365
1.79389
1.79469
1.79582
1.79706
1.79819
1.79898
1.79923
1.79877
1.79746
1.79525
1.79226
1.78877
1.78523
1.78219
1.78006
1.77897
1.77858
1.77807
1.77637
1.77252
1.76624
1.75853
1.75183
1.74913
1.7522
1.76031
1.77078
1.78075
1.7884
1.79316
1.79519
1.79498
1.79307
1.78995
1.78609
1.7819
1.77777
1.77403
1.77095
1.76869
1.76743
1.76723
1.76809
1.76984
1.77216
1.77468
1.77709
1.77918
1.78086
1.7821
1.78285
1.78297
1.78227
1.78045
1.77723
1.77236
1.76576
1.75771
1.74892
1.74054
1.73387
1.72985
1.72866
1.72962
1.73165
1.7338
1.73551
1.73669
1.73751
1.73826
1.73917
1.74039
1.74196
1.74384
1.74596
1.74824
1.75062
1.75308
1.75563
1.7583
1.76111
1.76407
1.76714
1.77021
1.77311
1.77564
1.77761
1.77884
1.7792
1.77862
1.77708
1.7746
1.77121
1.76696
1.76194
1.75633
1.75046
1.7448
1.73993
1.73632
1.73418
1.7333
1.7331
1.73281
1.73167
1.72911
1.72494
1.71943
1.71336
1.70798
1.70455
1.7039
1.70606
1.71033
1.71567
1.72112
1.72604
1.73014
1.73338
1.73588
1.73783
1.73942
1.7408
1.74206
1.74323
1.74429
1.74518
1.74583
1.74616
1.74607
1.74547
1.74427
1.74239
1.73979
1.73649
1.73261
1.72842
1.72434
1.72089
1.7186
1.71782
1.71867
1.72092
1.72415
1.72786
1.7316
1.73505
1.73803
1.74046
1.74236
1.74377
1.74477
1.74542
1.74579
1.74597
1.746
1.74595
1.74586
1.7458
1.74578
1.74585
1.74602
1.74628
1.74663
1.74703
1.74743
1.74778
1.74798
1.74797
1.74765
1.74692
1.74568
1.74383
1.74133
1.73813
1.7343
1.73002
1.72556
1.72135
1.71786
1.71549
1.71449
1.71484
1.71631
1.71853
1.7211
1.72371
1.72613
1.72821
1.72989
1.73112
1.73187
1.73212
1.73189
1.73122
1.73029
1.72932
1.72868
1.72875
1.72986
1.73217
1.7356
1.73988
1.74457
1.74926
1.75357
1.75727
1.76023
1.76242
1.76387
1.76462
1.76475
1.76431
1.76339
1.76204
1.76034
1.7584
1.75634
1.75429
1.75242
1.75086
1.74974
1.74915
1.74909
1.74951
1.75035
1.75147
1.75279
1.75419
1.75561
1.75701
1.75836
1.75963
1.76083
1.76194
1.76298
1.76393
1.7648
1.76559
1.76631
1.76695
1.76753
1.76805
1.76852
1.76893
1.7693
1.76961
1.76987
1.77008
1.77025
1.77039
1.77054
1.77072
1.77097
1.77134
1.77187
1.77259
1.7735
1.7746
1.77583
1.7771
1.7783
1.77928
1.77986
1.77986
1.77912
1.77754
1.77509
1.7719
1.7683
1.76482
1.7621
1.76076
1.76116
1.76331
1.7668
1.77104
1.77543
1.77948
1.78292
1.78561
1.78756
1.78888
1.78973
1.79034
1.79095
1.79183
1.79318
1.79513
1.79769
1.80077
1.8042
1.80775
1.81121
1.8144
1.81717
1.81939
1.82099
1.82185
1.82188
1.82096
1.81898
1.81579
1.81128
1.80535
1.79803
1.78949
1.78013
1.7707
1.76224
1.75595
1.7529
1.75365
1.75793
1.76483
1.77303
1.78135
1.78893
1.79532
1.80036
1.80409
1.80663
1.80814
1.80872
1.80851
1.80757
1.80597
1.80377
1.80098
1.79769
1.79396
1.78996
1.78593
1.78221
1.77919
1.77721
1.77651
1.77712
1.77885
1.78136
1.78425
1.78717
1.78986
1.79215
1.79398
1.79533
1.79621
1.79669
1.79681
1.79666
1.79634
1.796
1.79575
1.79574
1.79608
1.79682
1.79795
1.79939
1.80101
1.80263
1.80407
1.80514
1.80571
1.80565
1.80489
1.80339
1.80117
1.79829
1.7949
1.79122
1.78756
1.78428
1.78175
1.78029
1.78011
1.7812
1.78341
1.78641
1.78981
1.79318
1.79619
1.79857
1.80019
1.80104
1.80121
1.80091
1.80036
1.7998
1.79934
1.799
1.79863
1.798
1.7969
1.79521
1.79304
1.79073
1.78877
1.78762
1.78754
1.78842
1.78984
1.79125
1.79217
1.79236
1.79189
1.79106
1.7903
1.78996
1.79022
1.79101
1.79205
1.79293
1.79327
1.79278
1.7913
1.78888
1.78574
1.78226
1.77891
1.77614
1.7743
1.77352
1.77373
1.77468
1.77602
1.77728
1.77799
1.77768
1.77594
1.7726
1.76783
1.76228
1.75706
1.7534
1.75213
1.75323
1.75594
1.75916
1.76207
1.76437
1.76618
1.76786
1.76974
1.77206
1.77489
1.77823
1.78195
1.78591
1.7899
1.79372
1.79719
1.80019
1.80267
1.80464
1.80615
1.80727
1.80807
1.80862
1.80898
1.80918
1.80922
1.80911
1.80884
1.80837
1.80768
1.80675
1.80555
1.80403
1.80216
1.79992
1.79729
1.79432
1.79116
1.78808
1.78544
1.78374
1.78339
1.78468
1.78758
1.79173
1.79647
1.80104
1.80471
1.80694
1.80739
1.80588
1.80239
1.79686
1.78913
1.7787
1.76455
1.7452
1.71951
1.68902
1.66136
1.6495
1.6616
1.69174
1.72621
1.75515
1.77537
1.78723
1.79197
1.79078
1.7849
1.77611
1.76702
1.76057
1.75888
1.76211
1.76866
1.77633
1.78343
1.78906
1.79296
1.7952
1.79595
1.79542
1.79388
1.79166
1.78923
1.78717
1.78602
1.78616
1.78762
1.7901
1.79309
1.79602
1.79841
1.79994
1.8004
1.79968
1.79767
1.79428
1.78943
1.78308
1.77537
1.76667
1.75771
1.74955
1.74342
1.74034
1.74078
1.7445
1.75066
1.75818
1.76606
1.77356
1.78025
1.78594
1.79065
1.79444
1.79738
1.79949
1.80065
1.80065
1.79921
1.79601
1.79084
1.78374
1.77522
1.76623
1.75805
1.75178
1.74781
1.74574
1.74474
1.74423
1.7442
1.74515
1.74763
1.75182
1.75735
1.76348
1.76943
1.77464
1.77885
1.78205
1.7844
1.78607
1.78719
1.78783
1.78802
1.78774
1.78698
1.78576
1.78415
1.78223
1.78014
1.77802
1.77602
1.77429
1.77293
1.77204
1.77167
1.77183
1.77251
1.77367
1.77525
1.7772
1.77945
1.78194
1.78463
1.78745
1.79034
1.79326
1.79614
1.79894
1.8016
1.80408
1.80636
1.8084
1.81018
1.8117
1.81295
1.81391
1.81458
1.81495
1.815
1.81472
1.81407
1.81303
1.81157
1.80966
1.80727
1.80439
1.80103
1.79721
1.79302
1.78855
1.78399
1.7796
1.7757
1.77269
1.77099
1.77091
1.77261
1.77597
1.78062
1.786
1.79149
1.79649
1.80054
1.8033
1.80461
1.80442
1.80288
1.80033
1.79728
1.79444
1.79249
1.79196
1.79301
1.7954
1.7986
1.80198
1.80498
1.80721
1.80842
1.80852
1.80749
1.80536
1.80222
1.79817
1.79334
1.78792
1.78214
1.77633
1.77086
1.76625
1.763
1.76161
1.76233
1.76506
1.76932
1.7743
1.77911
1.78303
1.78575
1.78746
1.78882
1.79076
1.79401
1.79879
1.80468
1.81082
1.81627
1.82035
1.82269
1.82329
1.82242
1.82053
1.81818
1.81599
1.8145
1.81406
1.81477
1.81641
1.8185
1.82044
1.82158
1.82136
1.81942
1.81558
1.80992
1.80274
1.79453
1.78594
1.77773
1.77081
1.76618
1.76471
1.76686
1.77242
1.7805
1.78989
1.79937
1.80806
1.81542
1.82125
1.82556
1.82846
1.83014
1.83079
1.8306
1.82973
1.82833
1.82651
1.82439
1.82206
1.81961
1.81718
1.81494
1.81312
1.81193
1.81158
1.81213
1.81353
1.81556
1.8179
1.82021
1.82216
1.82351
1.82413
1.82398
1.82314
1.82175
1.82001
1.8181
1.81621
1.81447
1.81296
1.81172
1.81073
1.80996
1.80935
1.80884
1.80836
1.80788
1.80736
1.80679
1.80614
1.80542
1.80462
1.8037
1.80259
1.80117
1.79925
1.79661
1.79307
1.78853
1.78312
1.7773
1.77187
1.76784
1.76608
1.76695
1.77015
1.77486
1.78008
1.78499
1.78907
1.79211
1.79407
1.79503
1.79512
1.79448
1.79325
1.79156
1.78954
1.78733
1.78504
1.7828
1.78073
1.77889
1.77733
1.77606
1.77504
1.77424
1.77355
1.77292
1.77226
1.77149
1.77055
1.76939
1.76796
1.76622
1.76412
1.76163
1.75873
1.7554
1.75165
1.74753
1.74308
1.73843
1.7337
1.72906
1.72467
1.72069
1.71725
1.71445
1.71237
1.71101
1.71036
1.71034
1.71084
1.71168
1.71271
1.71375
1.7147
1.71547
1.71607
1.71654
1.71697
1.71746
1.71809
1.71894
1.72003
1.72135
1.72282
1.72435
1.72582
1.72707
1.72797
1.72837
1.72814
1.72717
1.72539
1.72275
1.71934
1.71533
1.711
1.70677
1.70305
1.70017
1.69827
1.69723
1.69676
1.69659
1.69655
1.69672
1.69739
1.69889
1.70143
1.70502
1.7094
1.71419
1.71899
1.72348
1.72748
1.73093
1.73385
1.73631
1.73838
1.74012
1.74159
1.74281
1.74378
1.74449
1.74492
1.74504
1.74481
1.74419
1.74317
1.74172
1.73984
1.73755
1.73486
1.73182
1.72851
1.72503
1.72151
1.71816
1.71516
1.71274
1.71112
1.71048
1.71102
1.7129
1.71625
1.72103
1.72697
1.73358
1.74019
1.74611
1.75075
1.75372
1.75481
1.75402
1.75162
1.7481
1.74421
1.74081
1.73859
1.73784
1.73832
1.73934
1.7401
1.73998
1.73873
1.73653
1.73392
1.73167
1.73055
1.73119
1.73392
1.7387
1.74526
1.7531
1.76169
1.77048
1.77901
1.7869
1.79382
1.79956
1.80393
1.80678
1.80798
1.80748
1.8053
1.80163
1.79693
1.79192
1.78753
1.78462
1.78365
1.78446
1.7864
1.78857
1.79014
1.79058
1.78962
1.78726
1.78363
1.77898
1.7736
1.76785
1.76213
1.75686
1.75247
1.74935
1.74779
1.74795
1.74982
1.75322
1.75786
1.76338
1.76939
1.77553
1.78151
1.78711
1.79216
1.79654
1.80017
1.80297
1.80485
1.80575
1.80555
1.80416
1.80149
1.79749
1.79226
1.78604
1.7793
1.77268
1.7669
1.76254
1.75988
1.75885
1.75914
1.76037
1.76226
1.76456
1.76709
1.76965
1.77198
1.77385
1.77506
1.77545
1.77498
1.77364
1.77148
1.76858
1.76506
1.76101
1.75657
1.75184
1.74702
1.74234
1.73816
1.73491
1.73297
1.73259
1.73371
1.73594
1.7387
1.74135
1.74336
1.74439
1.74437
1.7434
1.74182
1.74008
1.73872
1.73822
1.73887
1.74073
1.74356
1.74696
1.75048
1.75372
1.75638
1.75829
1.75937
1.75963
1.75913
1.75801
1.75643
1.75464
1.75294
1.75163
1.751
1.75125
1.75241
1.75441
1.75702
1.75997
1.76299
1.76584
1.76832
1.77028
1.7716
1.77215
1.77182
1.77048
1.76808
1.76469
1.7606
1.75641
1.75296
1.75108
1.75133
1.75364
1.75737
1.76158
1.76537
1.76809
1.76942
1.76928
1.76771
1.7648
1.76068
1.75551
1.7495
1.743
1.73645
1.7304
1.72538
1.72183
1.71994
1.71969
1.72082
1.72303
1.72613
1.73004
1.73488
1.74073
1.7476
1.75526
1.76332
1.77132
1.77883
1.78557
1.79134
1.79605
1.79967
1.80221
1.80369
1.80415
1.80367
1.80235
1.80033
1.79782
1.79508
1.79238
1.78997
1.78807
1.78676
1.78601
1.78568
1.78558
1.78548
1.78518
1.78448
1.78324
1.78132
1.77864
1.77521
1.77118
1.76686
1.76279
1.75957
1.75779
1.75769
1.75917
1.76176
1.7648
1.76773
1.77015
1.7719
1.77301
1.77362
1.77393
1.77413
1.77436
1.7747
1.77516
1.77571
1.77627
1.77676
1.77709
1.77719
1.77699
1.77644
1.77551
1.77416
1.77244
1.7704
1.76819
1.76601
1.7641
1.76268
1.76188
1.76171
1.76202
1.76255
1.76295
1.76289
1.76207
1.76028
1.75741
1.75354
1.749
1.74438
1.74043
1.73787
1.73717
1.73841
1.74136
1.74558
1.75058
1.75583
1.76076
1.76481
1.76746
1.76832
1.76713
1.7638
1.75845
1.75143
1.74338
1.73521
1.72796
1.72251
1.71939
1.71871
1.72034
1.72407
1.72956
1.73629
1.74351
1.75042
1.75635
1.7609
1.76401
1.76589
1.76693
1.76756
1.76819
1.76907
1.77035
1.77199
1.77387
1.77583
1.77771
1.7794
1.78081
1.78193
1.78276
1.7833
1.78357
1.78358
1.78332
1.78274
1.78177
1.78032
1.77822
1.77528
1.77129
1.76604
1.75942
1.75151
1.7428
1.73419
1.72691
1.7221
1.72029
1.7211
1.72349
1.72629
1.72862
1.73008
1.73066
1.73051
1.72983
1.72878
1.72749
1.72606
1.72464
1.72343
1.72266
1.7226
1.7235
1.72556
1.72888
1.73337
1.73881
1.7448
1.75087
1.75656
1.76151
1.76556
1.76869
1.77102
1.77274
1.77404
1.77508
1.77594
1.77669
1.77741
1.77813
1.7789
1.77973
1.78061
1.78149
1.78232
1.78303
1.78361
1.78405
1.78439
1.78467
1.7849
1.78508
1.78513
1.78495
1.78441
1.78335
1.7817
1.77938
1.77642
1.77292
1.76901
1.7649
1.7608
1.75688
1.75329
1.75012
1.74739
1.74511
1.74327
1.74183
1.74073
1.73992
1.73932
1.73887
1.73855
1.73836
1.73833
1.73852
1.739
1.73979
1.74089
1.74227
1.74386
1.74558
1.74737
1.74918
1.751
1.7528
1.75457
1.75625
1.75774
1.75894
1.75971
1.75993
1.7595
1.75838
1.75659
1.75418
1.7513
1.74811
1.74481
1.74157
1.73855
1.73587
1.73359
1.73174
1.73034
1.72932
1.72861
1.72807
1.72757
1.727
1.72627
1.72533
1.72412
1.72257
1.72051
1.71778
1.71426
1.71
1.70535
1.70097
1.69764
1.69602
1.6963
1.69817
1.70095
1.70393
1.70666
1.70896
1.71092
1.71276
1.7147
1.71688
1.71933
1.722
1.72476
1.72745
1.72991
1.73204
1.73375
1.73501
1.73582
1.7362
1.73622
1.73593
1.73539
1.73469
1.73388
1.73301
1.73215
1.7313
1.7305
1.72975
1.72905
1.7284
1.72779
1.72724
1.72672
1.72624
1.72576
1.72522
1.72453
1.72356
1.72215
1.72014
1.71745
1.71407
1.71021
1.70623
1.70264
1.69993
1.69838
1.69792
1.69816
1.6985
1.69843
1.69765
1.69622
1.69453
1.69324
1.69306
1.69455
1.6979
1.70289
1.70899
1.71552
1.72187
1.72759
1.73246
1.7364
1.73944
1.74167
1.74321
1.74416
1.74462
1.74463
1.74422
1.7434
1.74212
1.74033
1.73798
1.73502
1.73145
1.72731
1.72275
1.718
1.71335
1.70914
1.70569
1.70332
1.70223
1.70257
1.70434
1.70746
1.71171
1.71679
1.72233
1.72799
1.73342
1.73836
1.7426
1.74598
1.74841
1.74981
1.7501
1.74924
1.74715
1.74378
1.73906
1.73296
1.7255
1.71683
1.70732
1.69771
1.68914
1.68299
1.68047
1.68206
1.68725
1.69481
1.70329
1.71152
1.71875
1.72467
1.72921
1.73248
1.73463
1.73585
1.73633
1.73623
1.73568
1.73477
1.73353
1.73194
1.72994
1.72741
1.72423
1.72029
1.71563
1.7105
1.70541
1.7011
1.69833
1.69757
1.69874
1.70122
1.70408
1.70645
1.7078
1.70798
1.70728
1.70624
1.70553
1.70569
1.70702
1.70948
1.71277
1.71645
1.7201
1.72341
1.7262
1.7284
1.73001
1.7311
1.7317
1.73189
1.73169
1.73111
1.73017
1.72883
1.72706
1.72484
1.72216
1.71902
1.71549
1.71169
1.70786
1.7043
1.70141
1.69961
1.69924
1.7005
1.70334
1.7075
1.71257
1.71807
1.72358
1.72875
1.73336
1.73727
1.74042
1.74282
1.7445
1.74551
1.74591
1.74574
1.74508
1.74398
1.7425
1.74069
1.73865
1.73645
1.73422
1.7321
1.73022
1.72877
1.7279
1.72775
1.72842
1.72995
1.73228
1.73526
1.73868
1.74226
1.74573
1.74882
1.75132
1.75303
1.75386
1.75378
1.75283
1.75116
1.74896
1.74649
1.744
1.74174
1.73989
1.73856
1.7378
1.73762
1.73801
1.73893
1.74033
1.74214
1.74424
