-0.455181
-0.453832
-0.453159
-0.45357
-0.455119
-0.457408
-0.459755
-0.461476
-0.4621
-0.461526
-0.46014
-0.458704
-0.458079
-0.458991
-0.461659
-0.465717
-0.470401
-0.474854
-0.47839
-0.480553
-0.481115
-0.480012
-0.477206
-0.472738
-0.466649
-0.459058
-0.450238
-0.440749
-0.431526
-0.42396
-0.41969
-0.420004
-0.425255
-0.434546
-0.445998
-0.457451
-0.467078
-0.473627
-0.476445
-0.475394
-0.470821
-0.463573
-0.455007
-0.446822
-0.440671
-0.437662
-0.438028
-0.441132
-0.445844
-0.450933
-0.45542
-0.4588
-0.461033
-0.462453
-0.463563
-0.46481
-0.466462
-0.468677
-0.471522
-0.475043
-0.479207
-0.483847
-0.488648
-0.493225
-0.49725
-0.500461
-0.502752
-0.504125
-0.504666
-0.504487
-0.503719
-0.502485
-0.500891
-0.499027
-0.496973
-0.494803
-0.492577
-0.490338
-0.488103
-0.48589
-0.48366
-0.481375
-0.47894
-0.476275
-0.47331
-0.469996
-0.466397
-0.462702
-0.459236
-0.456411
-0.454651
-0.454241
-0.455178
-0.457193
-0.459808
-0.46246
-0.464681
-0.466105
-0.466544
-0.465958
-0.4644
-0.461978
-0.458861
-0.455232
-0.451314
-0.447296
-0.443441
-0.43998
-0.437162
-0.435188
-0.434221
-0.434321
-0.435497
-0.437703
-0.440875
-0.444878
-0.449549
-0.454651
-0.459923
-0.465063
-0.469788
-0.473848
-0.477059
-0.479284
-0.480463
-0.480598
-0.479725
-0.477897
-0.47521
-0.47174
-0.467587
-0.46288
-0.457808
-0.452675
-0.447893
-0.443929
-0.441192
-0.439889
-0.439935
-0.440995
-0.442624
-0.444381
-0.445976
-0.447253
-0.448185
-0.448808
-0.449163
-0.449249
-0.449046
-0.448467
-0.447434
-0.445851
-0.443669
-0.44087
-0.437487
-0.433627
-0.429429
-0.425071
-0.420703
-0.416461
-0.412484
-0.408927
-0.40605
-0.404146
-0.403527
-0.404375
-0.406616
-0.409852
-0.413454
-0.416753
-0.419277
-0.420936
-0.421965
-0.422788
-0.423732
-0.42486
-0.425957
-0.426662
-0.426657
-0.425874
-0.424495
-0.422864
-0.421394
-0.420337
-0.419657
-0.419098
-0.418245
-0.416777
-0.414627
-0.412086
-0.409764
-0.408402
-0.408623
-0.410655
-0.414291
-0.418969
-0.424056
-0.429009
-0.433484
-0.437287
-0.440385
-0.442808
-0.444641
-0.445963
-0.446842
-0.447284
-0.447215
-0.4464
-0.444351
-0.440217
-0.432765
-0.420454
-0.402233
-0.379269
-0.357114
-0.344912
-0.348809
-0.365685
-0.386219
-0.402617
-0.411709
-0.413482
-0.409112
-0.400233
-0.388915
-0.37782
-0.369784
-0.366702
-0.36852
-0.373502
-0.379447
-0.384766
-0.388909
-0.392068
-0.394748
-0.397417
-0.400311
-0.403421
-0.406542
-0.409417
-0.411771
-0.41345
-0.414361
-0.414501
-0.413874
-0.412591
-0.41076
-0.408505
-0.405961
-0.403241
-0.400408
-0.397481
-0.394469
-0.391362
-0.388219
-0.38516
-0.382433
-0.380336
-0.379132
-0.378973
-0.379772
-0.381367
-0.383452
-0.385754
-0.388087
-0.390314
-0.392359
-0.394176
-0.395738
-0.397046
-0.398128
-0.39905
-0.399899
-0.400777
-0.401766
-0.402899
-0.404211
-0.40565
-0.407157
-0.408628
-0.40998
-0.411117
-0.411992
-0.412552
-0.412771
-0.412652
-0.412175
-0.411342
-0.410177
-0.408686
-0.406867
-0.404764
-0.402416
-0.399912
-0.397348
-0.394835
-0.392519
-0.390523
-0.388958
-0.387874
-0.387278
-0.387156
-0.387413
-0.387965
-0.388737
-0.389666
-0.390751
-0.392026
-0.393578
-0.395481
-0.397816
-0.400586
-0.403734
-0.407138
-0.410647
-0.41412
-0.417422
-0.420496
-0.423283
-0.425748
-0.427876
-0.429615
-0.430874
-0.431578
-0.431604
-0.430844
-0.429151
-0.426391
-0.422448
-0.417238
-0.410712
-0.402963
-0.394251
-0.38507
-0.376187
-0.368503
-0.362987
-0.36036
-0.3609
-0.364368
-0.370084
-0.377188
-0.384816
-0.392249
-0.398967
-0.404608
-0.408985
-0.411957
-0.413515
-0.4137
-0.412636
-0.410526
-0.407648
-0.404357
-0.401054
-0.398176
-0.396085
-0.395029
-0.395044
-0.395952
-0.397397
-0.398972
-0.400279
-0.401061
-0.40121
-0.400732
-0.39973
-0.398354
-0.39673
-0.394991
-0.39327
-0.39166
-0.390134
-0.388498
-0.386417
-0.383589
-0.37986
-0.375435
-0.370869
-0.366894
-0.364113
-0.362744
-0.362646
-0.363442
-0.364816
-0.366696
-0.36917
-0.372383
-0.376374
-0.380997
-0.385939
-0.390787
-0.395112
-0.398566
-0.400876
-0.401902
-0.40165
-0.400245
-0.397932
-0.395059
-0.392005
-0.389202
-0.386986
-0.385552
-0.384943
-0.385047
-0.385668
-0.386565
-0.387507
-0.388332
-0.38893
-0.389229
-0.389235
-0.388961
-0.38849
-0.387921
-0.387344
-0.386871
-0.386581
-0.386551
-0.38679
-0.387273
-0.387923
-0.388598
-0.389133
-0.389296
-0.388835
-0.38746
-0.384847
-0.380653
-0.374583
-0.366507
-0.356688
-0.346029
-0.336138
-0.329064
-0.32634
-0.328215
-0.333454
-0.340102
-0.346373
-0.35121
-0.354272
-0.355754
-0.356108
-0.355899
-0.35561
-0.355551
-0.355859
-0.356549
-0.357648
-0.359235
-0.361472
-0.364482
-0.368201
-0.372403
-0.376679
-0.380638
-0.383927
-0.386351
-0.387826
-0.388401
-0.388213
-0.38746
-0.386329
-0.385066
-0.383875
-0.382888
-0.382193
-0.381817
-0.3817
-0.381733
-0.381792
-0.381764
-0.38158
-0.381204
-0.380669
-0.379998
-0.379301
-0.378648
-0.37815
-0.377884
-0.377871
-0.378127
-0.378607
-0.379228
-0.379906
-0.38052
-0.380986
-0.381282
-0.381413
-0.38147
-0.38161
-0.382027
-0.382885
-0.384304
-0.386268
-0.388656
-0.391264
-0.393848
-0.396158
-0.39798
-0.399157
-0.39961
-0.399288
-0.398185
-0.396351
-0.393861
-0.390839
-0.387481
-0.384017
-0.380741
-0.377922
-0.375843
-0.37474
-0.374717
-0.375782
-0.377809
-0.380571
-0.383808
-0.387251
-0.390731
-0.394203
-0.397729
-0.401459
-0.405535
-0.409957
-0.414578
-0.419041
-0.422862
-0.42549
-0.426422
-0.425326
-0.42216
-0.417379
-0.411973
-0.407265
-0.404332
-0.403372
-0.4035
-0.403198
-0.401163
-0.396985
-0.391357
-0.385757
-0.381785
-0.3804
-0.381669
-0.384843
-0.388858
-0.392728
-0.395731
-0.39747
-0.39785
-0.396965
-0.395049
-0.392413
-0.389381
-0.386228
-0.383179
-0.380433
-0.378121
-0.376321
-0.375066
-0.374374
-0.374187
-0.374431
-0.374985
-0.37573
-0.376591
-0.377501
-0.378462
-0.379534
-0.380747
-0.382131
-0.383671
-0.385326
-0.386977
-0.388549
-0.389925
-0.391032
-0.391803
-0.392212
-0.392234
-0.391852
-0.391029
-0.389748
-0.387971
-0.385646
-0.382742
-0.379212
-0.375023
-0.370157
-0.364644
-0.358551
-0.351992
-0.345147
-0.338292
-0.331734
-0.325901
-0.321182
-0.317953
-0.316453
-0.316742
-0.318661
-0.321865
-0.325868
-0.3302
-0.334456
-0.338361
-0.341743
-0.344569
-0.34687
-0.348709
-0.35017
-0.351293
-0.352158
-0.352782
-0.353182
-0.353394
-0.353408
-0.353232
-0.352879
-0.352352
-0.351674
-0.350854
-0.349948
-0.349
-0.348062
-0.347197
-0.346452
-0.345903
-0.345568
-0.345477
-0.345633
-0.345984
-0.346496
-0.347114
-0.347785
-0.348468
-0.349139
-0.349789
-0.350443
-0.351151
-0.351969
-0.352948
-0.354141
-0.355585
-0.357273
-0.359153
-0.361116
-0.363036
-0.364755
-0.366124
-0.367003
-0.367307
-0.36701
-0.366175
-0.36496
-0.363613
-0.362335
-0.361239
-0.360309
-0.359339
-0.358041
-0.356151
-0.353647
-0.35077
-0.348067
-0.346233
-0.345902
-0.34747
-0.351025
-0.356296
-0.362802
-0.369944
-0.377131
-0.383866
-0.389792
-0.394675
-0.398451
-0.401115
-0.402709
-0.403291
-0.402906
-0.401587
-0.399308
-0.396007
-0.391629
-0.386099
-0.379404
-0.3716
-0.362955
-0.354007
-0.345558
-0.338627
-0.334222
-0.333023
-0.335134
-0.340036
-0.346787
-0.354323
-0.36172
-0.368317
-0.373698
-0.377706
-0.380314
-0.381579
-0.381635
-0.380638
-0.378776
-0.376299
-0.373468
-0.37061
-0.368045
-0.365995
-0.364668
-0.364107
-0.364233
-0.364872
-0.365829
-0.366923
-0.367997
-0.368963
-0.369764
-0.370396
-0.370854
-0.371157
-0.371299
-0.371277
-0.371112
-0.370795
-0.370331
-0.36973
-0.369006
-0.368177
-0.367267
-0.366321
-0.365364
-0.364455
-0.363633
-0.362947
-0.362407
-0.362028
-0.36182
-0.361773
-0.361855
-0.362042
-0.362295
-0.362584
-0.362881
-0.363148
-0.363377
-0.363546
-0.363645
-0.363678
-0.363621
-0.363505
-0.363315
-0.363061
-0.362743
-0.362367
-0.361928
-0.361461
-0.36096
-0.360416
-0.35985
-0.359274
-0.358695
-0.358117
-0.357551
-0.356991
-0.356448
-0.35591
-0.35538
-0.354858
-0.354313
-0.353727
-0.353049
-0.352199
-0.351077
-0.349545
-0.34743
-0.344566
-0.340832
-0.336246
-0.33107
-0.325946
-0.321814
-0.319726
-0.320438
-0.324009
-0.329768
-0.336604
-0.343427
-0.349429
-0.35419
-0.357621
-0.359844
-0.361081
-0.361609
-0.361695
-0.361592
-0.361526
-0.361655
-0.362056
-0.362779
-0.363792
-0.365035
-0.366426
-0.367868
-0.369278
-0.370612
-0.371805
-0.372817
-0.373664
-0.374325
-0.374818
-0.375171
-0.375409
-0.375551
-0.375628
-0.375647
-0.375607
-0.375527
-0.375373
-0.375121
-0.374736
-0.374171
-0.373369
-0.372272
-0.370816
-0.368949
-0.366633
-0.363835
-0.360601
-0.357019
-0.353274
-0.349598
-0.346307
-0.343743
-0.342215
-0.341915
-0.342886
-0.34503
-0.348089
-0.351749
-0.355701
-0.359679
-0.363478
-0.366951
-0.370049
-0.37277
-0.37515
-0.377285
-0.379247
-0.381109
-0.382958
-0.384826
-0.38674
-0.388696
-0.390673
-0.392638
-0.394536
-0.396322
-0.397964
-0.399394
-0.400593
-0.401508
-0.402086
-0.402265
-0.401978
-0.401156
-0.399741
-0.397688
-0.394991
-0.391743
-0.388151
-0.38453
-0.38131
-0.378946
-0.377832
-0.378196
-0.380037
-0.383127
-0.387117
-0.391607
-0.396218
-0.400592
-0.404473
-0.40765
-0.409979
-0.411315
-0.411623
-0.410866
-0.409085
-0.406387
-0.402948
-0.39903
-0.39498
-0.391178
-0.387983
-0.38567
-0.384376
-0.384076
-0.384621
-0.385787
-0.38726
-0.388729
-0.389891
-0.390497
-0.390386
-0.389499
-0.38797
-0.386063
-0.384114
-0.382439
-0.381215
-0.380467
-0.380168
-0.380317
-0.381086
-0.382707
-0.385423
-0.389369
-0.394423
-0.400276
-0.40654
-0.412803
-0.418678
-0.42389
-0.428268
-0.431723
-0.434243
-0.435846
-0.436566
-0.436478
-0.435626
-0.434118
-0.432052
-0.42962
-0.427017
-0.424458
-0.422137
-0.420171
-0.418573
-0.417263
-0.416076
-0.414806
-0.413278
-0.411337
-0.408907
-0.405965
-0.402538
-0.39872
-0.394634
-0.390458
-0.386441
-0.382949
-0.380513
-0.379709
-0.381024
-0.384588
-0.389981
-0.39633
-0.402604
-0.407934
-0.411775
-0.413927
-0.414498
-0.413777
-0.412122
-0.409911
-0.407494
-0.405148
-0.403052
-0.401277
-0.399828
-0.398615
-0.39754
-0.396513
-0.395467
-0.394405
-0.393397
-0.392561
-0.392056
-0.39204
-0.392634
-0.393867
-0.395715
-0.398049
-0.400673
-0.403341
-0.405747
-0.407596
-0.408635
-0.408689
-0.407658
-0.405602
-0.402724
-0.399387
-0.396063
-0.393188
-0.391079
-0.389778
-0.389061
-0.388538
-0.387792
-0.386528
-0.38471
-0.382537
-0.380407
-0.378816
-0.378175
-0.378672
-0.380174
-0.382324
-0.384636
-0.386651
-0.388061
-0.388712
-0.388601
-0.387852
-0.386663
-0.385267
-0.383897
-0.382741
-0.381938
-0.381563
-0.381598
-0.381866
-0.382092
-0.381861
-0.380665
-0.377943
-0.373196
-0.36615
-0.357049
-0.347033
-0.33816
-0.332852
-0.332639
-0.337229
-0.344687
-0.35266
-0.359425
-0.364213
-0.367004
-0.368166
-0.368154
-0.36741
-0.366253
-0.3649
-0.363541
-0.362274
-0.361169
-0.360291
-0.359658
-0.359236
-0.35902
-0.358942
-0.358953
-0.358976
-0.358956
-0.358859
-0.358662
-0.358363
-0.357975
-0.357505
-0.356973
-0.35636
-0.355653
-0.354837
-0.353835
-0.352591
-0.351059
-0.349218
-0.347093
-0.344797
-0.342511
-0.340535
-0.339116
-0.338448
-0.338496
-0.338965
-0.339228
-0.338371
-0.335352
-0.329178
-0.319434
-0.307083
-0.295152
-0.288261
-0.289978
-0.300125
-0.314891
-0.329759
-0.341909
-0.350583
-0.356318
-0.360044
-0.362677
-0.364841
-0.366853
-0.368781
-0.370483
-0.371796
-0.372545
-0.372634
-0.372027
-0.370799
-0.369082
-0.36709
-0.365029
-0.363103
-0.361509
-0.36037
-0.359776
-0.359742
-0.360194
-0.361039
-0.362134
-0.363307
-0.364378
-0.365186
-0.365599
-0.365558
-0.365054
-0.364128
-0.362891
-0.361471
-0.360033
-0.358732
-0.357723
-0.357117
-0.357007
-0.357422
-0.358353
-0.359716
-0.361432
-0.363382
-0.365466
-0.367587
-0.369694
-0.371744
-0.373715
-0.375588
-0.377343
-0.378979
-0.380491
-0.381863
-0.383122
-0.384293
-0.385415
-0.386501
-0.387563
-0.388571
-0.389445
-0.390067
-0.39031
-0.390053
-0.389238
-0.387939
-0.386359
-0.384847
-0.383777
-0.383501
-0.384189
-0.385768
-0.387948
-0.3903
-0.392421
-0.39395
-0.394667
-0.394488
-0.393382
-0.391398
-0.388641
-0.38524
-0.381366
-0.377266
-0.373197
-0.369501
-0.366454
-0.364311
-0.363189
-0.363033
-0.363693
-0.364873
-0.366297
-0.367667
-0.368768
-0.369425
-0.369537
-0.369078
-0.368034
-0.366441
-0.364367
-0.361932
-0.359355
-0.356999
-0.355323
-0.354784
-0.355724
-0.358144
-0.361676
-0.365634
-0.369237
-0.37183
-0.37302
-0.372782
-0.371465
-0.369766
-0.368533
-0.368509
-0.369995
-0.372806
-0.376346
-0.379899
-0.382836
-0.384772
-0.385587
-0.385343
-0.384252
-0.382562
-0.38053
-0.378362
-0.376198
-0.374057
-0.371893
-0.369605
-0.367093
-0.364347
-0.361442
-0.358613
-0.356212
-0.354558
-0.353894
-0.35425
-0.355409
-0.357005
-0.358594
-0.359719
-0.359984
-0.359051
-0.356625
-0.352483
-0.346452
-0.338646
-0.329659
-0.320749
-0.313856
-0.311033
-0.31347
-0.320917
-0.331824
-0.344191
-0.356312
-0.367147
-0.376238
-0.38352
-0.389108
-0.393214
-0.396031
-0.397756
-0.398471
-0.398212
-0.396949
-0.394572
-0.390981
-0.386084
-0.379934
-0.372896
-0.365714
-0.359538
-0.355591
-0.354725
-0.35694
-0.361421
-0.36688
-0.372154
-0.376392
-0.379209
-0.380543
-0.380503
-0.379255
-0.377042
-0.374057
-0.37054
-0.366699
-0.362805
-0.359152
-0.356079
-0.353934
-0.353036
-0.353559
-0.355561
-0.358895
-0.36327
-0.368307
-0.37359
-0.378754
-0.383503
-0.387607
-0.390919
-0.393362
-0.394934
-0.39571
-0.395891
-0.395729
-0.395548
-0.395721
-0.39653
-0.398153
-0.400557
-0.40359
-0.406955
-0.410312
-0.413356
-0.415828
-0.417538
-0.418353
-0.418151
-0.416853
-0.414383
-0.410765
-0.406071
-0.400519
-0.394535
-0.388688
-0.383667
-0.380102
-0.378416
-0.378668
-0.380569
-0.383592
-0.387163
-0.390804
-0.394229
-0.397367
-0.400298
-0.403189
-0.406153
-0.409269
-0.412521
-0.415787
-0.418911
-0.421719
-0.424041
-0.425781
-0.426882
-0.42732
-0.427146
-0.426473
-0.425424
-0.424142
-0.422815
-0.421579
-0.420569
-0.419879
-0.419535
-0.419531
-0.419772
-0.420199
-0.420737
-0.421285
-0.421785
-0.422209
-0.42253
-0.422745
-0.422844
-0.42284
-0.422737
-0.422525
-0.422206
-0.421767
-0.421193
-0.420458
-0.419525
-0.418395
-0.417012
-0.415358
-0.413422
-0.411215
-0.408805
-0.406264
-0.403749
-0.401434
-0.399498
-0.398133
-0.397426
-0.397407
-0.398005
-0.399123
-0.400656
-0.402565
-0.4048
-0.407351
-0.410164
-0.41314
-0.416121
-0.418923
-0.421381
-0.423345
-0.424718
-0.425443
-0.425513
-0.424957
-0.423786
-0.422081
-0.419898
-0.417271
-0.414232
-0.410784
-0.406933
-0.402724
-0.398315
-0.394006
-0.390269
-0.387626
-0.386462
-0.386789
-0.388231
-0.390053
-0.391414
-0.391675
-0.390565
-0.388244
-0.385303
-0.382575
-0.380935
-0.380953
-0.382743
-0.385931
-0.389822
-0.393679
-0.396913
-0.399183
-0.400352
-0.400517
-0.399969
-0.399132
-0.398532
-0.39866
-0.399882
-0.402289
-0.405742
-0.409891
-0.414272
-0.418483
-0.422214
-0.425283
-0.427574
-0.429045
-0.429657
-0.429371
-0.428137
-0.42587
-0.422499
-0.41796
-0.412268
-0.405542
-0.398075
-0.390339
-0.382988
-0.376751
-0.372248
-0.369863
-0.36959
-0.371039
-0.373477
-0.376002
-0.377705
-0.377875
-0.376138
-0.372587
-0.367885
-0.363115
-0.359498
-0.357998
-0.358981
-0.36219
-0.366949
-0.37246
-0.377956
-0.382895
-0.386919
-0.389837
-0.391587
-0.392197
-0.391734
-0.390302
-0.388038
-0.385102
-0.381686
-0.378039
-0.374424
-0.37114
-0.368412
-0.366417
-0.365235
-0.364809
-0.364981
-0.365545
-0.366312
-0.367091
-0.36779
-0.368345
-0.368758
-0.369032
-0.369223
-0.369356
-0.369479
-0.369638
-0.369881
-0.37024
-0.370775
-0.371522
-0.372537
-0.373836
-0.375438
-0.377321
-0.379449
-0.381755
-0.384194
-0.386656
-0.389086
-0.391405
-0.393554
-0.39544
-0.397005
-0.398187
-0.398909
-0.399093
-0.398655
-0.397552
-0.395734
-0.39322
-0.390042
-0.386281
-0.382032
-0.377393
-0.372456
-0.367325
-0.362184
-0.35739
-0.35353
-0.351296
-0.35133
-0.353859
-0.358583
-0.364704
-0.371215
-0.377131
-0.381776
-0.384829
-0.386314
-0.386597
-0.386291
-0.386144
-0.386872
-0.38892
-0.392389
-0.397054
-0.40246
-0.408147
-0.413727
-0.41892
-0.423585
-0.427558
-0.430683
-0.432756
-0.433564
-0.432865
-0.430423
-0.426066
-0.419732
-0.411538
-0.401851
-0.391377
-0.381166
-0.372477
-0.366436
-0.363688
-0.364155
-0.367092
-0.371425
-0.37619
-0.380798
-0.385097
-0.389272
-0.393603
-0.398252
-0.403129
-0.407921
-0.412226
-0.415688
-0.418027
-0.419127
-0.418943
-0.41757
-0.415214
-0.412256
-0.409166
-0.406496
-0.404796
-0.404424
-0.405465
-0.40771
-0.410744
-0.413999
-0.416934
-0.419073
-0.420083
-0.419749
-0.418
-0.41489
-0.410576
-0.40536
-0.399639
-0.393892
-0.388608
-0.384146
-0.38069
-0.378238
-0.376628
-0.375648
-0.37519
-0.375242
-0.375805
-0.376826
-0.378091
-0.37928
-0.380061
-0.380205
-0.37969
-0.378688
-0.377535
-0.376597
-0.376256
-0.376776
-0.378282
-0.380705
-0.383831
-0.387364
-0.390967
-0.39432
-0.397187
-0.399417
-0.400951
-0.401793
-0.402008
-0.401697
-0.400962
-0.399922
-0.398684
-0.397355
-0.395967
-0.394571
-0.39315
-0.391702
-0.390196
-0.38861
-0.386925
-0.385176
-0.383424
-0.381762
-0.38028
-0.379106
-0.378297
-0.377857
-0.377764
-0.377925
-0.378242
-0.378622
-0.37901
-0.37937
-0.379728
-0.380125
-0.380618
-0.381254
-0.382088
-0.383109
-0.384284
-0.385566
-0.386863
-0.388025
-0.388887
-0.389265
-0.388913
-0.387606
-0.385065
-0.381108
-0.375646
-0.368832
-0.361158
-0.353553
-0.347261
-0.343499
-0.343013
-0.345798
-0.351099
-0.357778
-0.364689
-0.370977
-0.376088
-0.379743
-0.381871
-0.382512
-0.3818
-0.379945
-0.377181
-0.373768
-0.370018
-0.366231
-0.362739
-0.359897
-0.357983
-0.357207
-0.357628
-0.359108
-0.361413
-0.364182
-0.367095
-0.369858
-0.372267
-0.374212
-0.375675
-0.376645
-0.377178
-0.377331
-0.37714
-0.37668
-0.37601
-0.375179
-0.374229
-0.373197
-0.372112
-0.371021
-0.369935
-0.368876
-0.367875
-0.36694
-0.366077
-0.365242
-0.364434
-0.363631
-0.362804
-0.36192
-0.360957
-0.359889
-0.358717
-0.357429
-0.356058
-0.354599
-0.353103
-0.351593
-0.350129
-0.348762
-0.347528
-0.346455
-0.345574
-0.344898
-0.344437
-0.344187
-0.344114
-0.344206
-0.344422
-0.344724
-0.345056
-0.345368
-0.345616
-0.345741
-0.345694
-0.345424
-0.344922
-0.344167
-0.34319
-0.342044
-0.340847
-0.339733
-0.338875
-0.338444
-0.338594
-0.339381
-0.340805
-0.342766
-0.345127
-0.3477
-0.350313
-0.352786
-0.355038
-0.357022
-0.358737
-0.360212
-0.361529
-0.362736
-0.363914
-0.365124
-0.366387
-0.367675
-0.368957
-0.370122
-0.371017
-0.371505
-0.371403
-0.370531
-0.368777
-0.36602
-0.36223
-0.357479
-0.351958
-0.346061
-0.340391
-0.335665
-0.332509
-0.331199
-0.331484
-0.332742
-0.334238
-0.335176
-0.334559
-0.331087
-0.323676
-0.312755
-0.301712
-0.296049
-0.299378
-0.309917
-0.321984
-0.3306
-0.333949
-0.33297
-0.329893
-0.327162
-0.326714
-0.329553
-0.335701
-0.344403
-0.354488
-0.364771
-0.374292
-0.382412
-0.38882
-0.393466
-0.396464
-0.398026
-0.39843
-0.397957
-0.396859
-0.395367
-0.393668
-0.391865
-0.390026
-0.388161
-0.386265
-0.384291
-0.382231
-0.38009
-0.377933
-0.375862
-0.373996
-0.372509
-0.371536
-0.371176
-0.371425
-0.372205
-0.373377
-0.374759
-0.376137
-0.37733
-0.378199
-0.378638
-0.378587
-0.378036
-0.377027
-0.375596
-0.373856
-0.37192
-0.369891
-0.367898
-0.366031
-0.364324
-0.36282
-0.361459
-0.360221
-0.359049
-0.357902
-0.356765
-0.355622
-0.354491
-0.353407
-0.352349
-0.351318
-0.350266
-0.349163
-0.347941
-0.346594
-0.345134
-0.343681
-0.342409
-0.341569
-0.341349
-0.341851
-0.343007
-0.344544
-0.346063
-0.347181
-0.347588
-0.347165
-0.346125
-0.344905
-0.344099
-0.344246
-0.345598
-0.347964
-0.35082
-0.353503
-0.355355
-0.355958
-0.355123
-0.352897
-0.349551
-0.345496
-0.341193
-0.33712
-0.33371
-0.331235
-0.329784
-0.329287
-0.329541
-0.330299
-0.331358
-0.332567
-0.333913
-0.335462
-0.337343
-0.339588
-0.342216
-0.345088
-0.34805
-0.350899
-0.353466
-0.355637
-0.357351
-0.358614
-0.359427
-0.359861
-0.35997
-0.359812
-0.359443
-0.358918
-0.358266
-0.357508
-0.356666
-0.355745
-0.354749
-0.353692
-0.352568
-0.351405
-0.350188
-0.348965
-0.347789
-0.346707
-0.345762
-0.344997
-0.344491
-0.34426
-0.344334
-0.344726
-0.34543
-0.346431
-0.347684
-0.349126
-0.350741
-0.352454
-0.354196
-0.355923
-0.357564
-0.35907
-0.360392
-0.361483
-0.36233
-0.362898
-0.363187
-0.363196
-0.362948
-0.362465
-0.361808
-0.361048
-0.360266
-0.35957
-0.359083
-0.358949
-0.359249
-0.360046
-0.361332
-0.363015
-0.364937
-0.366924
-0.368768
-0.370309
-0.37145
-0.372159
-0.372472
-0.372506
-0.372416
-0.372349
-0.372445
-0.372784
-0.373385
-0.374202
-0.37514
-0.376107
-0.377019
-0.377822
-0.378528
-0.379181
-0.37987
-0.380655
-0.381615
-0.382777
-0.384149
-0.385675
-0.38729
-0.388892
-0.390432
-0.391858
-0.393169
-0.394461
-0.395824
-0.3974
-0.399267
-0.401507
-0.404087
-0.406902
-0.409816
-0.412644
-0.415207
-0.41735
-0.418978
-0.420038
-0.420504
-0.420388
-0.419707
-0.418432
-0.416502
-0.41378
-0.410108
-0.405366
-0.39954
-0.392899
-0.386057
-0.380031
-0.376011
-0.374982
-0.377282
-0.382441
-0.389352
-0.396724
-0.403525
-0.409074
-0.412999
-0.415157
-0.415485
-0.413971
-0.410667
-0.405807
-0.399899
-0.393827
-0.388762
-0.385879
-0.385923
-0.388892
-0.394086
-0.400431
-0.406886
-0.412747
-0.417648
-0.421527
-0.424508
-0.426812
-0.428656
-0.430254
-0.431804
-0.43345
-0.435253
-0.437273
-0.439498
-0.441872
-0.444327
-0.446773
-0.44909
-0.451211
-0.453029
-0.454472
-0.455466
-0.455937
-0.455857
-0.455193
-0.453955
-0.452186
-0.450002
-0.447593
-0.445209
-0.44317
-0.441759
-0.441174
-0.441426
-0.442301
-0.44339
-0.444168
-0.444109
-0.442786
-0.439966
-0.435618
-0.430032
-0.423715
-0.417311
-0.411435
-0.406533
-0.402778
-0.400081
-0.39823
-0.397006
-0.39629
-0.396083
-0.396451
-0.397552
-0.399592
-0.402778
-0.407271
-0.412996
-0.419512
-0.426028
-0.431613
-0.435459
-0.437244
-0.437351
-0.436777
-0.436761
-0.438209
-0.44116
-0.444837
-0.448087
-0.449897
-0.449787
-0.447786
-0.444358
-0.440165
-0.435897
-0.432163
-0.429398
-0.427864
-0.427653
-0.428737
-0.431001
-0.434257
-0.438239
-0.442588
-0.446867
-0.450538
-0.453027
-0.453776
-0.452295
-0.448353
-0.442019
-0.433908
-0.425177
-0.417427
-0.41232
-0.411024
-0.413741
-0.419635
-0.427126
-0.434403
-0.439963
-0.442853
-0.44266
-0.439447
-0.433676
-0.426156
-0.417995
-0.410478
-0.404891
-0.402231
-0.402962
-0.406907
-0.413316
-0.42111
-0.429223
-0.436834
-0.443401
-0.448708
-0.452744
-0.455606
-0.457439
-0.458426
-0.458656
-0.45827
-0.457355
-0.455975
-0.454223
-0.452187
-0.44998
-0.447725
-0.44555
-0.443602
-0.44202
-0.440872
-0.440247
-0.440152
-0.440539
-0.441352
-0.442483
-0.443816
-0.445235
-0.446639
-0.447932
-0.44905
-0.449963
-0.450649
-0.451123
-0.451423
-0.45159
-0.451692
-0.451803
-0.451938
-0.452142
-0.452399
-0.452649
-0.452799
-0.452736
-0.452354
-0.451525
-0.450204
-0.448375
-0.446089
-0.443496
-0.440805
-0.438254
-0.436105
-0.434621
-0.434033
-0.434536
-0.436256
-0.439236
-0.443428
-0.448689
-0.454737
-0.461234
-0.467803
-0.474048
-0.479664
-0.484372
-0.488005
-0.490493
-0.491847
-0.49217
-0.491663
-0.490628
-0.489393
-0.488324
-0.487716
-0.487724
-0.488311
-0.489249
-0.490219
-0.490821
-0.49068
-0.489505
-0.487091
-0.483314
-0.47813
-0.471586
-0.463797
-0.454973
-0.445416
-0.435474
-0.425558
-0.416062
-0.407323
-0.399605
-0.393118
-0.388058
-0.384622
-0.383082
-0.383665
-0.386521
-0.39172
-0.399187
-0.408683
-0.419796
-0.431847
-0.443993
-0.455344
-0.465174
-0.473035
-0.478754
-0.482396
-0.484132
-0.484238
-0.483
-0.480674
-0.477498
-0.473686
-0.469415
-0.464866
-0.460184
-0.45548
-0.450837
-0.446321
-0.441968
-0.437802
-0.433815
-0.430014
-0.426383
-0.422911
-0.419588
-0.416404
-0.413308
-0.41024
-0.40717
-0.404048
-0.400888
-0.397736
-0.394679
-0.391855
-0.389425
-0.387547
-0.386295
-0.385686
-0.385631
-0.386015
-0.386629
-0.387329
-0.38798
-0.388496
-0.388791
-0.388873
-0.388743
-0.388422
-0.387942
-0.38733
-0.38663
-0.385887
-0.385137
-0.384424
-0.383774
-0.383229
-0.382829
-0.382627
-0.382637
-0.382888
-0.38338
-0.384122
-0.385068
-0.38619
-0.387414
-0.388659
-0.389857
-0.390902
-0.391682
-0.392112
-0.392103
-0.39158
-0.390489
-0.388825
-0.386582
-0.383821
-0.380596
-0.376992
-0.373075
-0.368869
-0.364415
-0.359738
-0.354936
-0.350228
-0.346028
-0.342873
-0.341239
-0.341277
-0.342601
-0.344174
-0.344577
-0.342593
-0.338004
-0.332239
-0.328323
-0.329436
-0.336856
-0.349166
-0.363541
-0.377563
-0.39005
-0.400728
-0.409714
-0.417153
-0.423129
-0.427666
-0.430774
-0.432512
-0.432941
-0.43213
-0.43019
-0.427197
-0.423292
-0.418653
-0.413514
-0.408209
-0.403101
-0.398612
-0.395121
-0.392871
-0.39192
-0.392092
-0.393107
-0.394663
-0.396549
-0.398657
-0.400996
-0.403539
-0.406228
-0.408892
-0.411292
-0.413214
-0.414477
-0.414957
-0.414645
-0.413596
-0.411906
-0.409741
-0.407332
-0.404978
-0.402976
-0.401615
-0.401016
-0.401114
-0.401595
-0.401923
-0.401484
-0.39969
-0.396145
-0.39077
-0.383843
-0.376042
-0.36821
-0.361136
-0.355218
-0.350442
-0.346546
-0.343413
-0.341241
-0.340643
-0.342313
-0.346699
-0.353675
-0.362578
-0.372347
-0.381881
-0.390303
-0.397073
-0.401995
-0.405099
-0.406574
-0.406661
-0.405616
-0.403683
-0.401077
-0.398023
-0.394705
-0.391302
-0.387995
-0.384944
-0.382264
-0.380042
-0.378321
-0.377071
-0.37621
-0.375606
-0.375104
-0.374544
-0.373845
-0.372944
-0.371854
-0.370656
-0.369499
-0.368553
-0.367955
-0.367793
-0.368077
-0.368734
-0.369698
-0.370859
-0.372215
-0.373801
-0.37572
-0.378045
-0.380891
-0.38427
-0.388137
-0.392361
-0.39676
-0.401156
-0.405371
-0.409243
-0.412645
-0.415492
-0.417682
-0.419133
-0.419747
-0.41943
-0.418088
-0.415654
-0.412164
-0.40777
-0.402883
-0.398093
-0.39415
-0.391726
-0.391216
-0.392575
-0.395294
-0.398605
-0.401734
-0.404156
-0.405753
-0.406833
-0.408027
-0.410055
-0.413434
-0.418298
-0.424277
-0.430661
-0.436646
-0.441519
-0.44482
-0.446303
-0.445918
-0.443777
-0.440058
-0.434944
-0.428542
-0.420903
-0.412174
-0.402878
-0.394222
-0.387982
-0.385856
-0.388482
-0.395032
-0.403763
-0.41292
-0.421393
-0.428769
-0.435005
-0.440229
-0.444571
-0.448084
-0.450814
-0.452847
-0.454413
-0.455856
-0.457577
-0.459917
-0.462984
-0.46659
-0.470279
-0.473502
-0.475754
-0.476696
-0.476141
-0.474056
-0.470527
-0.46574
-0.459969
-0.45358
-0.447073
-0.44108
-0.436304
-0.433425
-0.432875
-0.434629
-0.438042
-0.442027
-0.445329
-0.446904
-0.446163
-0.443029
-0.437957
-0.431783
-0.425564
-0.420357
-0.41688
-0.415384
-0.415621
-0.417054
-0.419041
-0.421036
-0.422609
-0.423408
-0.423172
-0.421693
-0.418832
-0.414602
-0.409125
-0.402698
-0.395765
-0.388924
-0.382901
-0.378411
-0.375966
-0.375763
-0.377625
-0.38124
-0.386279
-0.392543
-0.399868
-0.407941
-0.416297
-0.424378
-0.43166
-0.437763
-0.44248
-0.445805
-0.447836
-0.448716
-0.448617
-0.447685
-0.446054
-0.443814
-0.441045
-0.437797
-0.434158
-0.430201
-0.426022
-0.421779
-0.417659
-0.413841
-0.410494
-0.407695
-0.405414
-0.403524
-0.401843
-0.400148
-0.398272
-0.396119
-0.393637
-0.390868
-0.38785
-0.384614
-0.381133
-0.377398
-0.373458
-0.369589
-0.366329
-0.364504
-0.364949
-0.368033
-0.373492
-0.380398
-0.387563
-0.393913
-0.398749
-0.401741
-0.402846
-0.40224
-0.400177
-0.397042
-0.393215
-0.389163
-0.385312
-0.382065
-0.379696
-0.378328
-0.377933
-0.378351
-0.379371
-0.380763
-0.38229
-0.383781
-0.38509
-0.386132
-0.386852
-0.387247
-0.387356
-0.387257
-0.387075
-0.386922
-0.386949
-0.38728
-0.388
-0.389143
-0.390714
-0.392641
-0.39484
-0.397201
-0.399605
-0.401916
-0.404052
-0.405902
-0.407397
-0.408475
-0.409084
-0.409185
-0.408783
-0.407835
-0.406347
-0.404306
-0.401724
-0.398621
-0.395101
-0.391362
-0.387822
-0.385044
-0.38373
-0.38447
-0.387472
-0.392398
-0.398466
-0.404639
-0.409963
-0.413733
-0.415494
-0.415015
-0.412247
-0.407298
-0.400492
-0.392394
-0.383809
-0.375716
-0.369091
-0.364844
-0.363735
-0.366242
-0.372213
-0.380584
-0.389504
-0.396747
-0.40038
-0.399233
-0.393263
-0.384097
-0.375139
-0.370565
-0.372945
-0.381555
-0.393082
-0.404056
-0.412422
-0.41771
-0.420373
-0.421178
-0.420857
-0.419956
-0.418874
-0.417898
-0.417263
-0.417164
-0.417766
-0.419149
-0.421266
-0.423929
-0.426851
-0.4297
-0.432137
-0.433851
-0.434646
-0.434429
-0.433227
-0.431131
-0.428318
-0.424983
-0.421258
-0.417248
-0.412984
-0.408463
-0.403706
-0.398792
-0.393903
-0.389373
-0.385624
-0.383162
-0.38246
-0.383792
-0.387118
-0.392037
-0.397871
-0.403871
-0.409386
-0.413894
-0.417155
-0.419091
-0.419792
-0.419458
-0.418366
-0.416814
-0.415123
-0.413593
-0.412489
-0.411997
-0.412192
-0.413052
-0.414471
-0.416336
-0.41846
-0.420672
-0.422801
-0.42473
-0.426345
-0.427577
-0.428359
-0.428669
-0.42848
-0.42779
-0.426607
-0.42492
-0.422779
-0.420212
-0.417252
-0.413943
-0.410366
-0.406576
-0.402686
-0.398805
-0.395067
-0.391652
-0.388725
-0.386487
-0.385094
-0.38465
-0.385219
-0.386732
-0.389061
-0.391988
-0.395255
-0.398617
-0.401815
-0.404648
-0.406956
-0.408593
-0.409486
-0.409572
-0.408798
-0.40713
-0.404583
-0.401139
-0.396824
-0.391653
-0.385702
-0.37903
-0.371765
-0.364117
-0.356421
-0.349146
-0.342915
-0.338406
-0.336187
-0.336587
-0.339571
-0.344785
-0.35166
-0.359544
-0.367778
-0.375749
-0.382996
-0.389193
-0.394202
-0.397977
-0.400601
-0.402209
-0.402962
-0.40303
-0.402558
-0.401683
-0.400532
-0.399202
-0.39779
-0.39637
-0.395023
-0.393795
-0.392723
-0.391849
-0.391212
-0.390824
-0.390702
-0.390841
-0.391269
-0.391948
-0.392838
-0.393884
-0.394976
-0.395973
-0.396743
-0.397137
-0.397022
-0.396308
-0.39494
-0.392934
-0.390369
-0.387388
-0.384234
-0.381196
-0.378601
-0.376756
-0.375894
-0.376147
-0.377498
-0.379815
-0.382849
-0.38628
-0.389764
-0.392971
-0.395573
-0.397326
-0.398063
-0.397751
-0.396558
-0.394906
-0.393459
-0.39296
-0.394044
-0.397
-0.401608
-0.40728
-0.413275
-0.418918
-0.423787
-0.427654
-0.430479
-0.432323
-0.433305
-0.433534
-0.433109
-0.432074
-0.430479
-0.428328
-0.425656
-0.422485
-0.418873
-0.414947
-0.410901
-0.406969
-0.403438
-0.400614
-0.398768
-0.398075
-0.398605
-0.400298
-0.402996
-0.406479
-0.410472
-0.41473
-0.419062
-0.423319
-0.427391
-0.431238
-0.434804
-0.438056
-0.440938
-0.443427
-0.445451
-0.446976
-0.447942
-0.448293
-0.448018
-0.447064
-0.445361
-0.442837
-0.439431
-0.435126
-0.430056
-0.424501
-0.419009
-0.414328
-0.411222
-0.410232
-0.411541
-0.414867
-0.419626
-0.425124
-0.430702
-0.435842
-0.440152
-0.443358
-0.445226
-0.445598
-0.444381
-0.441609
-0.437522
-0.432645
-0.427814
-0.424002
-0.421964
-0.421965
-0.423607
-0.426068
-0.428466
-0.430146
-0.430791
-0.430393
-0.429137
-0.42732
-0.425214
-0.423123
-0.421262
-0.419785
-0.418818
-0.418422
-0.418586
-0.419238
-0.420263
-0.42148
-0.422722
-0.423879
-0.42491
-0.425809
-0.426648
-0.427503
-0.428418
-0.429381
-0.430317
-0.431089
-0.431482
-0.431243
-0.430142
-0.427983
-0.424687
-0.420474
-0.41591
-0.411959
-0.40971
-0.409994
-0.41292
-0.41782
-0.423555
-0.42899
-0.433371
-0.436438
-0.438307
-0.43931
-0.439848
-0.440192
-0.440465
-0.440668
-0.440779
-0.44083
-0.440963
-0.441351
-0.442121
-0.443226
-0.44448
-0.445585
-0.446318
-0.446647
-0.446725
-0.446915
-0.447614
-0.449127
-0.451483
-0.454485
-0.457773
-0.460959
-0.463681
-0.465745
-0.467047
-0.467585
-0.467451
-0.46675
-0.465607
-0.464201
-0.462728
-0.461466
-0.460816
-0.461242
-0.463195
-0.466904
-0.472225
-0.478688
-0.485609
-0.492305
-0.498237
-0.503078
-0.506704
-0.50914
-0.510444
-0.51074
-0.510175
-0.508868
-0.506971
-0.50461
-0.501931
-0.499067
-0.496164
-0.493392
-0.490895
-0.488847
-0.487397
-0.486685
-0.486821
-0.487864
-0.48979
-0.492484
-0.495724
-0.49923
-0.502676
-0.50571
-0.508023
-0.509364
-0.509575
-0.508569
-0.506385
-0.503178
-0.499199
-0.494799
-0.490385
-0.486393
-0.483239
-0.48122
-0.480556
-0.48128
-0.483281
-0.486314
-0.490101
-0.494357
-0.498869
-0.503484
-0.508086
-0.512569
-0.516836
-0.520776
-0.524296
-0.52732
-0.529784
-0.531666
-0.532975
-0.53374
-0.534001
-0.533812
-0.533221
-0.532282
-0.531034
-0.529532
-0.527837
-0.525991
-0.524044
-0.522048
-0.520044
-0.51808
-0.516191
-0.514398
-0.512715
-0.511163
-0.509736
-0.508429
-0.507194
-0.506007
-0.50481
-0.503548
-0.502171
-0.500632
-0.498944
-0.497156
-0.495411
-0.493924
-0.492936
-0.492658
-0.493194
-0.494494
-0.496374
-0.498525
-0.500652
-0.502508
-0.503948
-0.504929
-0.505494
-0.505773
-0.50588
-0.505937
-0.505969
-0.505865
-0.505421
-0.504369
-0.502408
-0.499418
-0.495492
-0.491097
-0.487044
-0.484277
-0.483552
-0.48509
-0.488506
-0.492983
-0.497636
-0.50177
-0.505
-0.50721
-0.508454
-0.50889
-0.508695
-0.508007
-0.50694
-0.505518
-0.503696
-0.501359
-0.498345
-0.494459
-0.489538
-0.483535
-0.476639
-0.469272
-0.462174
-0.456354
-0.452844
-0.452258
-0.454556
-0.458949
-0.464264
-0.469337
-0.473328
-0.475777
-0.476561
-0.475812
-0.473886
-0.471331
-0.46883
-0.467185
-0.467077
-0.468857
-0.47245
-0.477338
-0.48277
-0.488007
-0.492474
-0.495843
-0.497998
-0.498966
-0.498876
-0.497937
-0.496351
-0.494356
-0.492196
-0.490078
-0.488192
-0.486688
-0.485651
-0.485099
-0.485013
-0.485299
-0.485855
-0.486579
-0.487354
-0.488093
-0.488728
-0.4892
-0.489479
-0.489521
-0.489303
-0.48881
-0.488002
-0.486856
-0.485349
-0.483463
-0.4812
-0.47855
-0.475532
-0.472209
-0.468664
-0.465014
-0.461444
-0.458142
-0.45533
-0.453199
-0.451894
-0.451441
-0.451729
-0.452506
-0.453435
-0.454109
-0.454116
-0.453165
-0.451132
-0.448173
-0.444789
-0.441815
-0.440228
-0.440798
-0.443812
-0.448876
-0.455141
-0.461628
-0.467474
-0.472105
-0.475188
-0.476579
-0.476179
-0.473943
-0.469932
-0.464413
-0.457981
-0.451617
-0.446519
-0.443708
-0.443564
-0.445604
-0.448798
-0.452053
-0.454543
-0.455873
-0.455939
-0.454792
-0.452511
-0.449192
-0.445012
-0.440316
-0.435641
-0.431657
-0.429032
-0.428205
-0.429276
-0.431908
-0.435529
-0.439509
-0.443352
-0.446794
-0.44977
-0.452318
-0.454584
-0.456673
-0.458651
-0.460531
-0.462265
-0.463795
-0.465012
-0.465815
-0.466096
-0.465751
-0.464682
-0.46283
-0.460118
-0.456508
-0.451977
-0.446531
-0.440144
-0.432816
-0.424474
-0.415116
-0.404814
-0.393893
-0.383091
-0.373654
-0.367242
-0.365557
-0.369516
-0.378818
-0.391955
-0.406915
-0.421911
-0.435772
-0.447869
-0.458009
-0.466199
-0.472564
-0.477307
-0.480631
-0.482707
-0.483707
-0.483719
-0.4828
-0.480917
-0.477998
-0.473924
-0.468531
-0.461564
-0.452784
-0.441988
-0.429109
-0.414575
-0.399695
-0.386827
-0.378876
-0.377825
-0.383329
-0.393013
-0.404014
-0.414348
-0.423283
-0.43088
-0.437437
-0.443152
-0.448014
-0.451921
-0.454748
-0.456426
-0.457027
-0.456795
-0.456086
-0.45533
-0.454938
-0.455231
-0.456367
-0.458315
-0.460899
-0.463872
-0.466976
-0.469944
-0.472591
-0.474772
-0.476345
-0.477249
-0.477427
-0.476839
-0.475462
-0.473378
-0.470666
-0.467441
-0.46392
-0.460356
-0.457018
-0.454162
-0.452019
-0.450695
-0.45021
-0.450452
-0.451252
-0.452395
-0.453636
-0.454761
-0.455549
-0.455809
-0.455345
-0.454023
-0.451821
-0.448827
-0.445341
-0.441805
-0.438753
-0.436623
-0.435542
-0.435152
-0.434652
-0.432951
-0.429104
-0.422825
-0.415118
-0.408414
-0.405724
-0.408795
-0.416904
-0.427373
-0.437343
-0.444995
-0.449745
-0.451768
-0.451561
-0.449656
-0.446534
-0.442664
-0.438475
-0.434347
-0.430608
-0.427522
-0.425267
-0.423996
-0.423801
-0.424663
-0.426413
-0.428729
-0.431254
-0.433658
-0.435744
-0.437426
-0.438664
-0.439406
-0.439526
-0.438832
-0.437022
-0.433805
-0.428931
-0.422332
-0.414282
-0.405489
-0.397107
-0.390438
-0.38644
-0.385245
-0.386199
-0.388232
-0.390381
-0.392094
-0.393275
-0.394097
-0.394839
-0.39575
-0.396963
-0.398548
-0.400429
-0.402555
-0.40484
-0.407227
-0.409685
-0.412238
-0.4149
-0.417716
-0.420668
-0.423735
-0.426805
-0.429707
-0.432245
-0.434215
-0.435435
-0.435794
-0.435215
-0.433675
-0.431196
-0.427802
-0.423558
-0.418548
-0.412944
-0.407081
-0.401424
-0.396547
-0.392943
-0.390795
-0.389915
-0.389718
-0.389432
-0.388287
-0.385736
-0.381565
-0.376054
-0.369988
-0.364608
-0.361167
-0.360525
-0.362685
-0.36696
-0.372303
-0.377757
-0.382682
-0.386785
-0.390014
-0.392521
-0.394475
-0.396067
-0.39745
-0.3987
-0.399872
-0.400933
-0.401823
-0.402472
-0.402805
-0.40272
-0.402116
-0.40091
-0.399034
-0.396432
-0.393135
-0.389258
-0.385077
-0.380997
-0.377543
-0.375248
-0.374477
-0.37533
-0.377585
-0.380822
-0.384528
-0.388264
-0.39171
-0.394687
-0.39712
-0.399025
-0.400438
-0.401437
-0.402091
-0.402463
-0.402633
-0.402668
-0.402623
-0.402541
-0.402472
-0.402464
-0.402529
-0.402683
-0.402943
-0.40329
-0.403694
-0.404101
-0.404441
-0.404651
-0.40464
-0.404323
-0.403584
-0.402346
-0.400509
-0.397999
-0.394808
-0.390981
-0.386681
-0.382234
-0.378025
-0.374535
-0.372168
-0.37117
-0.371508
-0.372968
-0.375192
-0.377775
-0.380382
-0.382802
-0.384881
-0.386554
-0.387786
-0.388544
-0.388792
-0.388559
-0.387909
-0.38698
-0.386016
-0.385385
-0.385452
-0.386558
-0.388868
-0.392301
-0.396567
-0.401268
-0.405959
-0.410266
-0.413968
-0.416924
-0.419103
-0.420544
-0.421296
-0.421427
-0.420991
-0.420062
-0.418712
-0.417018
-0.415082
-0.413013
-0.410967
-0.409085
-0.407521
-0.406412
-0.405814
-0.405751
-0.406181
-0.407014
-0.408143
-0.409454
-0.410853
-0.412271
-0.413667
-0.415005
-0.416279
-0.417472
-0.418591
-0.419632
-0.420592
-0.421462
-0.422245
-0.422961
-0.423604
-0.424183
-0.424706
-0.425168
-0.425584
-0.425953
-0.426273
-0.426536
-0.426748
-0.426922
-0.427073
-0.427224
-0.427403
-0.427669
-0.428038
-0.42858
-0.42929
-0.4302
-0.431294
-0.432518
-0.433803
-0.435004
-0.435983
-0.436567
-0.43657
-0.435835
-0.43424
-0.431788
-0.428599
-0.425
-0.421521
-0.418799
-0.417456
-0.417865
-0.420009
-0.42349
-0.427731
-0.432112
-0.436174
-0.43961
-0.442302
-0.444256
-0.44557
-0.446419
-0.447033
-0.447647
-0.448533
-0.449887
-0.451839
-0.454405
-0.45748
-0.460891
-0.464437
-0.467899
-0.471096
-0.473869
-0.476101
-0.477696
-0.478549
-0.478579
-0.477667
-0.475675
-0.472482
-0.467976
-0.462051
-0.454732
-0.446181
-0.436827
-0.427394
-0.418925
-0.412632
-0.409588
-0.410338
-0.414635
-0.421512
-0.429717
-0.438037
-0.445619
-0.452003
-0.457036
-0.460775
-0.463323
-0.464821
-0.465411
-0.465189
-0.464243
-0.462649
-0.46045
-0.457672
-0.45437
-0.450651
-0.446656
-0.442634
-0.438922
-0.435891
-0.433909
-0.433213
-0.433825
-0.435559
-0.438067
-0.440958
-0.443883
-0.446569
-0.448867
-0.450696
-0.452048
-0.452935
-0.453404
-0.453516
-0.453355
-0.453046
-0.4527
-0.452462
-0.452446
-0.452773
-0.453516
-0.454649
-0.456101
-0.457727
-0.459346
-0.460789
-0.461858
-0.462426
-0.462363
-0.461603
-0.460102
-0.457876
-0.455003
-0.451615
-0.447927
-0.444264
-0.440987
-0.43846
-0.437006
-0.436829
-0.43793
-0.440127
-0.443124
-0.446524
-0.449886
-0.452888
-0.455262
-0.456881
-0.457727
-0.457897
-0.457591
-0.457043
-0.456476
-0.456027
-0.45568
-0.455322
-0.4547
-0.453581
-0.451899
-0.449734
-0.447429
-0.445466
-0.444323
-0.444248
-0.44514
-0.446558
-0.447961
-0.44888
-0.449075
-0.448611
-0.44778
-0.447014
-0.446672
-0.446931
-0.447719
-0.448761
-0.449638
-0.449979
-0.449478
-0.447999
-0.445578
-0.442445
-0.438967
-0.435616
-0.432861
-0.431
-0.430212
-0.430418
-0.431374
-0.432707
-0.433971
-0.434687
-0.434375
-0.432636
-0.4293
-0.424536
-0.418992
-0.413771
-0.410107
-0.408839
-0.409944
-0.41264
-0.415859
-0.418765
-0.421057
-0.422871
-0.424551
-0.426439
-0.428758
-0.431597
-0.43494
-0.438669
-0.442619
-0.446617
-0.450435
-0.453914
-0.456923
-0.459417
-0.461384
-0.462891
-0.464007
-0.464813
-0.465358
-0.465719
-0.46591
-0.465958
-0.465856
-0.465572
-0.465104
-0.464422
-0.463489
-0.462272
-0.460754
-0.458884
-0.456641
-0.454013
-0.451053
-0.447893
-0.44481
-0.442174
-0.440467
-0.440121
-0.441423
-0.444333
-0.448474
-0.45321
-0.457776
-0.461455
-0.463681
-0.464116
-0.462626
-0.45913
-0.453606
-0.445882
-0.435452
-0.421302
-0.401953
-0.376248
-0.345754
-0.318089
-0.306232
-0.318323
-0.348478
-0.382951
-0.411898
-0.432104
-0.443967
-0.44872
-0.447525
-0.441631
-0.432843
-0.423744
-0.417294
-0.415592
-0.418815
-0.42537
-0.433052
-0.440147
-0.445779
-0.449682
-0.451931
-0.452696
-0.452162
-0.450609
-0.448387
-0.445962
-0.443902
-0.442766
-0.442899
-0.444353
-0.44685
-0.449836
-0.45276
-0.455148
-0.45667
-0.457133
-0.456407
-0.454399
-0.451016
-0.446168
-0.439819
-0.432113
-0.423416
-0.414455
-0.406292
-0.400163
-0.397069
-0.397516
-0.40124
-0.407401
-0.414922
-0.422808
-0.430309
-0.436989
-0.442689
-0.447385
-0.451179
-0.454128
-0.456223
-0.457389
-0.457401
-0.455958
-0.452749
-0.447578
-0.440474
-0.431954
-0.422983
-0.414811
-0.408546
-0.404573
-0.402493
-0.401496
-0.400997
-0.400976
-0.401923
-0.404414
-0.408607
-0.414146
-0.420269
-0.426212
-0.431422
-0.435636
-0.438847
-0.441193
-0.442856
-0.443974
-0.444608
-0.44479
-0.444506
-0.44375
-0.442532
-0.440916
-0.438996
-0.436903
-0.434783
-0.432789
-0.431052
-0.429694
-0.428801
-0.428418
-0.428579
-0.429257
-0.430412
-0.432006
-0.433946
-0.436195
-0.438684
-0.441367
-0.444195
-0.447091
-0.450011
-0.452894
-0.455696
-0.458352
-0.460838
-0.463115
-0.465147
-0.466935
-0.468451
-0.469695
-0.470655
-0.471329
-0.471698
-0.47175
-0.471463
-0.470823
-0.469784
-0.468316
-0.466419
-0.46402
-0.461146
-0.457782
-0.453974
-0.449775
-0.445308
-0.440742
-0.436353
-0.432456
-0.429444
-0.427737
-0.427664
-0.429366
-0.432734
-0.437379
-0.442754
-0.448242
-0.45324
-0.457287
-0.460047
-0.461354
-0.461169
-0.459631
-0.457071
-0.454034
-0.45119
-0.449233
-0.44869
-0.449741
-0.452133
-0.455338
-0.45872
-0.461719
-0.463947
-0.465159
-0.465261
-0.464232
-0.46211
-0.458964
-0.454914
-0.450085
-0.44466
-0.438887
-0.433065
-0.427603
-0.422989
-0.41975
-0.418346
-0.419057
-0.421802
-0.426067
-0.431038
-0.435843
-0.439761
-0.442472
-0.444178
-0.445546
-0.447477
-0.45073
-0.455514
-0.461407
-0.467543
-0.472988
-0.477053
-0.479401
-0.480004
-0.479132
-0.477242
-0.474895
-0.472718
-0.471224
-0.470796
-0.471505
-0.473143
-0.475234
-0.477179
-0.478322
-0.478104
-0.476157
-0.472324
-0.466664
-0.459482
-0.451282
-0.442677
-0.434467
-0.427559
-0.422922
-0.421457
-0.42361
-0.429165
-0.437254
-0.446639
-0.456116
-0.4648
-0.472161
-0.477989
-0.482286
-0.485188
-0.486868
-0.487512
-0.487317
-0.486452
-0.485054
-0.483237
-0.481115
-0.478784
-0.476334
-0.47391
-0.471677
-0.469857
-0.468666
-0.468319
-0.468875
-0.47027
-0.472296
-0.474646
-0.476957
-0.478907
-0.480261
-0.480884
-0.480735
-0.47989
-0.478505
-0.476755
-0.474848
-0.472953
-0.471213
-0.469699
-0.468458
-0.467476
-0.466709
-0.466095
-0.465582
-0.465115
-0.464635
-0.46411
-0.463534
-0.462884
-0.462166
-0.461364
-0.460454
-0.459339
-0.457919
-0.456
-0.453363
-0.449825
-0.445286
-0.439874
-0.434061
-0.428631
-0.424584
-0.422819
-0.423689
-0.426893
-0.431603
-0.436816
-0.44173
-0.445822
-0.448863
-0.450827
-0.451787
-0.451875
-0.451245
-0.450016
-0.448324
-0.446317
-0.444101
-0.441814
-0.439578
-0.437489
-0.435647
-0.434086
-0.432817
-0.431807
-0.430996
-0.43032
-0.429687
-0.429022
-0.428261
-0.42733
-0.426172
-0.424742
-0.422999
-0.420902
-0.418421
-0.415524
-0.412191
-0.408446
-0.404315
-0.399868
-0.395222
-0.390492
-0.385845
-0.381453
-0.377467
-0.374024
-0.371229
-0.369139
-0.367794
-0.367139
-0.367124
-0.367611
-0.368465
-0.369489
-0.370532
-0.371477
-0.372254
-0.372861
-0.373326
-0.373755
-0.374238
-0.374873
-0.375722
-0.376806
-0.378117
-0.379589
-0.381123
-0.382588
-0.383841
-0.384734
-0.385139
-0.384901
-0.383938
-0.382149
-0.379523
-0.376107
-0.372088
-0.367765
-0.363528
-0.359811
-0.356933
-0.355025
-0.353981
-0.353506
-0.353328
-0.353287
-0.353459
-0.354122
-0.355616
-0.358163
-0.361756
-0.36615
-0.370939
-0.375722
-0.38021
-0.384214
-0.387669
-0.390589
-0.393052
-0.39513
-0.396878
-0.398345
-0.399572
-0.400544
-0.40125
-0.401678
-0.401791
-0.401559
-0.40095
-0.399933
-0.398478
-0.396603
-0.394305
-0.391612
-0.38858
-0.38526
-0.381766
-0.378252
-0.374897
-0.371907
-0.369489
-0.367862
-0.367226
-0.367767
-0.369646
-0.372996
-0.377776
-0.38372
-0.39033
-0.396937
-0.402851
-0.407511
-0.410481
-0.411565
-0.410777
-0.408371
-0.40485
-0.400968
-0.397559
-0.395341
-0.394603
-0.395081
-0.396108
-0.396875
-0.396745
-0.395496
-0.393292
-0.390685
-0.388428
-0.387309
-0.387955
-0.390674
-0.395457
-0.402011
-0.409854
-0.418447
-0.427237
-0.435777
-0.443658
-0.450588
-0.456325
-0.460694
-0.46355
-0.464756
-0.464261
-0.462066
-0.458396
-0.453692
-0.448689
-0.444298
-0.441388
-0.440411
-0.441226
-0.443152
-0.445321
-0.446896
-0.447326
-0.446372
-0.444007
-0.440386
-0.435733
-0.430364
-0.424622
-0.418911
-0.413638
-0.409253
-0.40614
-0.404586
-0.404744
-0.406614
-0.410015
-0.414651
-0.420171
-0.426182
-0.43232
-0.438298
-0.443899
-0.44895
-0.453333
-0.456956
-0.45975
-0.461635
-0.462528
-0.462339
-0.460952
-0.458267
-0.454282
-0.449049
-0.442826
-0.436085
-0.429466
-0.423676
-0.419317
-0.416661
-0.415615
-0.415901
-0.417135
-0.419023
-0.421333
-0.423874
-0.426424
-0.428759
-0.430635
-0.431848
-0.432251
-0.431777
-0.430441
-0.428289
-0.425397
-0.42188
-0.417841
-0.413383
-0.408661
-0.403832
-0.399159
-0.394975
-0.391716
-0.389774
-0.389397
-0.390519
-0.392756
-0.395519
-0.398164
-0.400167
-0.401201
-0.401172
-0.400206
-0.398609
-0.396872
-0.395502
-0.395008
-0.395673
-0.397534
-0.400364
-0.403766
-0.407287
-0.410515
-0.41318
-0.415091
-0.416175
-0.416432
-0.415933
-0.414811
-0.413233
-0.411446
-0.409737
-0.408423
-0.407793
-0.408041
-0.409207
-0.411199
-0.413812
-0.416766
-0.419786
-0.422633
-0.425117
-0.427075
-0.428392
-0.428945
-0.428618
-0.427277
-0.424876
-0.421481
-0.417385
-0.413197
-0.409747
-0.407865
-0.40811
-0.410416
-0.414147
-0.418366
-0.422147
-0.424866
-0.426197
-0.426058
-0.424493
-0.421583
-0.41747
-0.412301
-0.406294
-0.399794
-0.393248
-0.387182
-0.382168
-0.378607
-0.376728
-0.37648
-0.377605
-0.379831
-0.382923
-0.386843
-0.391671
-0.397533
-0.404397
-0.412057
-0.420119
-0.428113
-0.43562
-0.442357
-0.448115
-0.452825
-0.45644
-0.458972
-0.460453
-0.460912
-0.460432
-0.459105
-0.45708
-0.454571
-0.451837
-0.449134
-0.446734
-0.444832
-0.443524
-0.442765
-0.442433
-0.442329
-0.442227
-0.441923
-0.441228
-0.439988
-0.438063
-0.435378
-0.431954
-0.427916
-0.423597
-0.419513
-0.416299
-0.414509
-0.414415
-0.415899
-0.418496
-0.421557
-0.424489
-0.42691
-0.428657
-0.429758
-0.430369
-0.430692
-0.430889
-0.431118
-0.43146
-0.431932
-0.432483
-0.433045
-0.433533
-0.433873
-0.43398
-0.433786
-0.433236
-0.432301
-0.430964
-0.429233
-0.427191
-0.424985
-0.422805
-0.420888
-0.419455
-0.41866
-0.418486
-0.418798
-0.419321
-0.419719
-0.419651
-0.418846
-0.417038
-0.414167
-0.410294
-0.405756
-0.401126
-0.397163
-0.3946
-0.393901
-0.395142
-0.39809
-0.402315
-0.40732
-0.41257
-0.417507
-0.421563
-0.424214
-0.425067
-0.423878
-0.420557
-0.415216
-0.40819
-0.400136
-0.39197
-0.384719
-0.379262
-0.376128
-0.375447
-0.377085
-0.380823
-0.386305
-0.393023
-0.400244
-0.407155
-0.413074
-0.417625
-0.420745
-0.422629
-0.423664
-0.424292
-0.424912
-0.4258
-0.427077
-0.428714
-0.43059
-0.43255
-0.434427
-0.436117
-0.437541
-0.43866
-0.439486
-0.440024
-0.440294
-0.440294
-0.440027
-0.43945
-0.438481
-0.437032
-0.434933
-0.432003
-0.428008
-0.422753
-0.416122
-0.408221
-0.399506
-0.390887
-0.383601
-0.378789
-0.376975
-0.377788
-0.380183
-0.382982
-0.385319
-0.386778
-0.387353
-0.387207
-0.38653
-0.385485
-0.384187
-0.382769
-0.381359
-0.380147
-0.379378
-0.379317
-0.380221
-0.382283
-0.385597
-0.390098
-0.395539
-0.401532
-0.407593
-0.413281
-0.418239
-0.422291
-0.42542
-0.42775
-0.429468
-0.430774
-0.431808
-0.432666
-0.433418
-0.434129
-0.434859
-0.435631
-0.43647
-0.437349
-0.438234
-0.43905
-0.43977
-0.44035
-0.440796
-0.441137
-0.441415
-0.441648
-0.441832
-0.441888
-0.441713
-0.441168
-0.440113
-0.438445
-0.436118
-0.433159
-0.42965
-0.425734
-0.421634
-0.417521
-0.413599
-0.410008
-0.406833
-0.404103
-0.401836
-0.39999
-0.398546
-0.397449
-0.396634
-0.396035
-0.395591
-0.395267
-0.395067
-0.395033
-0.395235
-0.395706
-0.396494
-0.3976
-0.398975
-0.400561
-0.402278
-0.404077
-0.40589
-0.407694
-0.409491
-0.411259
-0.412943
-0.414435
-0.415625
-0.416402
-0.41663
-0.416196
-0.415073
-0.413272
-0.410866
-0.407982
-0.404799
-0.401493
-0.398252
-0.39523
-0.392539
-0.390254
-0.388411
-0.387011
-0.385993
-0.38528
-0.384743
-0.384246
-0.38366
-0.382928
-0.381982
-0.380779
-0.379223
-0.37717
-0.374437
-0.370906
-0.366646
-0.361999
-0.357612
-0.354277
-0.352651
-0.352925
-0.354792
-0.35757
-0.360563
-0.36328
-0.36558
-0.367537
-0.369382
-0.371314
-0.373492
-0.375951
-0.378618
-0.38137
-0.384048
-0.386513
-0.388642
-0.390355
-0.391617
-0.392423
-0.392814
-0.392825
-0.392531
-0.39199
-0.391287
-0.390482
-0.389623
-0.388755
-0.387905
-0.387102
-0.386347
-0.385644
-0.384985
-0.38438
-0.383828
-0.383303
-0.382829
-0.382355
-0.381824
-0.381144
-0.380172
-0.378754
-0.376743
-0.374053
-0.370686
-0.366821
-0.362844
-0.359253
-0.356541
-0.354999
-0.354539
-0.354772
-0.355117
-0.355048
-0.354277
-0.352847
-0.351164
-0.349872
-0.349691
-0.351168
-0.354514
-0.35951
-0.365615
-0.372154
-0.378499
-0.384222
-0.389104
-0.393039
-0.396077
-0.398304
-0.399846
-0.400802
-0.401256
-0.40127
-0.400863
-0.400043
-0.398757
-0.396975
-0.394624
-0.391657
-0.388078
-0.383937
-0.37939
-0.374637
-0.36999
-0.36577
-0.362333
-0.359955
-0.358871
-0.359212
-0.360979
-0.3641
-0.368336
-0.373402
-0.378963
-0.384616
-0.39005
-0.394988
-0.39923
-0.402623
-0.405052
-0.406454
-0.406756
-0.405899
-0.403804
-0.400429
-0.395711
-0.389608
-0.38215
-0.373476
-0.363971
-0.35436
-0.345796
-0.339639
-0.337121
-0.338708
-0.343911
-0.351479
-0.359959
-0.368191
-0.375426
-0.381339
-0.385882
-0.389156
-0.391304
-0.392517
-0.392992
-0.392887
-0.392329
-0.391406
-0.390174
-0.388605
-0.386603
-0.384071
-0.380874
-0.376933
-0.372278
-0.367138
-0.362039
-0.357724
-0.35496
-0.354199
-0.355378
-0.357856
-0.360711
-0.363081
-0.36441
-0.364598
-0.363895
-0.362862
-0.362157
-0.362318
-0.363641
-0.3661
-0.369383
-0.373067
-0.376728
-0.380042
-0.382827
-0.385024
-0.386635
-0.387712
-0.388322
-0.388515
-0.388308
-0.38774
-0.386791
-0.385442
-0.383678
-0.381459
-0.378772
-0.375631
-0.372097
-0.368309
-0.364479
-0.360922
-0.358025
-0.356221
-0.355865
-0.357115
-0.359953
-0.364117
-0.369191
-0.374701
-0.380208
-0.385383
-0.389976
-0.393882
-0.397038
-0.399428
-0.401107
-0.402122
-0.402518
-0.402356
-0.401697
-0.400598
-0.399113
-0.397295
-0.39525
-0.393061
-0.390826
-0.388695
-0.386838
-0.385386
-0.384521
-0.384372
-0.385053
-0.386576
-0.388907
-0.391889
-0.395297
-0.398876
-0.402341
-0.405432
-0.40793
-0.409647
-0.410488
-0.410389
-0.409442
-0.407771
-0.405571
-0.403104
-0.400625
-0.398366
-0.396507
-0.395168
-0.394404
-0.394238
-0.394618
-0.395536
-0.396937
-0.398752
-0.400846
